{"a":[{"p":[-102.72637176513672,1018.7186889648438,-300.19891357421877,-0.08111365139484406,0,-0.9967048764228821,0,1,0,0.9967048764228821,0,-0.08111365139484406]},{"p":[-102.72637176513672,1018.7186889648438,-300.19891357421877,-0.08111365139484406,0,-0.9967048764228821,0,1,0,0.9967048764228821,0,-0.08111365139484406]},{"p":[-102.72637176513672,1018.7186889648438,-300.19891357421877,-0.08111365139484406,0,-0.9967048764228821,0,1,0,0.9967048764228821,0,-0.08111365139484406]},{"p":[-102.72637176513672,1018.7186889648438,-300.19891357421877,-0.08111365139484406,0,-0.9967048764228821,0,1,0,0.9967048764228821,0,-0.08111365139484406]},{"p":[-102.72637176513672,1018.7186889648438,-300.19891357421877,-0.08111365139484406,0,-0.9967048764228821,0,1,0,0.9967048764228821,0,-0.08111365139484406]},{"p":[-102.72637176513672,1018.7186889648438,-300.19891357421877,-0.08111365139484406,0,-0.9967048764228821,0,1,0,0.9967048764228821,0,-0.08111365139484406]},{"p":[-102.72637176513672,1018.7186889648438,-300.19891357421877,-0.08111365139484406,0,-0.9967048764228821,0,1,0,0.9967048764228821,0,-0.08111365139484406]},{"p":[-102.72637176513672,1018.7186889648438,-300.19891357421877,-0.08111365139484406,0,-0.9967048764228821,0,1,0,0.9967048764228821,0,-0.08111365139484406]},{"p":[-102.72637176513672,1018.7186889648438,-300.19891357421877,-0.08111365139484406,0,-0.9967048764228821,0,1,0,0.9967048764228821,0,-0.08111365139484406]},{"p":[-102.72637176513672,1018.7186889648438,-300.19891357421877,-0.08111365139484406,0,-0.9967048764228821,0,1,0,0.9967048764228821,0,-0.08111365139484406]},{"p":[-102.72637176513672,1018.7186889648438,-300.19891357421877,-0.08111365139484406,0,-0.9967048764228821,0,1,0,0.9967048764228821,0,-0.08111365139484406]},{"p":[-102.72637176513672,1018.7186889648438,-300.19891357421877,-0.08111365139484406,0,-0.9967048764228821,0,1,0,0.9967048764228821,0,-0.08111365139484406]},{"p":[-102.72637176513672,1018.7186889648438,-300.19891357421877,-0.08111365139484406,0,-0.9967048764228821,0,1,0,0.9967048764228821,0,-0.08111365139484406]},{"p":[-102.72637176513672,1018.7186889648438,-300.19891357421877,-0.08111365139484406,0,-0.9967048764228821,0,1,0,0.9967048764228821,0,-0.08111365139484406]},{"p":[-102.72637176513672,1018.7186889648438,-300.19891357421877,-0.08111365139484406,0,-0.9967048764228821,0,1,0,0.9967048764228821,0,-0.08111365139484406]},{"p":[-102.72637176513672,1018.7186889648438,-300.19891357421877,-0.08111365139484406,0,-0.9967048764228821,0,1,0,0.9967048764228821,0,-0.08111365139484406]},{"p":[-102.72637176513672,1018.7186889648438,-300.19891357421877,-0.08111365139484406,0,-0.9967048764228821,0,1,0,0.9967048764228821,0,-0.08111365139484406]},{"p":[-102.72637176513672,1018.7186889648438,-300.19891357421877,-0.08111365139484406,0,-0.9967048764228821,0,1,0,0.9967048764228821,0,-0.08111365139484406]},{"p":[-102.72637176513672,1018.7186889648438,-300.19891357421877,-0.08111365139484406,0,-0.9967048764228821,0,1,0,0.9967048764228821,0,-0.08111365139484406]},{"p":[-102.72637176513672,1018.7186889648438,-300.19891357421877,-0.08111365139484406,0,-0.9967048764228821,0,1,0,0.9967048764228821,0,-0.08111365139484406]},{"p":[-102.72637176513672,1018.7186889648438,-300.19891357421877,-0.08111365139484406,0,-0.9967048764228821,0,1,0,0.9967048764228821,0,-0.08111365139484406]},{"p":[-102.72637176513672,1018.7186889648438,-300.19891357421877,-0.08111365139484406,0,-0.9967048764228821,0,1,0,0.9967048764228821,0,-0.08111365139484406]},{"p":[-102.72637176513672,1018.7186889648438,-300.19891357421877,-0.08111365139484406,0,-0.9967048764228821,0,1,0,0.9967048764228821,0,-0.08111365139484406]},{"p":[-102.72637176513672,1018.7186889648438,-300.19891357421877,-0.08111365139484406,0,-0.9967048764228821,0,1,0,0.9967048764228821,0,-0.08111365139484406]},{"p":[-102.72637176513672,1018.7186889648438,-300.19891357421877,-0.08111365139484406,0,-0.9967048764228821,0,1,0,0.9967048764228821,0,-0.08111365139484406]},{"p":[-102.72637176513672,1018.7186889648438,-300.19891357421877,-0.08111365139484406,0,-0.9967048764228821,0,1,0,0.9967048764228821,0,-0.08111365139484406]},{"p":[-102.72637176513672,1018.7186889648438,-300.19891357421877,-0.08111365139484406,0,-0.9967048764228821,0,1,0,0.9967048764228821,0,-0.08111365139484406]},{"p":[-102.72637176513672,1018.7186889648438,-300.19891357421877,-0.08111365139484406,0,-0.9967048764228821,0,1,0,0.9967048764228821,0,-0.08111365139484406]},{"p":[-102.72637176513672,1018.7186889648438,-300.19891357421877,-0.08111365139484406,0,-0.9967048764228821,0,1,0,0.9967048764228821,0,-0.08111365139484406]},{"p":[-102.72637176513672,1018.7186889648438,-300.19891357421877,-0.08111365139484406,0,-0.9967048764228821,0,1,0,0.9967048764228821,0,-0.08111365139484406]},{"p":[-102.72637176513672,1018.7186889648438,-300.19891357421877,-0.08111365139484406,0,-0.9967048764228821,0,1,0,0.9967048764228821,0,-0.08111365139484406]},{"p":[-102.72637176513672,1018.7186889648438,-300.19891357421877,-0.08111365139484406,0,-0.9967048764228821,0,1,0,0.9967048764228821,0,-0.08111365139484406]},{"p":[-102.72637176513672,1018.7186889648438,-300.19891357421877,-0.08111365139484406,0,-0.9967048764228821,0,1,0,0.9967048764228821,0,-0.08111365139484406]},{"p":[-102.72637176513672,1018.7186889648438,-300.19891357421877,-0.08111365139484406,0,-0.9967048764228821,0,1,0,0.9967048764228821,0,-0.08111365139484406]},{"p":[-102.6265640258789,1018.7186889648438,-300.15386962890627,-0.12213000655174256,0,-0.9925141334533691,0,1,0,0.9925141334533691,0,-0.12213000655174256]},{"p":[-102.41134643554688,1018.7186889648438,-300.04241943359377,-0.16928358376026154,0,-0.9855673909187317,0,1,0,0.9855673909187317,0,-0.16928358376026154]},{"p":[-102.0638198852539,1018.7186889648438,-299.8453674316406,-0.23745660483837129,0,-0.9713981747627258,0,1,0,0.9713981747627258,0,-0.23745660483837129]},{"p":[-101.94994354248047,1018.7186889648438,-299.7760314941406,-0.25798019766807558,0,-0.9661502242088318,0,1,0,0.9661502242088318,0,-0.25798019766807558]},{"p":[-101.7247543334961,1018.7186889648438,-299.6332092285156,-0.29728493094444277,0,-0.9547888040542603,0,1,0,0.9547888040542603,0,-0.29728493094444277]},{"p":[-101.5001449584961,1018.7186889648438,-299.4894714355469,-0.33162152767181399,0,-0.9434124827384949,0,1,0,0.9434124827384949,0,-0.33162152767181399]},{"p":[-101.2762680053711,1018.7186889648438,-299.3446044921875,-0.36160266399383547,0,-0.9323322772979736,0,1,0,0.9323322772979736,0,-0.36160266399383547]},{"p":[-101.0529556274414,1018.7186889648438,-299.1988525390625,-0.38772013783454897,0,-0.9217771291732788,0,1,0,0.9217771291732788,0,-0.38772013783454897]},{"p":[-100.83047485351563,1018.7186889648438,-299.05181884765627,-0.41075387597084048,0,-0.9117462635040283,0,1,0,0.9117462635040283,0,-0.41075387597084048]},{"p":[-100.60922241210938,1018.7186889648438,-298.9029541015625,-0.4314577281475067,0,-0.9021331667900086,0,1,0,0.9021331667900086,0,-0.4314577281475067]},{"p":[-100.38941955566406,1018.7186889648438,-298.751953125,-0.45034435391426089,0,-0.8928549289703369,0,1,0,0.8928549289703369,0,-0.45034435391426089]},{"p":[-100.16969299316406,1019.591796875,-298.600830078125,-0.46891140937805178,0,-0.8832452297210693,0,1,0,0.8832452297210693,0,-0.46891140937805178]},{"p":[-99.89812469482422,1020.6107788085938,-298.4075622558594,-0.4892279803752899,0,-0.8721559643745422,0,1,0,0.8721559643745422,0,-0.4892279803752899]},{"p":[-99.68218994140625,1021.3646850585938,-298.2510681152344,-0.5033819079399109,0,-0.8640640377998352,0,1,0,0.8640640377998352,0,-0.5033819079399109]},{"p":[-99.5209732055664,1021.8943481445313,-298.1326599121094,-0.5129841566085815,0,-0.8583980798721314,0,1,0,0.8583980798721314,0,-0.5129841566085815]},{"p":[-99.30669403076172,1022.5528564453125,-297.97393798828127,-0.5246678590774536,0,-0.8513070344924927,0,1,0,0.8513070344924927,0,-0.5246678590774536]},{"p":[-99.03948211669922,1023.2993774414063,-297.774658203125,-0.5376378297805786,0,-0.8431758880615234,0,1,0,0.8431758880615234,0,-0.5376378297805786]},{"p":[-98.82616424560547,1023.8352661132813,-297.6146240234375,-0.5466504693031311,0,-0.8373609185218811,0,1,0,0.8373609185218811,0,-0.5466504693031311]},{"p":[-98.66641998291016,1024.2015380859376,-297.4942626953125,-0.5526175498962402,0,-0.8334349989891052,0,1,0,0.8334349989891052,0,-0.5526175498962402]},{"p":[-98.45376586914063,1024.64208984375,-297.3333435058594,-0.5597919225692749,0,-0.8286332488059998,0,1,0,0.8286332488059998,0,-0.5597919225692749]},{"p":[-98.18831634521485,1025.1162109375,-297.1316833496094,-0.5677290558815002,0,-0.8232154846191406,0,1,0,0.8232154846191406,0,-0.5677290558815002]},{"p":[-98.0291748046875,1025.3597412109376,-297.01055908203127,-0.5718743801116943,0,-0.8203412294387817,0,1,0,0.8203412294387817,0,-0.5718743801116943]},{"p":[-97.81710052490235,1025.6365966796876,-296.848876953125,-0.5767393112182617,0,-0.8169282674789429,0,1,0,0.8169282674789429,0,-0.5767393112182617]},{"p":[-97.60514831542969,1025.8592529296876,-296.6870422363281,-0.581013023853302,0,-0.8138942718505859,0,1,0,0.8138942718505859,0,-0.581013023853302]},{"p":[-97.39328002929688,1026.0272216796876,-296.52508544921877,-0.5847344994544983,0,-0.8112247586250305,0,1,0,0.8112247586250305,0,-0.5847344994544983]},{"p":[-97.12846374511719,1026.16064453125,-296.3226013183594,-0.5887055397033691,0,-0.8083475828170776,0,1,0,0.8083475828170776,0,-0.5887055397033691]},{"p":[-96.9696044921875,1026.1998291015626,-296.20111083984377,-0.590753436088562,0,-0.8068521618843079,0,1,0,0.8068521618843079,0,-0.590753436088562]},{"p":[-96.70492553710938,1026.19677734375,-295.99847412109377,-0.5937355756759644,0,-0.8046602010726929,0,1,0,0.8046602010726929,0,-0.5937355756759644]},{"p":[-96.49324798583985,1026.13330078125,-295.8362731933594,-0.5957913398742676,0,-0.8031392693519592,0,1,0,0.8031392693519592,0,-0.5957913398742676]},{"p":[-96.33453369140625,1026.0498046875,-295.714599609375,-0.5971477627754211,0,-0.8021312355995178,0,1,0,0.8021312355995178,0,-0.5971477627754211]},{"p":[-96.1229248046875,1025.8907470703126,-295.5523681640625,-0.5987439155578613,0,-0.8009405136108398,0,1,0,0.8009405136108398,0,-0.5987439155578613]},{"p":[-95.91131591796875,1025.6773681640626,-295.39013671875,-0.6001270413398743,0,-0.7999047040939331,0,1,0,0.7999047040939331,0,-0.6001270413398743]},{"p":[-95.64680480957031,1025.333740234375,-295.1873474121094,-0.6016000509262085,0,-0.7987974286079407,0,1,0,0.7987974286079407,0,-0.6016000509262085]},{"p":[-95.49991607666016,1025.0869140625,-295.07470703125,-0.6019186973571777,0,-0.7985574007034302,0,1,0,0.7985574007034302,0,-0.6019186973571777]},{"p":[-95.33164978027344,1024.7099609375,-294.9456787109375,-0.6019883155822754,0,-0.7985048890113831,0,1,0,0.7985048890113831,0,-0.6019883155822754]},{"p":[-95.19490051269531,1024.2783203125,-294.8408203125,-0.6019963622093201,0,-0.798498809337616,0,1,0,0.798498809337616,0,-0.6019963622093201]},{"p":[-95.06829833984375,1023.662353515625,-294.7437438964844,-0.6019973754882813,0,-0.7984980940818787,0,1,0,0.7984980940818787,0,-0.6019973754882813]},{"p":[-95.01597595214844,1023.2518310546875,-294.70361328125,-0.601997435092926,0,-0.7984980344772339,0,1,0,0.7984980344772339,0,-0.601997435092926]},{"p":[-94.97379302978516,1022.6568603515625,-294.6712646484375,-0.601997435092926,0,-0.7984980344772339,0,1,0,0.7984980344772339,0,-0.601997435092926]},{"p":[-94.96220397949219,1022.0073852539063,-294.6623840332031,-0.601997435092926,0,-0.7984980344772339,0,1,0,0.7984980344772339,0,-0.601997435092926]},{"p":[-94.96183013916016,1021.3034057617188,-294.662109375,-0.601997435092926,0,-0.7984980344772339,0,1,0,0.7984980344772339,0,-0.601997435092926]},{"p":[-94.96182250976563,1020.544921875,-294.662109375,-0.601997435092926,0,-0.7984980344772339,0,1,0,0.7984980344772339,0,-0.601997435092926]},{"p":[-94.96182250976563,1019.73193359375,-294.662109375,-0.601997435092926,0,-0.7984980344772339,0,1,0,0.7984980344772339,0,-0.601997435092926]},{"p":[-94.96182250976563,1018.864501953125,-294.662109375,-0.601997435092926,0,-0.7984980344772339,0,1,0,0.7984980344772339,0,-0.601997435092926]},{"p":[-94.96182250976563,1017.9425048828125,-294.662109375,-0.601997435092926,0,-0.7984980344772339,0,1,0,0.7984980344772339,0,-0.601997435092926]},{"p":[-94.96182250976563,1016.8316650390625,-294.662109375,-0.601997435092926,0,-0.7984980344772339,0,1,0,0.7984980344772339,0,-0.601997435092926]},{"p":[-94.96182250976563,1016.7415161132813,-294.662109375,-0.601997435092926,0,-0.7984980344772339,0,1,0,0.7984980344772339,0,-0.601997435092926]},{"p":[-94.96182250976563,1016.8131103515625,-294.662109375,-0.601997435092926,0,-0.7984980344772339,0,1,0,0.7984980344772339,0,-0.601997435092926]},{"p":[-94.96182250976563,1016.8828125,-294.662109375,-0.601997435092926,0,-0.7984980344772339,0,1,0,0.7984980344772339,0,-0.601997435092926]},{"p":[-94.96182250976563,1016.9329833984375,-294.662109375,-0.601997435092926,0,-0.7984980344772339,0,1,0,0.7984980344772339,0,-0.601997435092926]},{"p":[-94.88728332519531,1016.9530029296875,-294.55712890625,-0.6243424415588379,0,-0.781150758266449,0,1,0,0.781150758266449,0,-0.6243424415588379]},{"p":[-94.76802062988281,1017.8261108398438,-294.38916015625,-0.6522051095962524,0,-0.758042573928833,0,1,0,0.758042573928833,0,-0.6522051095962524]},{"p":[-94.63048553466797,1018.6481323242188,-294.20440673828127,-0.6740044355392456,0,-0.7387272715568543,0,1,0,0.7387272715568543,0,-0.6740044355392456]},{"p":[-94.46862030029297,1019.4156494140625,-293.99847412109377,-0.6909924149513245,0,-0.7228620052337647,0,1,0,0.7228620052337647,0,-0.6909924149513245]},{"p":[-94.30242919921875,1020.128662109375,-293.7900695800781,-0.7047415971755981,0,-0.7094640731811523,0,1,0,0.7094640731811523,0,-0.7047415971755981]},{"p":[-94.13574981689453,1020.7871704101563,-293.5819091796875,-0.7160780429840088,0,-0.6980202198028565,0,1,0,0.6980202198028565,0,-0.7160780429840088]},{"p":[-93.96846771240235,1021.3911743164063,-293.3742370605469,-0.7253996729850769,0,-0.6883279085159302,0,1,0,0.6883279085159302,0,-0.7253996729850769]},{"p":[-93.80070495605469,1021.9407348632813,-293.16693115234377,-0.7330662608146668,0,-0.6801572442054749,0,1,0,0.6801572442054749,0,-0.7330662608146668]},{"p":[-93.63214111328125,1022.435791015625,-292.9602966308594,-0.7392409443855286,0,-0.6734410524368286,0,1,0,0.6734410524368286,0,-0.7392409443855286]},{"p":[-93.46277618408203,1022.8762817382813,-292.7543029785156,-0.7441336512565613,0,-0.6680307984352112,0,1,0,0.6680307984352112,0,-0.7441336512565613]},{"p":[-93.29273223876953,1023.2622680664063,-292.54888916015627,-0.7479822635650635,0,-0.6637187600135803,0,1,0,0.6637187600135803,0,-0.7479822635650635]},{"p":[-93.12214660644531,1023.5938110351563,-292.3439025878906,-0.7510082721710205,0,-0.6602928042411804,0,1,0,0.6602928042411804,0,-0.7510082721710205]},{"p":[-92.95098876953125,1023.870849609375,-292.139404296875,-0.753337562084198,0,-0.6576340198516846,0,1,0,0.6576340198516846,0,-0.753337562084198]},{"p":[-92.77926635742188,1024.0933837890626,-291.9353942871094,-0.755073606967926,0,-0.6556400656700134,0,1,0,0.6556400656700134,0,-0.755073606967926]},{"p":[-92.60630798339844,1024.261474609375,-291.732421875,-0.756071150302887,0,-0.6544894576072693,0,1,0,0.6544894576072693,0,-0.756071150302887]},{"p":[-92.43217468261719,1024.3751220703126,-291.5304870605469,-0.7563925385475159,0,-0.654118001461029,0,1,0,0.654118001461029,0,-0.7563925385475159]},{"p":[-92.25753784179688,1024.4342041015626,-291.32891845703127,-0.7563682198524475,0,-0.654146134853363,0,1,0,0.654146134853363,0,-0.7563682198524475]},{"p":[-92.08194732666016,1024.4385986328126,-291.12823486328127,-0.7559514045715332,0,-0.6546277403831482,0,1,0,0.6546277403831482,0,-0.7559514045715332]},{"p":[-91.90619659423828,1024.388671875,-290.92767333984377,-0.755439817905426,0,-0.6552180647850037,0,1,0,0.6552180647850037,0,-0.755439817905426]},{"p":[-91.72826385498047,1024.2841796875,-290.72906494140627,-0.7541975378990173,0,-0.6566476225852966,0,1,0,0.6566476225852966,0,-0.7541975378990173]},{"p":[-91.54967498779297,1024.1253662109376,-290.5310363769531,-0.7526748180389404,0,-0.6583924889564514,0,1,0,0.6583924889564514,0,-0.7526748180389404]},{"p":[-91.37027740478516,1023.9119873046875,-290.333740234375,-0.7509890794754028,0,-0.6603146195411682,0,1,0,0.6603146195411682,0,-0.7509890794754028]},{"p":[-91.19003295898438,1023.6439819335938,-290.1372375488281,-0.749138355255127,0,-0.6624135971069336,0,1,0,0.6624135971069336,0,-0.749138355255127]},{"p":[-91.0083236694336,1023.3214721679688,-289.9420471191406,-0.7469117641448975,0,-0.6649231314659119,0,1,0,0.6649231314659119,0,-0.7469117641448975]},{"p":[-90.82566833496094,1022.9445190429688,-289.74774169921877,-0.7444889545440674,0,-0.6676347851753235,0,1,0,0.6676347851753235,0,-0.7444889545440674]},{"p":[-90.64175415039063,1022.5130615234375,-289.55462646484377,-0.7418157458305359,0,-0.6706037521362305,0,1,0,0.6706037521362305,0,-0.7418157458305359]},{"p":[-90.4569091796875,1022.027099609375,-289.3624267578125,-0.7390135526657105,0,-0.6736905574798584,0,1,0,0.6736905574798584,0,-0.7390135526657105]},{"p":[-90.27085876464844,1021.486572265625,-289.17138671875,-0.7360272407531738,0,-0.6769518852233887,0,1,0,0.6769518852233887,0,-0.7360272407531738]},{"p":[-90.08348846435547,1020.8916015625,-288.9816589355469,-0.7328041195869446,0,-0.6804396510124207,0,1,0,0.6804396510124207,0,-0.7328041195869446]},{"p":[-89.8952865600586,1020.2421264648438,-288.792724609375,-0.7295408248901367,0,-0.6839373111724854,0,1,0,0.6839373111724854,0,-0.7295408248901367]},{"p":[-89.70641326904297,1019.5381469726563,-288.6044921875,-0.7263560891151428,0,-0.6873185634613037,0,1,0,0.6873185634613037,0,-0.7263560891151428]},{"p":[-89.51648712158203,1018.7796630859375,-288.41729736328127,-0.7231078743934631,0,-0.6907351016998291,0,1,0,0.6907351016998291,0,-0.7231078743934631]},{"p":[-89.3262939453125,1017.9666748046875,-288.2303771972656,-0.7200722694396973,0,-0.6938990354537964,0,1,0,0.6938990354537964,0,-0.7200722694396973]},{"p":[-89.13557434082031,1017.0992431640625,-288.04400634765627,-0.7171986103057861,0,-0.6968688368797302,0,1,0,0.6968688368797302,0,-0.7171986103057861]},{"p":[-88.94414520263672,1016.17724609375,-287.8583679199219,-0.7143710851669312,0,-0.6997671127319336,0,1,0,0.6997671127319336,0,-0.7143710851669312]},{"p":[-88.75261688232422,1015.2007446289063,-287.6728210449219,-0.711804986000061,0,-0.7023771405220032,0,1,0,0.7023771405220032,0,-0.711804986000061]},{"p":[-88.56407165527344,1014.1697387695313,-287.4901428222656,-0.7095721364021301,0,-0.7046328186988831,0,1,0,0.7046328186988831,0,-0.7095721364021301]},{"p":[-88.46845245361328,1013.9520263671875,-287.3974914550781,-0.708903431892395,0,-0.7053055763244629,0,1,0,0.7053055763244629,0,-0.708903431892395]},{"p":[-88.46255493164063,1014.0381469726563,-287.39178466796877,-0.7088260650634766,0,-0.70538330078125,0,1,0,0.70538330078125,0,-0.7088260650634766]},{"p":[-88.46243286132813,1014.116455078125,-287.3916931152344,-0.7088171243667603,0,-0.7053923010826111,0,1,0,0.7053923010826111,0,-0.7088171243667603]},{"p":[-88.46243286132813,1014.16455078125,-287.3916931152344,-0.7088160514831543,0,-0.705393373966217,0,1,0,0.705393373966217,0,-0.7088160514831543]},{"p":[-88.46243286132813,1014.1917114257813,-287.3916931152344,-0.7088159322738648,0,-0.7053934931755066,0,1,0,0.7053934931755066,0,-0.7088159322738648]},{"p":[-88.46243286132813,1014.2066650390625,-287.3916931152344,-0.7088159322738648,0,-0.7053934931755066,0,1,0,0.7053934931755066,0,-0.7088159322738648]},{"p":[-88.46243286132813,1014.2147827148438,-287.3916931152344,-0.7088159322738648,0,-0.7053934931755066,0,1,0,0.7053934931755066,0,-0.7088159322738648]},{"p":[-88.46243286132813,1014.21923828125,-287.3916931152344,-0.7088159322738648,0,-0.7053934931755066,0,1,0,0.7053934931755066,0,-0.7088159322738648]},{"p":[-88.46243286132813,1014.2216796875,-287.3916931152344,-0.7088159322738648,0,-0.7053934931755066,0,1,0,0.7053934931755066,0,-0.7088159322738648]},{"p":[-88.46243286132813,1014.2230224609375,-287.3916931152344,-0.7088159322738648,0,-0.7053934931755066,0,1,0,0.7053934931755066,0,-0.7088159322738648]},{"p":[-88.46243286132813,1014.2236328125,-287.3916931152344,-0.7088159322738648,0,-0.7053934931755066,0,1,0,0.7053934931755066,0,-0.7088159322738648]},{"p":[-88.46243286132813,1014.22412109375,-287.3916931152344,-0.7088159322738648,0,-0.7053934931755066,0,1,0,0.7053934931755066,0,-0.7088159322738648]},{"p":[-88.46243286132813,1014.224365234375,-287.3916931152344,-0.7088159322738648,0,-0.7053934931755066,0,1,0,0.7053934931755066,0,-0.7088159322738648]},{"p":[-88.46243286132813,1014.224365234375,-287.3916931152344,-0.7088159322738648,0,-0.7053934931755066,0,1,0,0.7053934931755066,0,-0.7088159322738648]},{"p":[-88.46243286132813,1014.224365234375,-287.3916931152344,-0.7088159322738648,0,-0.7053934931755066,0,1,0,0.7053934931755066,0,-0.7088159322738648]},{"p":[-88.46243286132813,1014.224365234375,-287.3916931152344,-0.7088159322738648,0,-0.7053934931755066,0,1,0,0.7053934931755066,0,-0.7088159322738648]},{"p":[-88.46243286132813,1014.224365234375,-287.3916931152344,-0.7088159322738648,0,-0.7053934931755066,0,1,0,0.7053934931755066,0,-0.7088159322738648]},{"p":[-88.46243286132813,1014.224365234375,-287.3916931152344,-0.7088159322738648,0,-0.7053934931755066,0,1,0,0.7053934931755066,0,-0.7088159322738648]},{"p":[-88.46243286132813,1015.0974731445313,-287.3916931152344,-0.7088159322738648,0,-0.7053934931755066,0,1,0,0.7053934931755066,0,-0.7088159322738648]},{"p":[-88.44512939453125,1016.116455078125,-287.3587341308594,-0.7343660593032837,0,-0.6787536144256592,0,1,0,0.6787536144256592,0,-0.7343660593032837]},{"p":[-88.42135620117188,1016.68701171875,-287.3123474121094,-0.7534868121147156,0,-0.6574629545211792,0,1,0,0.6574629545211792,0,-0.7534868121147156]},{"p":[-88.37545013427735,1017.4000244140625,-287.2187805175781,-0.7782442569732666,0,-0.6279616951942444,0,1,0,0.6279616951942444,0,-0.7782442569732666]},{"p":[-88.31421661376953,1018.0585327148438,-287.08856201171877,-0.8004447221755981,0,-0.5994065403938294,0,1,0,0.5994065403938294,0,-0.8004447221755981]},{"p":[-88.23894500732422,1018.6625366210938,-286.92120361328127,-0.8200411200523377,0,-0.5723046064376831,0,1,0,0.5723046064376831,0,-0.8200411200523377]},{"p":[-88.1512451171875,1019.2120971679688,-286.7160949707031,-0.8371665477752686,0,-0.5469480156898499,0,1,0,0.5469480156898499,0,-0.8371665477752686]},{"p":[-88.05506134033203,1019.7071533203125,-286.4762878417969,-0.8521308898925781,0,-0.5233287215232849,0,1,0,0.5233287215232849,0,-0.8521308898925781]},{"p":[-87.93547821044922,1020.249267578125,-286.16534423828127,-0.8682881593704224,0,-0.49606019258499148,0,1,0,0.49606019258499148,0,-0.8682881593704224]},{"p":[-87.86467742919922,1020.5336303710938,-285.9783020019531,-0.8765263557434082,0,-0.48135384917259219,0,1,0,0.48135384917259219,0,-0.8765263557434082]},{"p":[-87.76972961425781,1020.8651733398438,-285.7291259765625,-0.885707676410675,0,-0.4642433524131775,0,1,0,0.4642433524131775,0,-0.885707676410675]},{"p":[-87.67654418945313,1021.1422119140625,-285.4792785644531,-0.8936949372291565,0,-0.44867512583732607,0,1,0,0.44867512583732607,0,-0.8936949372291565]},{"p":[-87.5606460571289,1021.411865234375,-285.1667785644531,-0.9021304249763489,0,-0.43146347999572756,0,1,0,0.43146347999572756,0,-0.9021304249763489]},{"p":[-87.49122619628906,1021.5327758789063,-284.97918701171877,-0.9063621759414673,0,-0.4225015938282013,0,1,0,0.4225015938282013,0,-0.9063621759414673]},{"p":[-87.40007781982422,1021.6463012695313,-284.72857666015627,-0.9113982319831848,0,-0.41152551770210268,0,1,0,0.41152551770210268,0,-0.9113982319831848]},{"p":[-87.30953979492188,1021.705322265625,-284.4777526855469,-0.9158117175102234,0,-0.4016079008579254,0,1,0,0.4016079008579254,0,-0.9158117175102234]},{"p":[-87.21987915039063,1021.7098388671875,-284.2265930175781,-0.9197026491165161,0,-0.39261558651924136,0,1,0,0.39261558651924136,0,-0.9197026491165161]},{"p":[-87.10957336425781,1021.6388549804688,-283.91204833984377,-0.9241032600402832,0,-0.3821428120136261,0,1,0,0.3821428120136261,0,-0.9241032600402832]},{"p":[-87.02256774902344,1021.520751953125,-283.6600036621094,-0.9272575974464417,0,-0.37442395091056826,0,1,0,0.37442395091056826,0,-0.9272575974464417]},{"p":[-86.95860290527344,1021.3964233398438,-283.4704895019531,-0.9294960498809815,0,-0.368831992149353,0,1,0,0.368831992149353,0,-0.9294960498809815]},{"p":[-86.875,1021.1829223632813,-283.21728515625,-0.9324091076850891,0,-0.36140456795692446,0,1,0,0.36140456795692446,0,-0.9324091076850891]},{"p":[-86.79244995117188,1020.9149169921875,-282.9637145996094,-0.93512362241745,0,-0.3543216288089752,0,1,0,0.3543216288089752,0,-0.93512362241745]},{"p":[-86.69075775146485,1020.5032958984375,-282.646240234375,-0.9382501840591431,0,-0.345957487821579,0,1,0,0.345957487821579,0,-0.9382501840591431]},{"p":[-86.61077117919922,1020.1126708984375,-282.3918762207031,-0.9405593276023865,0,-0.33962950110435488,0,1,0,0.33962950110435488,0,-0.9405593276023865]},{"p":[-86.5332260131836,1019.6676025390625,-282.13671875,-0.9428925514221191,0,-0.333096981048584,0,1,0,0.333096981048584,0,-0.9428925514221191]},{"p":[-86.4767074584961,1019.2980346679688,-281.94488525390627,-0.9446765780448914,0,-0.3280032277107239,0,1,0,0.3280032277107239,0,-0.9446765780448914]},{"p":[-86.40379333496094,1018.7575073242188,-281.6883850097656,-0.9471558332443237,0,-0.320773720741272,0,1,0,0.320773720741272,0,-0.9471558332443237]},{"p":[-86.33277893066406,1018.1625366210938,-281.43133544921877,-0.9496103525161743,0,-0.3134329617023468,0,1,0,0.3134329617023468,0,-0.9496103525161743]},{"p":[-86.24698638916016,1017.3421630859375,-281.1092224121094,-0.9526559710502625,0,-0.30405041575431826,0,1,0,0.30405041575431826,0,-0.9526559710502625]},{"p":[-86.1955795288086,1016.80908203125,-280.91595458984377,-0.9542484283447266,0,-0.2990150451660156,0,1,0,0.2990150451660156,0,-0.9542484283447266]},{"p":[-86.1333999633789,1016.0505981445313,-280.6822509765625,-0.9548743963241577,0,-0.29701000452041628,0,1,0,0.29701000452041628,0,-0.9548743963241577]},{"p":[-86.08143615722656,1015.2376098632813,-280.4869384765625,-0.9549464583396912,0,-0.2967781126499176,0,1,0,0.2967781126499176,0,-0.9549464583396912]},{"p":[-86.03968048095703,1014.3701782226563,-280.3299865722656,-0.9549548029899597,0,-0.29675132036209109,0,1,0,0.29675132036209109,0,-0.9549548029899597]},{"p":[-86.00814056396485,1013.4481811523438,-280.2114562988281,-0.9549557566642761,0,-0.29674825072288515,0,1,0,0.29674825072288515,0,-0.9549557566642761]},{"p":[-86.00239562988281,1012.2190551757813,-280.1898498535156,-0.9549558758735657,0,-0.2967478632926941,0,1,0,0.2967478632926941,0,-0.9549558758735657]},{"p":[-86.00235748291016,1011.5194091796875,-280.1897277832031,-0.9549558758735657,0,-0.2967478632926941,0,1,0,0.2967478632926941,0,-0.9549558758735657]},{"p":[-86.00235748291016,1011.585693359375,-280.1897277832031,-0.9549558758735657,0,-0.2967478632926941,0,1,0,0.2967478632926941,0,-0.9549558758735657]},{"p":[-86.00235748291016,1011.711181640625,-280.1897277832031,-0.9549558758735657,0,-0.2967478632926941,0,1,0,0.2967478632926941,0,-0.9549558758735657]},{"p":[-86.00235748291016,1011.7769775390625,-280.1897277832031,-0.9549558758735657,0,-0.2967478632926941,0,1,0,0.2967478632926941,0,-0.9549558758735657]},{"p":[-86.00235748291016,1011.8407592773438,-280.1897277832031,-0.9549558758735657,0,-0.2967478632926941,0,1,0,0.2967478632926941,0,-0.9549558758735657]},{"p":[-86.00235748291016,1011.86669921875,-280.1897277832031,-0.9549558758735657,0,-0.2967478632926941,0,1,0,0.2967478632926941,0,-0.9549558758735657]},{"p":[-86.00235748291016,1011.8809204101563,-280.1897277832031,-0.9549558758735657,0,-0.2967478632926941,0,1,0,0.2967478632926941,0,-0.9549558758735657]},{"p":[-86.00235748291016,1011.8871459960938,-280.1897277832031,-0.9549558758735657,0,-0.2967478632926941,0,1,0,0.2967478632926941,0,-0.9549558758735657]},{"p":[-86.00235748291016,1011.8928833007813,-280.1897277832031,-0.9549558758735657,0,-0.2967478632926941,0,1,0,0.2967478632926941,0,-0.9549558758735657]},{"p":[-86.00235748291016,1011.8952026367188,-280.1897277832031,-0.9549558758735657,0,-0.2967478632926941,0,1,0,0.2967478632926941,0,-0.9549558758735657]},{"p":[-86.00235748291016,1011.8961791992188,-280.1897277832031,-0.9549558758735657,0,-0.2967478632926941,0,1,0,0.2967478632926941,0,-0.9549558758735657]},{"p":[-85.90374755859375,1011.8973388671875,-280.1234436035156,-0.934600830078125,0,-0.35569828748703005,0,1,0,0.35569828748703005,0,-0.934600830078125]},{"p":[-85.71923828125,1011.8726806640625,-279.9993896484375,-0.8936170935630798,0,-0.44883012771606448,0,1,0,0.44883012771606448,0,-0.8936170935630798]},{"p":[-85.60786437988281,1012.53173828125,-279.92449951171877,-0.8644127249717712,0,-0.5027828812599182,0,1,0,0.5027828812599182,0,-0.8644127249717712]},{"p":[-85.44425964355469,1013.367431640625,-279.8049621582031,-0.8344343900680542,0,-0.5511073470115662,0,1,0,0.5511073470115662,0,-0.8344343900680542]},{"p":[-85.25587463378906,1014.1485595703125,-279.6543884277344,-0.8103576302528381,0,-0.5859355330467224,0,1,0,0.5859355330467224,0,-0.8103576302528381]},{"p":[-85.00896453857422,1015.04833984375,-279.4332275390625,-0.787075400352478,0,-0.6168567538261414,0,1,0,0.6168567538261414,0,-0.787075400352478]},{"p":[-84.81568908691406,1015.7068481445313,-279.2495422363281,-0.7733755707740784,0,-0.6339481472969055,0,1,0,0.6339481472969055,0,-0.7733755707740784]},{"p":[-84.6727066040039,1016.1649780273438,-279.1097412109375,-0.7654953598976135,0,-0.6434414386749268,0,1,0,0.6434414386749268,0,-0.7654953598976135]},{"p":[-84.43911743164063,1016.8604125976563,-278.8719787597656,-0.7562271952629089,0,-0.654309093952179,0,1,0,0.654309093952179,0,-0.7562271952629089]},{"p":[-84.30052185058594,1017.23681640625,-278.727783203125,-0.7522481679916382,0,-0.6588798761367798,0,1,0,0.6588798761367798,0,-0.7522481679916382]},{"p":[-84.12513732910156,1017.69091796875,-278.5269470214844,-0.7513010501861572,0,-0.6599596738815308,0,1,0,0.6599596738815308,0,-0.7513010501861572]},{"p":[-83.9078369140625,1018.1819458007813,-278.2741394042969,-0.7522321939468384,0,-0.658898115158081,0,1,0,0.658898115158081,0,-0.7522321939468384]},{"p":[-83.6984634399414,1018.5878295898438,-278.0148010253906,-0.7561068534851074,0,-0.6544481515884399,0,1,0,0.6544481515884399,0,-0.7561068534851074]},{"p":[-83.61827087402344,1018.7263793945313,-277.9082946777344,-0.7587878704071045,0,-0.6513378024101257,0,1,0,0.6513378024101257,0,-0.7587878704071045]},{"p":[-83.46337127685547,1018.9625244140625,-277.6912536621094,-0.7660951018333435,0,-0.642727255821228,0,1,0,0.642727255821228,0,-0.7660951018333435]},{"p":[-83.3092269897461,1019.1441650390625,-277.4736328125,-0.7732707262039185,0,-0.6340759992599487,0,1,0,0.6340759992599487,0,-0.7732707262039185]},{"p":[-83.12073516845703,1019.2946166992188,-277.19873046875,-0.7823293805122376,0,-0.6228649616241455,0,1,0,0.6228649616241455,0,-0.7823293805122376]},{"p":[-82.97361755371094,1019.3536376953125,-276.976318359375,-0.7897101044654846,0,-0.6134802103042603,0,1,0,0.6134802103042603,0,-0.7897101044654846]},{"p":[-82.79722595214844,1019.3507690429688,-276.6934814453125,-0.8000164031982422,0,-0.5999781489372253,0,1,0,0.5999781489372253,0,-0.8000164031982422]},{"p":[-82.6591796875,1019.2871704101563,-276.46533203125,-0.8081234097480774,0,-0.5890132188796997,0,1,0,0.5890132188796997,0,-0.8081234097480774]},{"p":[-82.52378845214844,1019.1690673828125,-276.235595703125,-0.8158881068229675,0,-0.5782097578048706,0,1,0,0.5782097578048706,0,-0.8158881068229675]},{"p":[-82.39190673828125,1018.9964599609375,-276.0038146972656,-0.823586642742157,0,-0.5671904683113098,0,1,0,0.5671904683113098,0,-0.823586642742157]},{"p":[-82.2629165649414,1018.7693481445313,-275.7704162597656,-0.8311007618904114,0,-0.5561218857765198,0,1,0,0.5561218857765198,0,-0.8311007618904114]},{"p":[-82.13752746582031,1018.4877319335938,-275.53509521484377,-0.8385669589042664,0,-0.5447984933853149,0,1,0,0.5447984933853149,0,-0.8385669589042664]},{"p":[-82.01819610595703,1018.151611328125,-275.296630859375,-0.8465980887413025,0,-0.5322327017784119,0,1,0,0.5322327017784119,0,-0.8465980887413025]},{"p":[-81.9339828491211,1017.86376953125,-275.115234375,-0.8532274961471558,0,-0.5215388536453247,0,1,0,0.5215388536453247,0,-0.8532274961471558]},{"p":[-81.80377960205078,1017.31591796875,-274.80841064453127,-0.8656147122383118,0,-0.5007107257843018,0,1,0,0.5007107257843018,0,-0.8656147122383118]},{"p":[-81.70562744140625,1016.8163452148438,-274.5604553222656,-0.8754907846450806,0,-0.48323482275009158,0,1,0,0.48323482275009158,0,-0.8754907846450806]},{"p":[-81.63561248779297,1016.4058227539063,-274.3731384277344,-0.8826653957366943,0,-0.47000187635421755,0,1,0,0.47000187635421755,0,-0.8826653957366943]},{"p":[-81.54891204833985,1015.8108520507813,-274.1209716796875,-0.892402172088623,0,-0.4512409269809723,0,1,0,0.4512409269809723,0,-0.892402172088623]},{"p":[-81.47396850585938,1015.161376953125,-273.8651123046875,-0.9030486941337586,0,-0.42953819036483767,0,1,0,0.42953819036483767,0,-0.9030486941337586]},{"p":[-81.407470703125,1014.4573974609375,-273.6325988769531,-0.9063349366188049,0,-0.4225599765777588,0,1,0,0.4225599765777588,0,-0.9063349366188049]},{"p":[-81.3647689819336,1013.8936157226563,-273.4832763671875,-0.9066762924194336,0,-0.421827107667923,0,1,0,0.421827107667923,0,-0.9066762924194336]},{"p":[-81.31739044189453,1013.0942993164063,-273.3175964355469,-0.9067508578300476,0,-0.4216667413711548,0,1,0,0.4216667413711548,0,-0.9067508578300476]},{"p":[-81.27352142333985,1012.0184936523438,-273.1642150878906,-0.9067599773406982,0,-0.42164722084999087,0,1,0,0.42164722084999087,0,-0.9067599773406982]},{"p":[-81.2507095336914,1011.0964965820313,-273.08447265625,-0.9067605137825012,0,-0.42164596915245058,0,1,0,0.42164596915245058,0,-0.9067605137825012]},{"p":[-81.23882293701172,1010.1199951171875,-273.04290771484377,-0.906760573387146,0,-0.421645849943161,0,1,0,0.421645849943161,0,-0.906760573387146]},{"p":[-81.23767852783203,1009.0889892578125,-273.0389099121094,-0.906760573387146,0,-0.421645849943161,0,1,0,0.421645849943161,0,-0.906760573387146]},{"p":[-81.23765563964844,1008.8504028320313,-273.038818359375,-0.906760573387146,0,-0.421645849943161,0,1,0,0.421645849943161,0,-0.906760573387146]},{"p":[-81.23765563964844,1008.9203491210938,-273.038818359375,-0.906760573387146,0,-0.421645849943161,0,1,0,0.421645849943161,0,-0.906760573387146]},{"p":[-81.23765563964844,1008.9764404296875,-273.038818359375,-0.906760573387146,0,-0.421645849943161,0,1,0,0.421645849943161,0,-0.906760573387146]},{"p":[-81.23765563964844,1009.0354614257813,-273.038818359375,-0.906760573387146,0,-0.421645849943161,0,1,0,0.421645849943161,0,-0.906760573387146]},{"p":[-81.23765563964844,1009.0601196289063,-273.038818359375,-0.906760573387146,0,-0.421645849943161,0,1,0,0.421645849943161,0,-0.906760573387146]},{"p":[-81.23765563964844,1009.0760498046875,-273.038818359375,-0.906760573387146,0,-0.421645849943161,0,1,0,0.421645849943161,0,-0.906760573387146]},{"p":[-81.23765563964844,1009.0811767578125,-273.038818359375,-0.906760573387146,0,-0.421645849943161,0,1,0,0.421645849943161,0,-0.906760573387146]},{"p":[-81.23765563964844,1009.0843505859375,-273.038818359375,-0.906760573387146,0,-0.421645849943161,0,1,0,0.421645849943161,0,-0.906760573387146]},{"p":[-81.23765563964844,1009.0877075195313,-273.038818359375,-0.906760573387146,0,-0.421645849943161,0,1,0,0.421645849943161,0,-0.906760573387146]},{"p":[-81.23765563964844,1009.0886840820313,-273.038818359375,-0.906760573387146,0,-0.421645849943161,0,1,0,0.421645849943161,0,-0.906760573387146]},{"p":[-81.23765563964844,1009.0891723632813,-273.038818359375,-0.906760573387146,0,-0.421645849943161,0,1,0,0.421645849943161,0,-0.906760573387146]},{"p":[-81.23765563964844,1009.0894775390625,-273.038818359375,-0.906760573387146,0,-0.421645849943161,0,1,0,0.421645849943161,0,-0.906760573387146]},{"p":[-81.23765563964844,1009.0897827148438,-273.038818359375,-0.906760573387146,0,-0.421645849943161,0,1,0,0.421645849943161,0,-0.906760573387146]},{"p":[-81.23765563964844,1009.0897827148438,-273.038818359375,-0.906760573387146,0,-0.421645849943161,0,1,0,0.421645849943161,0,-0.906760573387146]},{"p":[-81.23765563964844,1009.0897827148438,-273.038818359375,-0.906760573387146,0,-0.421645849943161,0,1,0,0.421645849943161,0,-0.906760573387146]},{"p":[-81.23765563964844,1009.0897827148438,-273.038818359375,-0.906760573387146,0,-0.421645849943161,0,1,0,0.421645849943161,0,-0.906760573387146]},{"p":[-81.23765563964844,1009.0897827148438,-273.038818359375,-0.906760573387146,0,-0.421645849943161,0,1,0,0.421645849943161,0,-0.906760573387146]},{"p":[-81.23765563964844,1009.0897827148438,-273.038818359375,-0.906760573387146,0,-0.421645849943161,0,1,0,0.421645849943161,0,-0.906760573387146]},{"p":[-81.23765563964844,1009.0897827148438,-273.038818359375,-0.906760573387146,0,-0.421645849943161,0,1,0,0.421645849943161,0,-0.906760573387146]},{"p":[-81.23765563964844,1009.0897827148438,-273.038818359375,-0.906760573387146,0,-0.421645849943161,0,1,0,0.421645849943161,0,-0.906760573387146]},{"p":[-81.23765563964844,1009.0897827148438,-273.038818359375,-0.906760573387146,0,-0.421645849943161,0,1,0,0.421645849943161,0,-0.906760573387146]},{"p":[-81.23765563964844,1009.0897827148438,-273.038818359375,-0.906760573387146,0,-0.421645849943161,0,1,0,0.421645849943161,0,-0.906760573387146]},{"p":[-81.23765563964844,1009.0897827148438,-273.038818359375,-0.906760573387146,0,-0.421645849943161,0,1,0,0.421645849943161,0,-0.906760573387146]},{"p":[-81.23765563964844,1009.0897827148438,-273.038818359375,-0.906760573387146,0,-0.421645849943161,0,1,0,0.421645849943161,0,-0.906760573387146]},{"p":[-81.23765563964844,1009.0897827148438,-273.038818359375,-0.906760573387146,0,-0.421645849943161,0,1,0,0.421645849943161,0,-0.906760573387146]},{"p":[-81.23765563964844,1009.0897827148438,-273.038818359375,-0.906760573387146,0,-0.421645849943161,0,1,0,0.421645849943161,0,-0.906760573387146]},{"p":[-81.23765563964844,1009.0897827148438,-273.038818359375,-0.906760573387146,0,-0.421645849943161,0,1,0,0.421645849943161,0,-0.906760573387146]},{"p":[-81.23765563964844,1009.0897827148438,-273.038818359375,-0.906760573387146,0,-0.421645849943161,0,1,0,0.421645849943161,0,-0.906760573387146]},{"p":[-81.23765563964844,1009.0897827148438,-273.038818359375,-0.906760573387146,0,-0.421645849943161,0,1,0,0.421645849943161,0,-0.906760573387146]},{"p":[-81.23765563964844,1009.0897827148438,-273.038818359375,-0.906760573387146,0,-0.421645849943161,0,1,0,0.421645849943161,0,-0.906760573387146]},{"p":[-81.23765563964844,1009.0897827148438,-273.038818359375,-0.906760573387146,0,-0.421645849943161,0,1,0,0.421645849943161,0,-0.906760573387146]},{"p":[-81.23765563964844,1009.0897827148438,-273.038818359375,-0.906760573387146,0,-0.421645849943161,0,1,0,0.421645849943161,0,-0.906760573387146]},{"p":[-81.23765563964844,1009.0897827148438,-273.038818359375,-0.906760573387146,0,-0.421645849943161,0,1,0,0.421645849943161,0,-0.906760573387146]},{"p":[-81.23765563964844,1009.0897827148438,-273.038818359375,-0.906760573387146,0,-0.421645849943161,0,1,0,0.421645849943161,0,-0.906760573387146]},{"p":[-81.23765563964844,1009.0897827148438,-273.038818359375,-0.906760573387146,0,-0.421645849943161,0,1,0,0.421645849943161,0,-0.906760573387146]},{"p":[-81.23765563964844,1009.0897827148438,-273.038818359375,-0.906760573387146,0,-0.421645849943161,0,1,0,0.421645849943161,0,-0.906760573387146]},{"p":[-81.23765563964844,1009.0897827148438,-273.038818359375,-0.906760573387146,0,-0.421645849943161,0,1,0,0.421645849943161,0,-0.906760573387146]},{"p":[-81.23765563964844,1009.0897827148438,-273.038818359375,-0.906760573387146,0,-0.421645849943161,0,1,0,0.421645849943161,0,-0.906760573387146]},{"p":[-81.23765563964844,1009.0897827148438,-273.038818359375,-0.906760573387146,0,-0.42164584994