{"data":[{"pos":[8.906473159790039,8,60.17097473144531,-0.5880832076072693,-7.112744242476765e-7,0.808800458908081,-5.347352782791859e-8,1,8.405380071963009e-7,-0.808800458908081,4.51056848760345e-7,-0.5880832076072693]},{"pos":[8.627508163452149,8,60.77711486816406,-0.7180843353271484,-3.279094755725964e-7,0.6959561109542847,-2.1532105876076458e-8,1,4.4894730422129216e-7,-0.6959561109542847,3.073966183819721e-7,-0.7180843353271484]},{"pos":[8.460482597351075,8,61.140907287597659,-0.764859139919281,-1.5914791617888114e-7,0.6441975831985474,-9.185888494300798e-9,1,2.3614182964593056e-7,-0.6441975831985474,1.7469770341449476e-7,-0.764859139919281]},{"pos":[8.332866668701172,8,61.375144958496097,-0.7823412418365479,-1.0328913191415268e-7,0.6228500604629517,-7.694637704780405e-10,1,1.6486656306824444e-7,-0.6228500604629517,1.285026627328989e-7,-0.7823412418365479]},{"pos":[8.129199981689454,8,61.71945571899414,-0.7994490265846252,-7.312607408493932e-8,0.6007338762283325,6.2712079973437088e-9,1,1.3007353061311734e-7,-0.6007338762283325,1.0775448799904552e-7,-0.7994490265846252]},{"pos":[7.901503562927246,8,62.04827117919922,-0.8042764067649841,-4.1904598901965076e-8,0.5942553281784058,6.8996848234803569e-9,1,7.985430983126207e-8,-0.5942553281784058,6.832511445509226e-8,-0.8042764067649841]},{"pos":[7.633293151855469,8,62.344703674316409,-0.7924222946166992,-2.050603242764737e-8,0.6099728941917419,6.0657106004669e-9,1,4.149796950514428e-8,-0.6099728941917419,3.658383462834536e-8,-0.7924222946166992]},{"pos":[7.329243183135986,8,62.60423278808594,-0.7662394642829895,-8.369521253825951e-8,0.6425551772117615,6.252844908516408e-9,1,1.37710188141682e-7,-0.6425551772117615,1.0953677076486201e-7,-0.7662394642829895]},{"pos":[7.1016669273376469,8,62.7424430847168,-0.7372277975082398,-1.2802384219412489e-7,0.6756442785263062,6.927004303491913e-9,1,1.970424818864558e-7,-0.6756442785263062,1.4994537878010306e-7,-0.7372277975082398]},{"pos":[6.724981307983398,8,62.87495040893555,-0.667205810546875,-3.019728467279492e-7,0.7448734045028687,2.1200985855784894e-8,1,4.2439194203325317e-7,-0.7448734045028687,2.9894880526626368e-7,-0.667205810546875]},{"pos":[6.201081275939941,8,62.973968505859378,-0.5517512559890747,-4.4133437882010187e-7,0.8340087532997131,3.470162113217157e-8,1,5.521297339328157e-7,-0.8340087532997131,3.3357972029079976e-7,-0.5517512559890747]},{"pos":[5.801551818847656,8,62.991607666015628,-0.4571879804134369,-4.686102386131097e-7,0.8893700838088989,3.274069726444395e-8,1,5.437319146039954e-7,-0.8893700838088989,2.7770627752943258e-7,-0.4571879804134369]},{"pos":[5.403847694396973,8,62.95045471191406,-0.3504858911037445,-5.562828278016241e-7,0.936568021774292,3.764485256851913e-8,1,6.08046434535936e-7,-0.936568021774292,2.4836865009092437e-7,-0.3504858911037445]},{"pos":[5.142087936401367,8,62.899169921875,-0.279523104429245,-5.553400796998176e-7,0.9601389765739441,3.7711082256919329e-8,1,5.893742240914435e-7,-0.9601389765739441,2.0095158959065885e-7,-0.279523104429245]},{"pos":[4.756028652191162,8,62.79412841796875,-0.17182838916778565,-5.362902015804139e-7,0.9851269125938416,3.2788992854193569e-8,1,5.50106108221371e-7,-0.9851269125938416,1.268251708097523e-7,-0.17182838916778565]},{"pos":[4.3743577003479,8,62.67365646362305,-0.07570997625589371,-4.291177049253747e-7,0.9971298575401306,2.3182943564847848e-8,1,4.321130973039544e-7,-0.9971298575401306,5.583167705935921e-8,-0.07570997625589371]},{"pos":[4.123951435089111,8,62.58161926269531,-0.017672263085842134,-3.6031113381795878e-7,0.9998438358306885,1.7110162175981715e-8,1,3.6066981579097048e-7,-0.9998438358306885,2.3481343092157659e-8,-0.017672263085842134]},{"pos":[3.750150680541992,8,62.43881607055664,0.059456776827573779,-2.683579509721312e-7,0.9982308745384216,1.0665783811703023e-8,1,2.681982493868418e-7,-0.9982308745384216,-5.299289451698996e-9,0.059456776827573779]},{"pos":[3.376478672027588,8,62.29568099975586,0.12129558622837067,-2.084335051222297e-7,0.9926164150238037,5.765012911496115e-9,1,2.0927946309257096e-7,-0.9926164150238037,-1.9662229178152303e-8,0.12129558622837067]},{"pos":[3.127507448196411,8,62.19993209838867,0.154383584856987,-1.7096728299748066e-7,0.9880110025405884,4.139282694382018e-9,1,1.7239509020328115e-7,-0.9880110025405884,-2.25253149466198e-8,0.154383584856987]},{"pos":[2.7564713954925539,8,62.050384521484378,0.19964280724525453,-1.7161470111659583e-7,0.9798687696456909,3.406325443933156e-9,1,1.744464839248394e-7,-0.9798687696456909,-3.14892325548044e-8,0.19964280724525453]},{"pos":[2.385610342025757,8,61.90037155151367,0.23592190444469453,-1.2989306696908899e-7,0.9717720150947571,2.608365745615515e-9,1,1.3303295531841287e-7,-0.9717720150947571,-2.8850651645484505e-8,0.23592190444469453]},{"pos":[2.0164389610290529,8,61.746307373046878,0.26673173904418948,-1.1683729894684802e-7,0.9637708067893982,1.6376237033099983e-9,1,1.2077612154826057e-7,-0.9637708067893982,-3.063653153390078e-8,0.26673173904418948]},{"pos":[1.7716175317764283,8,61.640560150146487,0.2847059965133667,-1.1101273145186497e-7,0.9586148858070374,1.1518349607442247e-9,1,1.154632585098625e-7,-0.9586148858070374,-3.1768909281026939e-8,0.2847059965133667]},{"pos":[1.403733491897583,8,61.48347473144531,0.3068457543849945,-1.003980898417467e-7,0.9517592787742615,6.324816781422271e-10,1,1.0528294325240495e-7,-0.9517592787742615,-3.170365658888841e-8,0.3068457543849945]},{"pos":[1.0383946895599366,8,61.32059097290039,0.3274695575237274,-9.982340998249129e-8,0.9448617100715637,6.581535316740883e-10,1,1.054205895911764e-7,-0.9448617100715637,-3.390017155879832e-8,0.3274695575237274]},{"pos":[0.676270067691803,8,61.15068054199219,0.34746459126472475,-9.884601581688912e-8,0.9376931190490723,1.0705194508631167e-9,1,1.0501735658863254e-7,-0.9376931190490723,-3.548599281089082e-8,0.34746459126472475]},{"pos":[0.31400448083877566,8,60.98105239868164,0.36320409178733828,-1.0712452791494798e-7,0.9317095875740051,1.247917102986662e-9,1,1.1448983627815324e-7,-0.9317095875740051,-4.0420477631641918e-8,0.36320409178733828]},{"pos":[0.07273860275745392,8,60.86745071411133,0.37184637784957888,-9.220257624065198e-8,0.92829430103302,9.169980330625549e-10,1,9.895740049614688e-8,-0.92829430103302,-3.594570685550025e-8,0.37184637784957888]},{"pos":[-0.28873181343078616,8,60.6961555480957,0.3833361864089966,-1.0048180598687395e-7,0.9236088991165161,2.0021161117877995e-10,1,1.0870950006847124e-7,-0.9236088991165161,-4.148736820752674e-8,0.3833361864089966]},{"pos":[-0.64993816614151,8,60.5243034362793,0.3927983045578003,-1.0144354689600732e-7,0.9196246266365051,-1.511576419588323e-10,1,1.1037428748750244e-7,-0.9196246266365051,-4.349384141733026e-8,0.3927983045578003]},{"pos":[-0.890623927116394,8,60.409488677978519,0.3979732096195221,-6.606568092593079e-8,0.9173970222473145,-3.1212940565517047e-10,1,7.214967467916722e-8,-0.9173970222473145,-2.8999982859545527e-8,0.3979732096195221]},{"pos":[-1.2534308433532715,8,60.241050720214847,0.40267831087112429,-2.1126632887558118e-8,0.9153415560722351,-1.133533933384001e-9,1,2.3579266539286438e-8,-0.9153415560722351,-1.0532430039233987e-8,0.40267831087112429]},{"pos":[-1.6180347204208375,8,60.0765380859375,0.4044545888900757,2.055919523513694e-8,0.9145581126213074,-2.227261486353882e-9,1,-2.1494937385568848e-8,-0.9145581126213074,6.656765805246323e-9,0.4044545888900757]},{"pos":[-1.8625824451446534,8,59.9702033996582,0.4037167727947235,4.801433917123177e-8,0.9148840308189392,-2.9247382293817738e-9,1,-5.119072454817797e-8,-0.9148840308189392,1.799075910469128e-8,0.4037167727947235]},{"pos":[-2.231397867202759,8,59.81536865234375,0.4003971517086029,8.770804527102882e-8,0.9163417220115662,-3.7137586339497376e-9,1,-9.409270518290214e-8,-0.9163417220115662,3.427138040024147e-8,0.4003971517086029]},{"pos":[-2.847639799118042,8,59.56102752685547,0.3940888047218323,4.947428777768437e-8,0.9190723896026611,-1.3701478840388859e-9,1,-5.324317342569884e-8,-0.9190723896026611,1.972327368093829e-8,0.3940888047218323]},{"pos":[-3.0952463150024416,8,59.4620246887207,0.39099353551864626,5.105150524542523e-9,0.9203934073448181,2.5361485134212105e-10,1,-5.654443580027646e-9,-0.9203934073448181,2.4442763368881516e-9,0.39099353551864626]},{"pos":[-3.3438286781311037,8,59.365501403808597,0.3871142268180847,-4.2386872678434887e-8,0.9220317602157593,1.638445046303616e-9,1,4.528326158492746e-8,-0.9220317602157593,-1.601909538351265e-8,0.3871142268180847]},{"pos":[-3.7183942794799806,8,59.22514724731445,0.3798758387565613,-8.855398903051537e-8,0.9250375032424927,2.1446282527648465e-9,1,9.484945451276872e-8,-0.9250375032424927,-3.4047154429117657e-8,0.3798758387565613]},{"pos":[-4.093076705932617,8,59.08509826660156,0.37387794256210329,-7.696607440266234e-8,0.9274778962135315,8.473349244475514e-10,1,8.264269268920543e-8,-0.9274778962135315,-3.011239613215366e-8,0.37387794256210329]},{"pos":[-4.3426899909973148,8,58.99126434326172,0.3708907961845398,-7.335965079846574e-8,0.9286764860153198,1.0983419035381914e-10,1,7.894989551004983e-8,-0.9286764860153198,-2.9179791027900138e-8,0.3708907961845398]},{"pos":[-4.718564987182617,8,58.85445785522461,0.3651154637336731,-7.370200449940967e-8,0.9309622645378113,-1.0898292268635146e-9,1,7.959497594356435e-8,-0.9309622645378113,-3.007594528980917e-8,0.3651154637336731]},{"pos":[-5.094547748565674,8,58.71793746948242,0.36030900478363039,-8.125560668759135e-8,0.9328330159187317,-2.237651841596744e-9,1,8.797057660103747e-8,-0.9328330159187317,-3.378394453079636e-8,0.36030900478363039]},{"pos":[-5.3452043533325199,8,58.626930236816409,0.35772961378097536,-8.903487014322309e-8,0.9338251948356628,-2.977753599253674e-9,1,9.64849675710866e-8,-0.9338251948356628,-3.729623188064579e-8,0.35772961378097536]},{"pos":[-5.723320007324219,8,58.4964485168457,0.35143259167671206,-1.0673680606032576e-7,0.9362131953239441,-4.437161305048676e-9,1,1.1567468760631528e-7,-0.9362131953239441,-4.480598292389004e-8,0.35143259167671206]},{"pos":[-5.975502967834473,8,58.40975570678711,0.34786859154701235,-1.235552247180749e-7,0.9375432729721069,-5.431260774457769e-9,1,1.338013930762827e-7,-0.9375432729721069,-5.163734329016734e-8,0.34786859154701235]},{"pos":[-6.3537702560424809,8,58.279701232910159,0.34329938888549807,-5.214300102807101e-8,0.9392260313034058,-2.344425098499414e-9,1,5.6373906431872459e-8,-0.9392260313034058,-2.1555072393653064e-8,0.34329938888549807]},{"pos":[-6.7320380210876469,8,58.1496467590332,0.3396265208721161,1.4995293895481155e-8,0.9405604004859924,1.2050243025640839e-9,1,-1.6378058020904974e-8,-0.9405604004859924,6.695820786717377e-9,0.3396265208721161]},{"pos":[-6.986917495727539,8,58.0713005065918,0.33353132009506228,5.426039351164036e-8,0.9427390098571777,3.964301775738477e-9,1,-5.8958640636319618e-8,-0.9427390098571777,2.3401856452665016e-8,0.33353132009506228]},{"pos":[-7.373394012451172,8,57.96825408935547,0.3184516727924347,7.868326434845585e-8,0.9479390978813171,9.148995339103294e-9,1,-8.607807444604987e-8,-0.9479390978813171,3.608439769209326e-8,0.3184516727924347]},{"pos":[-7.762370586395264,8,57.875022888183597,0.30140379071235659,3.8801488244644136e-8,0.9534965753555298,1.4360077571495822e-8,1,-4.523316832205637e-8,-0.9534965753555298,2.732573634034452e-8,0.30140379071235659]},{"pos":[-8.023677825927735,8,57.82191848754883,0.28776708245277407,-3.4298434314905538e-8,0.9577004313468933,1.6916684941747918e-8,1,3.073024501532018e-8,-0.9577004313468933,7.357976450350634e-9,0.28776708245277407]},{"pos":[-8.418360710144043,8,57.75703048706055,0.26283973455429079,-1.142381123031555e-7,0.964839518070221,6.630896720594137e-9,1,1.1659477650027839e-7,-0.964839518070221,-2.4247988505976538e-8,0.26283973455429079]},{"pos":[-8.814581871032715,8,57.7021598815918,0.23772655427455903,-1.3051898406502006e-7,0.9713321328163147,-8.271757501177035e-9,1,1.363955703936881e-7,-0.9713321328163147,-4.045946866426675e-8,0.23772655427455903]},{"pos":[-9.079827308654786,8,57.67478561401367,0.21966111660003663,-1.25377894732992e-7,0.9755762219429016,-1.0172920283935128e-8,1,1.3080729388548208e-7,-0.9755762219429016,-3.865773479105883e-8,0.21966111660003663]},{"pos":[-9.478958129882813,8,57.64866256713867,0.1889159083366394,-1.3084894590065233e-7,0.9819932579994202,-5.616800802243915e-9,1,1.3432887158160157e-7,-0.9819932579994202,-3.089252231802675e-8,0.1889159083366394]},{"pos":[-9.745457649230957,8,57.63920593261719,0.16831497848033906,-1.2918756908675278e-7,0.9857332706451416,-1.4724670371890625e-9,1,1.313087523158174e-7,-0.9857332706451416,-2.355269046461217e-8,0.16831497848033906]},{"pos":[-10.145444869995118,8,57.63972473144531,0.13441389799118043,-1.403185621029479e-7,0.9909252524375916,-3.6233993583323356e-10,1,1.4165271977617523e-7,-0.9909252524375916,-1.9399147177523447e-8,0.13441389799118043]},{"pos":[-10.545318603515625,8,57.65036392211914,0.1019987016916275,-1.4540019321884757e-7,0.9947845339775086,-2.2044805980669936e-9,1,1.4638852974258044e-7,-0.9947845339775086,-1.712442276868842e-8,0.1019987016916275]},{"pos":[-10.811476707458496,8,57.666717529296878,0.07994718104600907,-1.269950189453084e-7,0.996799111366272,-2.8937932050610017e-9,1,1.2763490531142453e-7,-0.996799111366272,-1.3088581773956776e-8,0.07994718104600907]},{"pos":[-11.209517478942871,8,57.706153869628909,0.04403412714600563,-1.3707362711556926e-7,0.9990300536155701,-3.233013412540231e-9,1,1.3734921822106117e-7,-0.9990300536155701,-9.277930423934322e-9,0.04403412714600563]},{"pos":[-11.606571197509766,8,57.75476837158203,0.010494359768927098,-1.3844392299233733e-7,0.9999449253082275,-2.2785648923218106e-9,1,1.3847545687895036e-7,-0.9999449253082275,-3.731650544125387e-9,0.010494359768927098]},{"pos":[-11.869976997375489,8,57.79631042480469,-0.012109264731407166,-1.455225060453813e-7,0.9999266862869263,-2.125620568449449e-9,1,1.4550742832852848e-7,-0.9999266862869263,-3.6347669318814726e-10,-0.012109264731407166]},{"pos":[-12.262478828430176,8,57.873348236083987,-0.048663605004549029,-1.2852645170369215e-7,0.9988152384757996,-2.7062267982103096e-9,1,1.285470574430292e-7,-0.9988152384757996,3.5525427044547088e-9,-0.048663605004549029]},{"pos":[-12.524662017822266,8,57.922218322753909,-0.06710520386695862,-1.3607139237592492e-7,0.997745931148529,-2.1746753287033018e-9,1,1.362325434683953e-7,-0.997745931148529,6.972133537175296e-9,-0.06710520386695862]},{"pos":[-12.921135902404786,8,57.97515869140625,-0.0804060697555542,-8.572784793159372e-8,0.996762216091156,1.4870266129562993e-10,1,8.601831780197245e-8,-0.996762216091156,7.064614671037361e-9,-0.0804060697555542]},{"pos":[-13.187087059020996,8,57.994083404541019,-0.07931007444858551,-4.1181014154290099e-8,0.9968500137329102,2.6518922613405495e-9,1,4.1522131510873808e-8,-0.9968500137329102,5.936661828798151e-9,-0.07931007444858551]},{"pos":[-13.586965560913086,8,58.00233840942383,-0.06759997457265854,9.982877635650312e-9,0.9977124929428101,6.287413256700347e-9,1,-9.579762760836275e-9,-0.9977124929428101,5.6254396696431289e-9,-0.06759997457265854]},{"pos":[-13.986583709716797,8,57.986209869384769,-0.04593423753976822,-9.025170832899221e-9,0.9989444613456726,9.408033463387256e-9,1,9.46731404383172e-9,-0.9989444613456726,9.832970881973324e-9,-0.04593423753976822]},{"pos":[-14.252655029296875,8,57.96846389770508,-0.030714070424437524,-8.651289107319826e-8,0.9995282292366028,1.2498960977325169e-8,1,8.693780273461016e-8,-0.9995282292366028,1.5163262645501164e-8,-0.030714070424437524]},{"pos":[-14.518424034118653,8,57.94656753540039,-0.015502979047596455,-1.3243045771105245e-7,0.9998798370361328,9.594187666550625e-9,1,1.325951330954922e-7,-0.9998798370361328,1.164864382730002e-8,-0.015502979047596455]},{"pos":[-14.916841506958008,8,57.910926818847659,0.005600714590400457,-1.1423376378161265e-7,0.9999843239784241,1.8724595207686436e-9,1,1.1422506673852695e-7,-0.9999843239784241,1.2326931697614896e-9,0.005600714590400457]},{"pos":[-15.31418228149414,8,57.86491775512695,0.027749469503760339,-1.2936646953676246e-7,0.9996148943901062,-5.164846328398198e-9,1,1.2955968031747035e-7,-0.9996148943901062,-8.75807515399174e-9,0.027749469503760339]},{"pos":[-15.451160430908204,8,57.848270416259769,0.029185449704527856,-9.522054966737415e-8,0.9995740056037903,-6.188426660003188e-9,1,9.54418197807172e-8,-0.9995740056037903,-8.971302811744409e-9,0.029185449704527856]},{"pos":[-15.462422370910645,8,57.84688186645508,0.029226073995232583,-4.4344641736415727e-8,0.9995728135108948,-7.971578064314145e-9,1,4.459666769207615e-8,-0.9995728135108948,-9.271558631951394e-9,0.029226073995232583]},{"pos":[-15.46245288848877,8,57.84687805175781,0.029226256534457208,-1.0463695687690233e-8,0.9995728135108948,-9.161311709249276e-9,1,1.0736032507452365e-8,-0.9995728135108948,-9.471172290886898e-9,0.029226256534457208]},{"pos":[-15.462453842163086,8,57.84687805175781,0.029226262122392656,2.3388297520909874e-8,0.9995728135108948,-1.0350034607142789e-8,1,-2.3095671153328113e-8,-0.9995728135108948,-9.670612755030561e-9,0.029226262122392656]},{"pos":[-15.462453842163086,8,57.84687805175781,0.029226262122392656,7.411205871221682e-8,0.9995728135108948,-1.2131213367183591e-8,1,-7.378902466825821e-8,-0.9995728135108948,-9.969453707014964e-9,0.029226262122392656]},{"pos":[-15.462453842163086,8,57.84687805175781,0.029226262122392656,1.04283458313148e-7,0.9995728135108948,-1.0874674494232295e-8,1,-1.0401006278470959e-7,-0.9995728135108948,-7.830204040715217e-9,0.029226262122392656]},{"pos":[-15.462453842163086,8,57.84687805175781,0.029226262122392656,6.333502255984058e-8,0.9995728135108948,-4.807696907249692e-9,1,-6.32215133578029e-8,-0.9995728135108948,-2.9579145799374375e-9,0.029226262122392656]},{"pos":[-15.462453842163086,8,57.84687805175781,0.029226262122392656,2.2421572154485149e-8,0.9995728135108948,1.254095716163306e-9,1,-2.2467821381155774e-8,-0.9995728135108948,1.9102104342749728e-9,0.029226262122392656]},{"pos":[-15.462453842163086,8,57.84687805175781,0.029226262122392656,-3.8883054997995717e-8,0.9995728135108948,1.0337071643107265e-8,1,3.859743102907487e-8,-0.9995728135108948,9.204597972711781e-9,0.029226262122392656]},{"pos":[-15.462453842163086,8,57.84687805175781,0.029226262122392656,-1.0010911921654042e-7,0.9995728135108948,1.940840732572724e-8,1,9.958442603874573e-8,-0.9995728135108948,1.648963632305822e-8,0.029226262122392656]},{"pos":[-15.462453842163086,8,57.84687805175781,0.029226262122392656,-1.030982659244728e-7,0.9995728135108948,1.873903521243392e-8,1,1.0259442007054531e-7,-0.9995728135108948,1.5732577907101587e-8,0.029226262122392656]},{"pos":[-15.462453842163086,8,57.84687805175781,0.029226262122392656,-6.831634635773298e-8,0.9995728135108948,1.1362631724409767e-8,1,6.801331409178602e-8,-0.9995728135108948,9.370002551634116e-9,0.029226262122392656]},{"pos":[-15.462453842163086,8,57.84687805175781,0.029226262122392656,-1.6199196650745763e-8,0.9995728135108948,3.098455381156384e-10,1,1.6197061469824804e-8,-0.9995728135108948,-1.6366637212161806e-10,0.029226262122392656]},{"pos":[-15.462453842163086,8,57.84687805175781,0.029226262122392656,3.585116203908001e-8,0.9995728135108948,-1.0728774313406575e-8,1,-3.555278738076595e-8,-0.9995728135108948,-9.685115820445845e-9,0.029226262122392656]},{"pos":[-15.462453842163086,8,57.84687805175781,0.029226262122392656,8.783482030594314e-8,0.9995728135108948,-2.1753246315370235e-8,1,-8.723631594875769e-8,-0.9995728135108948,-1.9194361655650029e-8,0.029226262122392656]},{"pos":[-15.462453842163086,8,57.84687805175781,0.029226262122392656,1.22453570838843e-7,0.9995728135108948,-2.909504281944919e-8,1,-1.2165520502094297e-7,-0.9995728135108948,-2.5527087998966637e-8,0.029226262122392656]},{"pos":[-15.462453842163086,8,57.84687805175781,0.029226262122392656,8.311111088232792e-8,0.9995728135108948,-1.923238812651107e-8,1,-8.258430028718067e-8,-0.9995728135108948,-1.6810542291523235e-8,0.029226262122392656]},{"pos":[-15.462453842163086,8,57.84687805175781,0.029226262122392656,2.4160449640930893e-8,0.9995728135108948,-4.4542090016364e-9,1,-2.4040538448844019e-8,-0.9995728135108948,-3.749691224186336e-9,0.029226262122392656]},{"pos":[-15.462453842163086,8,57.84687805175781,0.029226262122392656,-1.5098017058789993e-8,0.9995728135108948,5.387386092792212e-9,1,1.4946948567740038e-8,-0.9995728135108948,4.94824137220462e-9,0.029226262122392656]},{"pos":[-15.462453842163086,8,57.84687805175781,0.029226262122392656,-9.351433050142077e-8,0.9995728135108948,2.5045350682262325e-8,1,9.28219989759782e-8,-0.9995728135108948,2.232181195438443e-8,0.029226262122392656]},{"pos":[-15.462453842163086,8,57.84687805175781,0.029226262122392656,-9.702362291363898e-8,0.9995728135108948,2.5535587866443167e-8,1,9.631845898638858e-8,-0.9995728135108948,2.2709651048558045e-8,0.029226262122392656]},{"pos":[-15.462453842163086,8,57.84687805175781,0.029226262122392656,-6.489654680308377e-8,0.9995728135108948,1.670324678570978e-8,1,6.443590194749049e-8,-0.9995728135108948,1.4812890469784179e-8,0.029226262122392656]},{"pos":[-15.462453842163086,8,57.84687805175781,0.029226262122392656,-1.6757397247602058e-8,0.9995728135108948,3.4688860672815737e-9,1,1.6663133095562445e-8,-0.9995728135108948,2.9804030354796397e-9,0.029226262122392656]},{"pos":[-15.462453842163086,8,57.84687805175781,0.029226262122392656,1.530109017267023e-8,0.9995728135108948,-5.3445954328879e-9,1,-1.515136105467718e-8,-0.9995728135108948,-4.8994950319070089e-9,0.029226262122392656]},{"pos":[-15.462453842163086,8,57.84687805175781,0.029226262122392656,4.7332182617765287e-8,0.9995728135108948,-1.4150544735969106e-8,1,-4.6938666287132949e-8,-0.9995728135108948,-1.277265759824786e-8,0.029226262122392656]},{"pos":[-15.462453842163086,8,57.84687805175781,0.029226262122392656,9.532750055996076e-8,0.9995728135108948,-2.7345357977992536e-8,1,-9.456869776158783e-8,-0.9995728135108948,-2.4569787981931769e-8,0.029226262122392656]},{"pos":[-15.462453842163086,8,57.84687805175781,0.029226262122392656,9.357481900451603e-8,0.9995728135108948,-2.658690689827381e-8,1,-9.283743906962627e-8,-0.9995728135108948,-2.386225794737129e-8,0.029226262122392656]},{"pos":[-15.462453842163086,8,57.84687805175781,0.029226262122392656,4.040794010506943e-8,0.9995728135108948,-1.1141226607946919e-8,1,-4.00994544236255e-8,-0.9995728135108948,-9.964510105930913e-9,0.029226262122392656]},{"pos":[-15.462453842163086,8,57.84687805175781,0.029226262122392656,-1.2690799522374619e-8,0.9995728135108948,4.284657073583276e-9,1,1.2570944285528185e-8,-0.9995728135108948,3.915424873213169e-9,0.029226262122392656]},{"pos":[-15.462453842163086,8,57.84687805175781,0.029226262122392656,-4.805215070291524e-8,0.9995728135108948,1.4557593353003995e-8,1,4.76470383148353e-8,-0.9995728135108948,1.3158829581527698e-8,0.029226262122392656]},{"pos":[-15.462453842163086,8,57.84687805175781,0.029226262122392656,-1.1868422689076397e-7,0.9995728135108948,3.507713586259342e-8,1,1.1770933383559168e-7,-0.9995728135108948,3.1621947726989677e-8,0.029226262122392656]},{"pos":[-15.462453842163086,8,57.84687805175781,0.029226262122392656,-8.157116582196977e-8,0.9995728135108948,2.4004764398455337e-8,1,8.090415093420234e-8,-0.9995728135108948,2.162998313792741e-8,0.029226262122392656]},{"pos":[-15.462453842163086,8,57.84687805175781,0.029226262122392656,-2.5961027105836366e-8,0.9995728135108948,7.4139476780032968e-9,1,2.5755348076472729e-8,-0.9995728135108948,6.65804833488437e-9,0.029226262122392656]},{"pos":[-15.462453842163086,8,57.84687805175781,0.029226262122392656,1.1072796901601123e-8,0.9995728135108948,-3.6347815868253976e-9,1,-1.0971252351055228e-8,-0.9995728135108948,-3.312580210135252e-9,0.029226262122392656]},{"pos":[-15.462453842163086,8,57.84687805175781,0.029226262122392656,6.656419770934008e-8,0.9995728135108948,-2.0190174865319933e-8,1,-6.60023147247557e-8,-0.9995728135108948,-1.825254791754105e-8,0.029226262122392656]},{"pos":[-15.462453842163086,8,57.84687805175781,0.029226262122392656,1.0351895696203428e-7,0.9995728135108948,-3.1215311224741529e-8,1,-1.0265050320867886e-7,-0.9995728135108948,-2.8201887047885067e-8,0.029226262122392656]},{"pos":[-15.462453842163086,8,57.84687805175781,0.029226262122392656,8.422188813028697e-8,0.9995728135108948,-2.529717768595674e-8,1,-8.351822344820903e-8,-0.9995728135108948,-2.2845444647145997e-8,0.029226262122392656]},{"pos":[-15.462453842163086,8,57.84687805175781,0.029226262122392656,4.6491553717942227e-8,0.9995728135108948,-1.3879772886582487e-8,1,-4.6105594009304698e-8,-0.9995728135108948,-1.2526349735253462e-8,0.029226262122392656]},{"pos":[-15.462453842163086,8,57.84687805175781,0.029226262122392656,-1.0410765582946624e-7,0.9995728135108948,3.169234119582143e-8,1,1.0322550281216536e-7,-0.9995728135108948,2.866190662587087e-8,0.029226262122392656]},{"pos":[-15.462453842163086,8,57.84687805175781,0.029226262122392656,-6.616484427013347e-8,0.9995728135108948,2.0073027684475165e-8,1,6.560621557127888e-8,-0.9995728135108948,1.8147028768566998e-8,0.029226262122392656]},{"pos":[-15.462453842163086,8,57.84687805175781,0.029226262122392656,2.8226173398593347e-8,0.9995728135108948,-8.7191560638189e-9,1,-2.7983299233369509e-8,-0.9995728135108948,-7.897584808347347e-9,0.029226262122392656]},{"pos":[-15.462453842163086,8,57.84687805175781,0.029226262122392656,4.7080181531100609e-8,0.9995728135108948,-1.4470211695538638e-8,1,-4.667721142936898e-8,-0.9995728135108948,-1.3099829665463858e-8,0.029226262122392656]},{"pos":[-15.462453842163086,8,57.84687805175781,0.029226262122392656,1.0359386948266547e-7,0.9995728135108948,-3.1708633940752409e-8,1,-1.0271102013348355e-7,-0.9995728135108948,-2.8693229126020016e-8,0.029226262122392656]},{"pos":[-15.462453842163086,8,57.84687805175781,0.029226262122392656,8.485874758434875e-8,0.9995728135108948,-2.594072157080518e-8,1,-8.413653773686747e-8,-0.9995728135108948,-2.347064409491395e-8,0.029226262122392656]},{"pos":[-15.462453842163086,8,57.84687805175781,0.029226262122392656,2.858353731483021e-8,0.9995728135108948,-8.695452358153944e-9,1,-2.8341508695461927e-8,-0.9995728135108948,-7.863421025433582e-9,0.029226262122392656]},{"pos":[-15.462453842163086,8,57.84687805175781,0.029226262122392656,-8.893199066051239e-9,0.9995728135108948,2.7891140508273794e-9,1,8.815449703547529e-9,-0.9995728135108948,2.5302797634907394e-9,0.029226262122392656]},{"pos":[-15.462453842163086,8,57.84687805175781,0.029226262122392656,-6.504826188802326e-8,0.9995728135108948,1.9997562716866925e-8,1,6.449135980801657e-8,-0.9995728135108948,1.8104179488886986e-8,0.029226262122392656]},{"pos":[-15.462453842163086,8,57.84687805175781,0.029226262122392656,-1.2113136449443119e-7,0.9995728135108948,3.718395547025466e-8,1,1.2009591898731743e-7,-0.9995728135108948,3.3658118070434287e-8,0.029226262122392656]},{"pos":[-15.462453842163086,8,57.84687805175781,0.029226262122392656,-6.550738618216201e-8,0.9995728135108948,2.009173272199405e-8,1,6.494792614830658e-8,-0.9995728135108948,1.818496464522923e-8,0.029226262122392656]},{"pos":[-15.462453842163086,8,57.84687805175781,0.029226262122392656,8.247497618185662e-8,0.9995728135108948,-2.5380503032579328e-8,1,-8.176812826832247e-8,-0.9995728135108948,-2.2979884661822326e-8,0.029226262122392656]},{"pos":[-15.462453842163086,8,57.84687805175781,0.029226262122392656,1.0112993464872489e-7,0.9995728135108948,-3.1103716935376727e-8,1,-1.002637191049871e-7,-0.9995728135108948,-2.8160094700524497e-8,0.029226262122392656]},{"pos":[-15.462453842163086,8,57.84687805175781,0.029226262122392656,2.816141986272669e-8,0.9995728135108948,-8.645453242195345e-9,1,-2.7920671996639613e-8,-0.9995728135108948,-7.825743608691483e-9,0.029226262122392656]},{"pos":[-15.462453842163086,8,57.84687805175781,0.029226262122392656,-2.6483148118927603e-8,0.9995728135108948,8.173059562466279e-9,1,2.6255495555460585e-8,-0.9995728135108948,7.402217949703527e-9,0.029226262122392656]},{"pos":[-15.462453842163086,8,57.84687805175781,0.029226262122392656,-8.105768500854538e-8,0.9995728135108948,2.49700171650602e-8,1,8.036223420049282e-8,-0.9995728135108948,2.2610661787325627e-8,0.029226262122392656]},{"pos":[-15.462453842163086,8,57.84687805175781,0.029226262122392656,-6.900924631736416e-8,0.9995728135108948,2.1248339976409626e-8,1,6.8417463694459e-8,-0.9995728135108948,1.9239676518623129e-8,0.029226262122392656]},{"pos":[-15.462453842163086,8,57.84687805175781,0.029226262122392656,-3.758957589639067e-8,0.9995728135108948,1.1567276025914453e-8,1,3.726742647813808e-8,-0.9995728135108948,1.0473146794254263e-8,0.029226262122392656]},{"pos":[-15.462453842163086,8,57.84687805175781,0.029226262122392656,9.48958600588412e-9,0.9995728135108948,-2.9388047551037745e-9,1,-9.407713719156164e-9,-0.9995728135108948,-2.662597031743985e-9,0.029226262122392656]},{"pos":[-15.462453842163086,8,57.84687805175781,0.029226262122392656,4.867612091175033e-8,0.9995728135108948,-1.5012997067742618e-8,1,-4.8257962959041836e-8,-0.9995728135108948,-1.3596183734421175e-8,0.029226262122392656]},{"pos":[-15.462453842163086,8,57.84687805175781,0.029226262122392656,9.564471525891349e-8,0.9995728135108948,-2.948499933097537e-8,1,-9.482348417577669e-8,-0.9995728135108948,-2.6701068023271547e-8,0.029226262122392656]},{"pos":[-15.462453842163086,8,57.84687805175781,0.029226262122392656,8.440068199888629e-8,0.9995728135108948,-2.6015060328177243e-8,1,-8.367609893866757e-8,-0.9995728135108948,-2.355840678092136e-8,0.029226262122392656]},{"pos":[-15.462453842163086,8,57.84687805175781,0.029226262122392656,1.2786648184714977e-8,0.9995728135108948,-3.934859549303837e-9,1,-1.2677062954935537e-8,-0.9995728135108948,-3.5626757100004626e-9,0.029226262122392656]},{"pos":[-15.462453842163086,8,57.84687805175781,0.029226262122392656,-1.4037055073856664e-8,0.9995728135108948,4.335482195472196e-9,1,1.3916290342308458e-8,-0.9995728135108948,3.926909020179892e-9,0.029226262122392656]},{"pos":[-15.462453842163086,8,57.84687805175781,0.029226262122392656,-6.76328824056327e-8,0.9995728135108948,2.0860259297705853e-8,1,6.705185739974695e-8,-0.9995728135108948,1.8891674002929905e-8,0.029226262122392656]},{"pos":[-15.462453842163086,8,57.84687805175781,0.029226262122392656,-1.9499855952176405e-8,0.9995728135108948,6.009705622034289e-9,1,1.9332473399913398e-8,-0.9995728135108948,5.442122308352282e-9,0.029226262122392656]},{"pos":[-15.462453842163086,8,57.84687805175781,0.029226262122392656,5.621933851784888e-8,0.9995728135108948,-1.7344410352393426e-8,1,-5.573623695909191e-8,-0.9995728135108948,-1.570803931372211e-8,0.029226262122392656]},{"pos":[-15.462453842163086,8,57.84687805175781,0.029226262122392656,9.822264956937943e-8,0.9995728135108948,-3.0299514008902409e-8,1,-9.737870243498037e-8,-0.9995728135108948,-2.7440554717372835e-8,0.029226262122392656]},{"pos":[-15.462453842163086,8,57.84687805175781,0.029226262122392656,9.684799096021379e-8,0.9995728135108948,-2.987439629009714e-8,1,-9.601589567864721e-8,-0.9995728135108948,-2.7055451212731897e-8,0.029226262122392656]},{"pos":[-15.462453842163086,8,57.84687805175781,0.029226262122392656,4.2404316502597797e-8,0.9995728135108948,-1.3078921057285698e-8,1,-4.204002834740095e-8,-0.9995728135108948,-1.184466125181416e-8,0.029226262122392656]},{"pos":[-15.462453842163086,8,57.84687805175781,0.029226262122392656,-1.1969575552939205e-8,0.9995728135108948,3.695020955873929e-9,1,1.1866653437664354e-8,-0.9995728135108948,3.3466245330515678e-9,0.029226262122392656]},{"pos":[-15.462453842163086,8,57.84687805175781,0.029226262122392656,-5.722791485140988e-8,0.9995728135108948,1.7656876849514448e-8,1,5.673610559142617e-8,-0.9995728135108948,1.5991149737715206e-8,0.029226262122392656]},{"pos":[-15.462453842163086,8,57.84687805175781,0.029226262122392656,-1.1147410106104872e-7,0.9995728135108948,3.43914159373071e-8,1,1.1051618287183374e-7,-0.9995728135108948,3.1146747403454358e-8,0.029226262122392656]},{"pos":[-15.462453842163086,8,57.84687805175781,0.029226262122392656,-7.010173419530475e-8,0.9995728135108948,2.1626830104537477e-8,1,6.949935027478205e-8,-0.9995728135108948,1.958638584653727e-8,0.029226262122392656]},{"pos":[-15.462453842163086,8,57.84687805175781,0.029226262122392656,-2.8773559535011374e-8,0.9995728135108948,8.875886692294444e-9,1,2.8526336848244683e-8,-0.9995728135108948,8.038377075081371e-9,0.029226262122392656]},{"pos":[-15.462453842163086,8,57.84687805175781,0.029226262122392656,2.0761980579209195e-8,0.9995728135108948,-6.4072627203870528e-9,1,-2.058351356026833e-8,-0.9995728135108948,-5.802946567712297e-9,0.029226262122392656]},{"pos":[-15.462453842163086,8,57.84687805175781,0.029226262122392656,6.199309154908406e-8,0.9995728135108948,-1.9128252759514909e-8,1,-6.14602981841017e-8,-0.9995728135108948,-1.7323825929338456e-8,0.029226262122392656]},{"pos":[-15.462453842163086,8,57.84687805175781,0.029226262122392656,1.0267292793741945e-7,0.9995728135108948,-3.167895457067971e-8,1,-1.0179055465187048e-7,-0.9995728135108948,-2.8690465114777909e-8,0.029226262122392656]},{"pos":[-15.462453842163086,8,57.84687805175781,0.029226262122392656,6.77341205346238e-8,0.9995728135108948,-2.0898553998449644e-8,1,-6.715202260920705e-8,-0.9995728135108948,-1.892702350403397e-8,0.029226262122392656]},{"pos":[-15.462453842163086,8,57.84687805175781,0.029226262122392656,6.663042562138344e-9,0.9995728135108948,-2.0550230406257698e-9,1,-6.605803903880769e-9,-0.9995728135108948,-1.8610821772568898e-9,0.029226262122392656]},{"pos":[-15.462453842163086,8,57.84687805175781,0.029226262122392656,-2.8193712253710147e-8,0.9995728135108948,8.70005312236799e-9,1,2.7951381653679165e-8,-0.9995728135108948,7.879422447842899e-9,0.029226262122392656]},{"pos":[-15.462453842163086,8,57.84687805175781,0.029226262122392656,-8.042299270982767e-8,0.9995728135108948,2.4815429711111393e-8,1,7.973179094733496e-8,-0.9995728135108948,2.2474566208074976e-8,0.029226262122392656]},{"pos":[-15.462453842163086,8,57.84687805175781,0.029226262122392656,-1.0627361035631111e-7,0.9995728135108948,3.2791543702614948e-8,1,1.0536024319662829e-7,-0.9995728135108948,2.969824919318853e-8,0.029226262122392656]},{"pos":[-15.462453842163086,8,57.84687805175781,0.029226262122392656,-5.272343628348608e-8,0.9995728135108948,1.626797718756734e-8,1,5.227031252275083e-8,-0.9995728135108948,1.473336208590581e-8,0.029226262122392656]},{"pos":[-15.462453842163086,8,57.84687805175781,0.029226262122392656,7.580951977281813e-10,0.9995728135108948,-2.344053284808467e-10,1,-7.515654210088485e-10,-0.9995728135108948,-2.123397430109364e-10,0.029226262122392656]},{"pos":[-15.462453842163086,8,57.84687805175781,0.029226262122392656,5.4171074737041638e-8,0.9995728135108948,-1.671563154559408e-8,1,-5.3705480951293796e-8,-0.9995728135108948,-1.5138880371523557e-8,0.029226262122392656]},{"pos":[-15.462453842163086,8,57.84687805175781,0.029226262122392656,1.0751558932042826e-7,0.9995728135108948,-3.3175727054413076e-8,1,-1.065915213871449e-7,-0.9995728135108948,-3.0046283683304867e-8,0.029226262122392656]},{"pos":[-15.462453842163086,8,57.84687805175781,0.029226262122392656,6.023368115393169e-8,0.9995728135108948,-1.85859665435828e-8,1,-5.971599392751159e-8,-0.9995728135108948,-1.6832752081086256e-8,0.029226262122392656]},{"pos":[-15.462453842163086,8,57.84687805175781,0.029226262122392656,2.087839234832245e-8,0.9995728135108948,-6.442122835181863e-9,1,-2.0698955438547274e-8,-0.9995728135108948,-5.8344178377467419e-9,0.029226262122392656]},{"pos":[-15.462453842163086,8,57.84687805175781,0.029226262122392656,-4.200263958864525e-8,0.9995728135108948,1.2961042905601517e-8,1,4.164162348274658e-8,-0.9995728135108948,1.173847685720375e-8,0.029226262122392656]},{"pos":[-15.462453842163086,8,57.84687805175781,0.029226262122392656,-8.124871442305448e-8,0.9995728135108948,2.5071177134350365e-8,1,8.05503859169221e-8,-0.9995728135108948,2.27062812996337e-8,0.029226262122392656]},{"pos":[-15.462453842163086,8,57.84687805175781,0.029226262122392656,-1.0350064627573374e-7,0.9995728135108948,3.193740383267141e-8,1,1.0261106808684417e-7,-0.9995728135108948,2.892482342531366e-8,0.029226262122392656]},{"pos":[-15.462453842163086,8,57.84687805175781,0.029226262122392656,-4.8853134870796569e-8,0.9995728135108948,1.5074631320999289e-8,1,4.843325029924017e-8,-0.9995728135108948,1.3652668329200424e-8,0.029226262122392656]},{"pos":[-15.462453842163086,8,57.84687805175781,0.029226262122392656,-3.367056411462954e-9,0.9995728135108948,1.038834240851827e-9,1,3.3381211128613588e-9,-0.9995728135108948,9.408296364199487e-10,0.029226262122392656]},{"pos":[-15.418157577514649,8,57.86732864379883,-0.44866010546684267,-0.000007626598289789399,0.8937024474143982,-0.0000014333359104057309,1,0.000007814142009010539,-0.8937024474143982,0.000002224917807325255,-0.44866010546684267]},{"pos":[-15.352944374084473,8,57.90532684326172,-0.6971639394760132,-0.000008684994099894539,0.7169117331504822,-0.000002575617372713168,1,0.00000960978286457248,-0.7169117331504822,0.000004853104201174574,-0.6971639394760132]},{"pos":[-15.091202735900879,8,58.07235336303711,-0.9556703567504883,-0.000002825671344908187,0.2944386899471283,-0.0000012192545000289102,1,0.0000056394287639705,-0.2944386899471283,0.000005030439297115663,-0.9556703567504883]},{"pos":[-14.800816535949707,7.999999523162842,58.284515380859378,-0.999988317489624,-2.9611007335006436e-7,-0.004828391596674919,-3.09668678255548e-7,1,0.0000028073527573724279,0.004828391596674919,0.0000028088152248528788,-0.999988317489624]},{"pos":[-14.582792282104493,7.999999523162842,58.431575775146487,-0.9904898405075073,1.0054954202587396e-7,-0.13758569955825807,-1.7580047995124915e-7,1,0.000001996414994209772,0.13758569955825807,0.0000020016163944092115,-0.9904898405075073]},{"pos":[-14.354005813598633,7.999999523162842,58.56926727294922,-0.9667887091636658,2.599867912067566e-7,-0.2555769681930542,-1.299244871688643e-7,1,0.0000015087288147697109,0.2555769681930542,0.0000014918276747266646,-0.9667887091636658]},{"pos":[-13.998106956481934,7.999999523162842,58.752716064453128,-0.9101449251174927,4.235177470945928e-7,-0.41429001092910769,-1.0845032250017539e-7,1,0.0000012605257779796376,0.41429001092910769,0.0000011921910072487663,-0.9101449251174927]},{"pos":[-13.633979797363282,7.999999523162842,58.9195671081543,-0.8408776521682739,4.5596030417982549e-7,-0.541225254535675,-7.7090412275993e-8,1,9.622312973078807e-7,0.541225254535675,8.508421274200373e-7,-0.8408776521682739]},{"pos":[-13.263262748718262,7.999999523162842,59.07085037231445,-0.7675326466560364,4.113138345473999e-7,-0.6410098075866699,-4.4748013294793057e-8,1,6.952457738407247e-7,0.6410098075866699,5.623077754535188e-7,-0.7675326466560364]},{"pos":[-12.88199520111084,7.999999523162842,59.19239807128906,-0.6891749501228333,4.019935033738875e-7,-0.7245950102806091,-3.4410032156984019e-8,1,5.875116926290502e-7,0.7245950102806091,4.298316866879759e-7,-0.6891749501228333]},{"pos":[-12.366789817810059,7.999999523162842,59.33134460449219,-0.5863775014877319,3.4662795656004166e-7,-0.8100379109382629,-2.331390192011895e-8,1,4.4479239136308026e-7,0.8100379109382629,2.797013962663186e-7,-0.5863775014877319]},{"pos":[-11.847332954406739,7.999999523162842,59.45335006713867,-0.4964866638183594,2.3811341520740826e-7,-0.8680443167686462,-1.1293184165594994e-8,1,2.807694556850038e-7,0.8680443167686462,1.4920127000550566e-7,-0.4964866638183594]},{"pos":[-11.451659202575684,7.999999523162842,59.413818359375,-0.38294142484664919,6.168884851831535e-7,-0.9237726330757141,-4.136104436724963e-8,1,6.849384135421133e-7,0.9237726330757141,3.004994937327865e-7,-0.38294142484664919]},{"pos":[-11.188618659973145,7.999999523162842,59.17002868652344,-0.12050899863243103,0.000003070556886086706,-0.9927122592926025,-4.0938041934168725e-7,1,0.0000031427948670170737,0.9927122592926025,7.851319878682261e-7,-0.12050899863243103]},{"pos":[-11.122017860412598,7.999999523162842,58.782012939453128,0.1907494068145752,0.0000044701578190142758,-0.9816387891769409,-7.97913969563524e-7,1,0.0000043987224671582229,0.9816387891769409,-5.579041584269362e-8,0.1907494068145752]},{"pos":[-11.240583419799805,8,58.40668869018555,0.5