{"a":[{"p":[-107.76829528808594,1018.7186889648438,-295.260498046875,-0.6102485060691834,0,-0.792210042476654,0,1,0,0.792210042476654,0,-0.6102485060691834]},{"p":[-107.76829528808594,1018.7186889648438,-295.260498046875,-0.6102485060691834,0,-0.792210042476654,0,1,0,0.792210042476654,0,-0.6102485060691834]},{"p":[-107.76829528808594,1018.7186889648438,-295.260498046875,-0.6102485060691834,0,-0.792210042476654,0,1,0,0.792210042476654,0,-0.6102485060691834]},{"p":[-107.76829528808594,1018.7186889648438,-295.260498046875,-0.6102485060691834,0,-0.792210042476654,0,1,0,0.792210042476654,0,-0.6102485060691834]},{"p":[-107.76829528808594,1018.7186889648438,-295.260498046875,-0.6102485060691834,0,-0.792210042476654,0,1,0,0.792210042476654,0,-0.6102485060691834]},{"p":[-107.76829528808594,1018.7186889648438,-295.260498046875,-0.6102485060691834,0,-0.792210042476654,0,1,0,0.792210042476654,0,-0.6102485060691834]},{"p":[-107.76829528808594,1018.7186889648438,-295.260498046875,-0.6102485060691834,0,-0.792210042476654,0,1,0,0.792210042476654,0,-0.6102485060691834]},{"p":[-107.76829528808594,1018.7186889648438,-295.260498046875,-0.6102485060691834,0,-0.792210042476654,0,1,0,0.792210042476654,0,-0.6102485060691834]},{"p":[-107.76829528808594,1018.7186889648438,-295.260498046875,-0.6102485060691834,0,-0.792210042476654,0,1,0,0.792210042476654,0,-0.6102485060691834]},{"p":[-107.76829528808594,1018.7186889648438,-295.260498046875,-0.6102485060691834,0,-0.792210042476654,0,1,0,0.792210042476654,0,-0.6102485060691834]},{"p":[-107.76829528808594,1018.7186889648438,-295.260498046875,-0.6102485060691834,0,-0.792210042476654,0,1,0,0.792210042476654,0,-0.6102485060691834]},{"p":[-107.76829528808594,1018.7186889648438,-295.260498046875,-0.6102485060691834,0,-0.792210042476654,0,1,0,0.792210042476654,0,-0.6102485060691834]},{"p":[-107.76829528808594,1018.7186889648438,-295.260498046875,-0.6102485060691834,0,-0.792210042476654,0,1,0,0.792210042476654,0,-0.6102485060691834]},{"p":[-107.76829528808594,1018.7186889648438,-295.260498046875,-0.6102485060691834,0,-0.792210042476654,0,1,0,0.792210042476654,0,-0.6102485060691834]},{"p":[-107.76829528808594,1018.7186889648438,-295.260498046875,-0.6102485060691834,0,-0.792210042476654,0,1,0,0.792210042476654,0,-0.6102485060691834]},{"p":[-107.76829528808594,1018.7186889648438,-295.260498046875,-0.6102485060691834,0,-0.792210042476654,0,1,0,0.792210042476654,0,-0.6102485060691834]},{"p":[-107.76829528808594,1018.7186889648438,-295.260498046875,-0.6102485060691834,0,-0.792210042476654,0,1,0,0.792210042476654,0,-0.6102485060691834]},{"p":[-107.76829528808594,1018.7186889648438,-295.260498046875,-0.6102485060691834,0,-0.792210042476654,0,1,0,0.792210042476654,0,-0.6102485060691834]},{"p":[-107.76829528808594,1018.7186889648438,-295.260498046875,-0.6102485060691834,0,-0.792210042476654,0,1,0,0.792210042476654,0,-0.6102485060691834]},{"p":[-107.76829528808594,1018.7186889648438,-295.260498046875,-0.6102485060691834,0,-0.792210042476654,0,1,0,0.792210042476654,0,-0.6102485060691834]},{"p":[-107.76829528808594,1018.7186889648438,-295.260498046875,-0.6102485060691834,0,-0.792210042476654,0,1,0,0.792210042476654,0,-0.6102485060691834]},{"p":[-107.76829528808594,1018.7186889648438,-295.260498046875,-0.6102485060691834,0,-0.792210042476654,0,1,0,0.792210042476654,0,-0.6102485060691834]},{"p":[-107.76829528808594,1018.7186889648438,-295.260498046875,-0.6102485060691834,0,-0.792210042476654,0,1,0,0.792210042476654,0,-0.6102485060691834]},{"p":[-107.76829528808594,1018.7186889648438,-295.260498046875,-0.6102485060691834,0,-0.792210042476654,0,1,0,0.792210042476654,0,-0.6102485060691834]},{"p":[-107.76829528808594,1018.7186889648438,-295.260498046875,-0.6102485060691834,0,-0.792210042476654,0,1,0,0.792210042476654,0,-0.6102485060691834]},{"p":[-107.76829528808594,1018.7186889648438,-295.260498046875,-0.6102485060691834,0,-0.792210042476654,0,1,0,0.792210042476654,0,-0.6102485060691834]},{"p":[-107.76829528808594,1018.7186889648438,-295.260498046875,-0.6102485060691834,0,-0.792210042476654,0,1,0,0.792210042476654,0,-0.6102485060691834]},{"p":[-107.76829528808594,1018.7186889648438,-295.260498046875,-0.6102485060691834,0,-0.792210042476654,0,1,0,0.792210042476654,0,-0.6102485060691834]},{"p":[-107.76829528808594,1018.7186889648438,-295.260498046875,-0.6102485060691834,0,-0.792210042476654,0,1,0,0.792210042476654,0,-0.6102485060691834]},{"p":[-107.62853240966797,1018.7186889648438,-295.1192321777344,-0.6299216747283936,0,-0.7766586542129517,0,1,0,0.7766586542129517,0,-0.6299216747283936]},{"p":[-107.54873657226563,1018.7186889648438,-295.0282287597656,-0.6387354731559753,0,-0.7694264054298401,0,1,0,0.7694264054298401,0,-0.6387354731559753]},{"p":[-107.4222183227539,1018.7186889648438,-294.7962951660156,-0.6762833595275879,0,-0.7366415858268738,0,1,0,0.7366415858268738,0,-0.6762833595275879]},{"p":[-107.30653381347656,1018.7186889648438,-294.55609130859377,-0.7130020260810852,0,-0.7011619806289673,0,1,0,0.7011619806289673,0,-0.7130020260810852]},{"p":[-107.19158172607422,1018.7186889648438,-294.31549072265627,-0.7437078356742859,0,-0.6685047745704651,0,1,0,0.6685047745704651,0,-0.7437078356742859]},{"p":[-107.07199096679688,1018.7186889648438,-293.93402099609377,-0.7983129620552063,0,-0.6022427678108215,0,1,0,0.6022427678108215,0,-0.7983129620552063]},{"p":[-107.05046081542969,1018.7186889648438,-293.66876220703127,-0.8416838645935059,0,-0.5399706363677979,0,1,0,0.5399706363677979,0,-0.8416838645935059]},{"p":[-107.03709411621094,1019.3709716796875,-293.4693603515625,-0.8715341687202454,0,-0.49033474922180178,0,1,0,0.49033474922180178,0,-0.8715341687202454]},{"p":[-107.05200958251953,1020.3899536132813,-293.13824462890627,-0.918533444404602,0,-0.3953433632850647,0,1,0,0.3953433632850647,0,-0.918533444404602]},{"p":[-107.08746337890625,1020.9605102539063,-292.941650390625,-0.9413684010505676,0,-0.33738040924072268,0,1,0,0.33738040924072268,0,-0.9413684010505676]},{"p":[-107.14606475830078,1021.6735229492188,-292.6815185546875,-0.9647640585899353,0,-0.26311659812927248,0,1,0,0.26311659812927248,0,-0.9647640585899353]},{"p":[-107.20588684082031,1022.33203125,-292.421630859375,-0.9806225895881653,0,-0.19590631127357484,0,1,0,0.19590631127357484,0,-0.9806225895881653]},{"p":[-107.28312683105469,1023.0785522460938,-292.09735107421877,-0.9925476908683777,0,-0.12185686081647873,0,1,0,0.12185686081647873,0,-0.9925476908683777]},{"p":[-107.33460235595703,1023.485595703125,-291.90411376953127,-0.9966782927513123,0,-0.08143942058086395,0,1,0,0.08143942058086395,0,-0.9966782927513123]},{"p":[-107.40840148925781,1023.9806518554688,-291.6478576660156,-0.9995021224021912,0,-0.0315525196492672,0,1,0,0.0315525196492672,0,-0.9995021224021912]},{"p":[-107.4828872680664,1024.4212646484376,-291.3917541503906,-0.999920666217804,0,0.012597616761922837,0,1,0,-0.012597616761922837,0,-0.999920666217804]},{"p":[-107.5617446899414,1024.807373046875,-291.1369934082031,-0.9986186623573303,0,0.05254267901182175,0,1,0,-0.05254267901182175,0,-0.9986186623573303]},{"p":[-107.64289855957031,1025.138916015625,-290.88299560546877,-0.9960941076278687,0,0.08829774707555771,0,1,0,-0.08829774707555771,0,-0.9960941076278687]},{"p":[-107.72816467285156,1025.415771484375,-290.63031005859377,-0.9926550984382629,0,0.12097863852977753,0,1,0,-0.12097863852977753,0,-0.9926550984382629]},{"p":[-107.81409454345703,1025.638427734375,-290.37786865234377,-0.9887257814407349,0,0.1497376412153244,0,1,0,-0.1497376412153244,0,-0.9887257814407349]},{"p":[-107.9013900756836,1025.806396484375,-290.1258850097656,-0.9845612049102783,0,0.17504067718982697,0,1,0,-0.17504067718982697,0,-0.9845612049102783]},{"p":[-107.9910888671875,1025.919921875,-289.874755859375,-0.9802281856536865,0,0.19787032902240754,0,1,0,-0.19787032902240754,0,-0.9802281856536865]},{"p":[-108.08722686767578,1025.97900390625,-289.62603759765627,-0.9754094481468201,0,0.22040046751499177,0,1,0,-0.22040046751499177,0,-0.9754094481468201]},{"p":[-108.22016906738281,1025.9759521484376,-289.3204040527344,-0.9680289030075073,0,0.2508386969566345,0,1,0,-0.2508386969566345,0,-0.9680289030075073]},{"p":[-108.30693817138672,1025.9334716796876,-289.1402282714844,-0.9628515839576721,0,0.2700311541557312,0,1,0,-0.2700311541557312,0,-0.9628515839576721]},{"p":[-108.43074798583985,1025.8289794921876,-288.9040832519531,-0.9549117088317871,0,0.29688987135887148,0,1,0,-0.29688987135887148,0,-0.9549117088317871]},{"p":[-108.5869369506836,1025.6217041015626,-288.6095886230469,-0.9448622465133667,0,0.32746806740760805,0,1,0,-0.32746806740760805,0,-0.9448622465133667]},{"p":[-108.68098449707031,1025.45654296875,-288.4330749511719,-0.9392232894897461,0,0.34330689907073977,0,1,0,-0.34330689907073977,0,-0.9392232894897461]},{"p":[-108.80751037597656,1025.4222412109376,-288.1988220214844,-0.9321272373199463,0,0.3621309995651245,0,1,0,-0.3621309995651245,0,-0.9321272373199463]},{"p":[-108.93418884277344,1025.320556640625,-287.9648132324219,-0.9255909323692322,0,0.3785253167152405,0,1,0,-0.3785253167152405,0,-0.9255909323692322]},{"p":[-109.06133270263672,1025.154052734375,-287.7314453125,-0.9196532368659973,0,0.39273130893707278,0,1,0,-0.39273130893707278,0,-0.9196532368659973]},{"p":[-109.18614959716797,1024.9296875,-287.5025939941406,-0.9144830107688904,0,0.4046242833137512,0,1,0,-0.4046242833137512,0,-0.9144830107688904]},{"p":[-109.30620574951172,1024.6507568359376,-287.282470703125,-0.9098930954933167,0,0.414842814207077,0,1,0,-0.414842814207077,0,-0.9098930954933167]},{"p":[-109.41926574707031,1024.3172607421876,-287.07598876953127,-0.9057435393333435,0,0.4238261580467224,0,1,0,-0.4238261580467224,0,-0.9057435393333435]},{"p":[-109.54834747314453,1023.8323974609375,-286.8403015136719,-0.9010249376296997,0,0.43376728892326357,0,1,0,-0.43376728892326357,0,-0.9010249376296997]},{"p":[-109.58779907226563,1023.5006103515625,-286.76824951171877,-0.8999837040901184,0,0.43592357635498049,0,1,0,-0.43592357635498049,0,-0.8999837040901184]},{"p":[-109.59188842773438,1023.0719604492188,-286.7607727050781,-0.8997552394866943,0,0.4363948702812195,0,1,0,-0.4363948702812195,0,-0.8997552394866943]},{"p":[-109.59197235107422,1023.0472412109375,-286.7606506347656,-0.8997288346290588,0,0.4364493787288666,0,1,0,-0.4364493787288666,0,-0.8997288346290588]},{"p":[-109.59197235107422,1023.0850830078125,-286.7606506347656,-0.8997257351875305,0,0.4364556670188904,0,1,0,-0.4364556670188904,0,-0.8997257351875305]},{"p":[-109.59197235107422,1023.1138305664063,-286.7606506347656,-0.8997254371643066,0,0.4364563822746277,0,1,0,-0.4364563822746277,0,-0.8997254371643066]},{"p":[-109.59197235107422,1023.1307983398438,-286.7606506347656,-0.8997253775596619,0,0.43645647168159487,0,1,0,-0.43645647168159487,0,-0.8997253775596619]},{"p":[-109.59197235107422,1023.1417236328125,-286.7606506347656,-0.8997253775596619,0,0.43645647168159487,0,1,0,-0.43645647168159487,0,-0.8997253775596619]},{"p":[-109.59197235107422,1023.145263671875,-286.7606506347656,-0.8997253775596619,0,0.43645647168159487,0,1,0,-0.43645647168159487,0,-0.8997253775596619]},{"p":[-109.59197235107422,1023.1480712890625,-286.7606506347656,-0.8997253775596619,0,0.43645647168159487,0,1,0,-0.43645647168159487,0,-0.8997253775596619]},{"p":[-109.59197235107422,1023.149658203125,-286.7606506347656,-0.8997253775596619,0,0.43645647168159487,0,1,0,-0.43645647168159487,0,-0.8997253775596619]},{"p":[-109.59197235107422,1023.1505126953125,-286.7606506347656,-0.8997253775596619,0,0.43645647168159487,0,1,0,-0.43645647168159487,0,-0.8997253775596619]},{"p":[-109.59197235107422,1023.1510009765625,-286.7606506347656,-0.8997253775596619,0,0.43645647168159487,0,1,0,-0.43645647168159487,0,-0.8997253775596619]},{"p":[-109.59197235107422,1023.1511840820313,-286.7606506347656,-0.8997253775596619,0,0.43645647168159487,0,1,0,-0.43645647168159487,0,-0.8997253775596619]},{"p":[-109.59197235107422,1023.1513061523438,-286.7606506347656,-0.8997253775596619,0,0.43645647168159487,0,1,0,-0.43645647168159487,0,-0.8997253775596619]},{"p":[-109.59197235107422,1023.1513061523438,-286.7606506347656,-0.8997253775596619,0,0.43645647168159487,0,1,0,-0.43645647168159487,0,-0.8997253775596619]},{"p":[-109.59197235107422,1023.1513061523438,-286.7606506347656,-0.8997253775596619,0,0.43645647168159487,0,1,0,-0.43645647168159487,0,-0.8997253775596619]},{"p":[-109.59197235107422,1023.1513061523438,-286.7606506347656,-0.8997253775596619,0,0.43645647168159487,0,1,0,-0.43645647168159487,0,-0.8997253775596619]},{"p":[-109.59197235107422,1023.1513061523438,-286.7606506347656,-0.8997253775596619,0,0.43645647168159487,0,1,0,-0.43645647168159487,0,-0.8997253775596619]},{"p":[-109.59197235107422,1023.1513061523438,-286.7606506347656,-0.8997253775596619,0,0.43645647168159487,0,1,0,-0.43645647168159487,0,-0.8997253775596619]},{"p":[-109.59197235107422,1023.1513061523438,-286.7606506347656,-0.8997253775596619,0,0.43645647168159487,0,1,0,-0.43645647168159487,0,-0.8997253775596619]},{"p":[-109.59197235107422,1023.1513061523438,-286.7606506347656,-0.8997253775596619,0,0.43645647168159487,0,1,0,-0.43645647168159487,0,-0.8997253775596619]},{"p":[-109.59197235107422,1023.1513061523438,-286.7606506347656,-0.8997253775596619,0,0.43645647168159487,0,1,0,-0.43645647168159487,0,-0.8997253775596619]},{"p":[-109.59197235107422,1023.1513061523438,-286.7606506347656,-0.8997253775596619,0,0.43645647168159487,0,1,0,-0.43645647168159487,0,-0.8997253775596619]},{"p":[-109.59197235107422,1023.1513061523438,-286.7606506347656,-0.8997253775596619,0,0.43645647168159487,0,1,0,-0.43645647168159487,0,-0.8997253775596619]},{"p":[-109.59197235107422,1023.1513061523438,-286.7606506347656,-0.8997253775596619,0,0.43645647168159487,0,1,0,-0.43645647168159487,0,-0.8997253775596619]},{"p":[-109.59197235107422,1023.1513061523438,-286.7606506347656,-0.8997253775596619,0,0.43645647168159487,0,1,0,-0.43645647168159487,0,-0.8997253775596619]},{"p":[-109.59197235107422,1023.1513061523438,-286.7606506347656,-0.8997253775596619,0,0.43645647168159487,0,1,0,-0.43645647168159487,0,-0.8997253775596619]},{"p":[-109.59197235107422,1023.1513061523438,-286.7606506347656,-0.8997253775596619,0,0.43645647168159487,0,1,0,-0.43645647168159487,0,-0.8997253775596619]},{"p":[-109.59197235107422,1023.1513061523438,-286.7606506347656,-0.8997253775596619,0,0.43645647168159487,0,1,0,-0.43645647168159487,0,-0.8997253775596619]},{"p":[-109.59197235107422,1023.1513061523438,-286.7606506347656,-0.8997253775596619,0,0.43645647168159487,0,1,0,-0.43645647168159487,0,-0.8997253775596619]},{"p":[-109.59197235107422,1023.1513061523438,-286.7606506347656,-0.8997253775596619,0,0.43645647168159487,0,1,0,-0.43645647168159487,0,-0.8997253775596619]},{"p":[-109.59197235107422,1023.1513061523438,-286.7606506347656,-0.8997253775596619,0,0.43645647168159487,0,1,0,-0.43645647168159487,0,-0.8997253775596619]},{"p":[-109.59197235107422,1023.1513061523438,-286.7606506347656,-0.8997253775596619,0,0.43645647168159487,0,1,0,-0.43645647168159487,0,-0.8997253775596619]},{"p":[-109.59197235107422,1023.1513061523438,-286.7606506347656,-0.8997253775596619,0,0.43645647168159487,0,1,0,-0.43645647168159487,0,-0.8997253775596619]},{"p":[-109.59197235107422,1023.1513061523438,-286.7606506347656,-0.8997253775596619,0,0.43645647168159487,0,1,0,-0.43645647168159487,0,-0.8997253775596619]},{"p":[-109.59197235107422,1023.1513061523438,-286.7606506347656,-0.8997253775596619,0,0.43645647168159487,0,1,0,-0.43645647168159487,0,-0.8997253775596619]},{"p":[-109.59197235107422,1023.1513061523438,-286.7606506347656,-0.8997253775596619,0,0.43645647168159487,0,1,0,-0.43645647168159487,0,-0.8997253775596619]},{"p":[-109.59197235107422,1023.1513061523438,-286.7606506347656,-0.8997253775596619,0,0.43645647168159487,0,1,0,-0.43645647168159487,0,-0.8997253775596619]},{"p":[-109.59197235107422,1023.1513061523438,-286.7606506347656,-0.8997253775596619,0,0.43645647168159487,0,1,0,-0.43645647168159487,0,-0.8997253775596619]},{"p":[-109.59197235107422,1023.1513061523438,-286.7606506347656,-0.8997253775596619,0,0.43645647168159487,0,1,0,-0.43645647168159487,0,-0.8997253775596619]},{"p":[-109.59197235107422,1023.1513061523438,-286.7606506347656,-0.8997253775596619,0,0.43645647168159487,0,1,0,-0.43645647168159487,0,-0.8997253775596619]},{"p":[-109.59197235107422,1023.1513061523438,-286.7606506347656,-0.8997253775596619,0,0.43645647168159487,0,1,0,-0.43645647168159487,0,-0.8997253775596619]},{"p":[-109.59197235107422,1023.1513061523438,-286.7606506347656,-0.8997253775596619,0,0.43645647168159487,0,1,0,-0.43645647168159487,0,-0.8997253775596619]},{"p":[-109.59197235107422,1023.1513061523438,-286.7606506347656,-0.8997253775596619,0,0.43645647168159487,0,1,0,-0.43645647168159487,0,-0.8997253775596619]},{"p":[-109.59197235107422,1023.1513061523438,-286.7606506347656,-0.8997253775596619,0,0.43645647168159487,0,1,0,-0.43645647168159487,0,-0.8997253775596619]},{"p":[-109.59197235107422,1023.1513061523438,-286.7606506347656,-0.8997253775596619,0,0.43645647168159487,0,1,0,-0.43645647168159487,0,-0.8997253775596619]},{"p":[-109.59197235107422,1023.1513061523438,-286.7606506347656,-0.8997253775596619,0,0.43645647168159487,0,1,0,-0.43645647168159487,0,-0.8997253775596619]},{"p":[-109.59197235107422,1023.1513061523438,-286.7606506347656,-0.8997253775596619,0,0.43645647168159487,0,1,0,-0.43645647168159487,0,-0.8997253775596619]},{"p":[-109.59197235107422,1023.1513061523438,-286.7606506347656,-0.8997253775596619,0,0.43645647168159487,0,1,0,-0.43645647168159487,0,-0.8997253775596619]},{"p":[-109.59197235107422,1023.1513061523438,-286.7606506347656,-0.8997253775596619,0,0.43645647168159487,0,1,0,-0.43645647168159487,0,-0.8997253775596619]},{"p":[-109.59197235107422,1023.1513061523438,-286.7606506347656,-0.8997253775596619,0,0.43645647168159487,0,1,0,-0.43645647168159487,0,-0.8997253775596619]},{"p":[-109.59197235107422,1023.1513061523438,-286.7606506347656,-0.8997253775596619,0,0.43645647168159487,0,1,0,-0.43645647168159487,0,-0.8997253775596619]},{"p":[-109.59197235107422,1023.1513061523438,-286.7606506347656,-0.8997253775596619,0,0.43645647168159487,0,1,0,-0.43645647168159487,0,-0.8997253775596619]},{"p":[-109.59197235107422,1023.1513061523438,-286.7606506347656,-0.8997253775596619,0,0.43645647168159487,0,1,0,-0.43645647168159487,0,-0.8997253775596619]},{"p":[-109.59197235107422,1023.1513061523438,-286.7606506347656,-0.8997253775596619,0,0.43645647168159487,0,1,0,-0.43645647168159487,0,-0.8997253775596619]},{"p":[-109.59197235107422,1023.1513061523438,-286.7606506347656,-0.8997253775596619,0,0.43645647168159487,0,1,0,-0.43645647168159487,0,-0.8997253775596619]},{"p":[-109.59197235107422,1023.1513061523438,-286.7606506347656,-0.8997253775596619,0,0.43645647168159487,0,1,0,-0.43645647168159487,0,-0.8997253775596619]},{"p":[-109.59197235107422,1023.1513061523438,-286.7606506347656,-0.8997253775596619,0,0.43645647168159487,0,1,0,-0.43645647168159487,0,-0.8997253775596619]},{"p":[-109.59197235107422,1023.1513061523438,-286.7606506347656,-0.8997253775596619,0,0.43645647168159487,0,1,0,-0.43645647168159487,0,-0.8997253775596619]},{"p":[-109.59197235107422,1023.1513061523438,-286.7606506347656,-0.8997253775596619,0,0.43645647168159487,0,1,0,-0.43645647168159487,0,-0.8997253775596619]},{"p":[-109.59197235107422,1023.1513061523438,-286.7606506347656,-0.8997253775596619,0,0.43645647168159487,0,1,0,-0.43645647168159487,0,-0.8997253775596619]},{"p":[-109.59197235107422,1023.1513061523438,-286.7606506347656,-0.8997253775596619,0,0.43645647168159487,0,1,0,-0.43645647168159487,0,-0.8997253775596619]},{"p":[-109.59197235107422,1023.1513061523438,-286.7606506347656,-0.8997253775596619,0,0.43645647168159487,0,1,0,-0.43645647168159487,0,-0.8997253775596619]},{"p":[-109.59197235107422,1023.1513061523438,-286.7606506347656,-0.8997253775596619,0,0.43645647168159487,0,1,0,-0.43645647168159487,0,-0.8997253775596619]},{"p":[-109.59197235107422,1023.1513061523438,-286.7606506347656,-0.8997253775596619,0,0.43645647168159487,0,1,0,-0.43645647168159487,0,-0.8997253775596619]},{"p":[-109.59197235107422,1023.1513061523438,-286.7606506347656,-0.8997253775596619,0,0.43645647168159487,0,1,0,-0.43645647168159487,0,-0.8997253775596619]},{"p":[-109.59197235107422,1023.1513061523438,-286.7606506347656,-0.8997253775596619,0,0.43645647168159487,0,1,0,-0.43645647168159487,0,-0.8997253775596619]},{"p":[-109.59197235107422,1023.1513061523438,-286.7606506347656,-0.8997253775596619,0,0.43645647168159487,0,1,0,-0.43645647168159487,0,-0.8997253775596619]},{"p":[-109.59197235107422,1023.1513061523438,-286.7606506347656,-0.8997253775596619,0,0.43645647168159487,0,1,0,-0.43645647168159487,0,-0.8997253775596619]}],"d":2.222102642059326}