{"a":[{"p":[-139.3689422607422,990.2281494140625,-297.1431884765625,-0.9997937083244324,-1.2145120464879256e-9,0.020310528576374055,-1.7367756122155243e-9,1,-2.5696291316990029e-8,-0.020310528576374055,-2.5726265562298069e-8,-0.9997937083244324]},{"p":[-139.3689422607422,990.2281494140625,-297.1431884765625,-0.9997937083244324,-3.18619042261048e-9,0.020310528576374055,-4.556311772319077e-9,1,-6.741240099472634e-8,-0.020310528576374055,-6.749103675929291e-8,-0.9997937083244324]},{"p":[-139.3689422607422,990.2281494140625,-297.1431884765625,-0.9997937083244324,-5.156183480181653e-9,0.020310528576374055,-7.373437860280774e-9,1,-1.0909286629612325e-7,-0.020310528576374055,-1.0922011739467053e-7,-0.9997937083244324]},{"p":[-139.3689422607422,990.2281494140625,-297.1431884765625,-0.9997937083244324,-3.1194500316189534e-9,0.020310528576374055,-4.460871227962571e-9,1,-6.600028967795879e-8,-0.020310528576374055,-6.60772769833784e-8,-0.9997937083244324]},{"p":[-139.3689422607422,990.2281494140625,-297.1431884765625,-0.9997937083244324,-2.4411195287399325e-9,0.020310528576374055,-3.4908453905302396e-9,1,-5.164837446614001e-8,-0.020310528576374055,-5.170862138470511e-8,-0.9997937083244324]},{"p":[-139.3689422607422,990.2281494140625,-297.1431884765625,-0.9997937083244324,-1.0853279386324744e-9,0.020310528576374055,-1.5520376095423672e-9,1,-2.2962939993931287e-8,-0.020310528576374055,-2.2989725678712604e-8,-0.9997937083244324]},{"p":[-139.3689422607422,990.2281494140625,-297.1431884765625,-0.9997937083244324,2.693048284374555e-10,0.020310528576374055,3.851132746035546e-10,1,5.697980753893717e-9,-0.020310528576374055,5.7046274370975429e-9,-0.9997937083244324]},{"p":[-139.3689422607422,990.2281494140625,-297.1431884765625,-0.9997937083244324,2.299083146084513e-9,0.020310528576374055,3.2877354172455854e-9,1,4.86434466040464e-8,-0.020310528576374055,4.8700186994210529e-8,-0.9997937083244324]},{"p":[-139.3689422607422,990.2281494140625,-297.1431884765625,-0.9997937083244324,2.975097501689561e-9,0.020310528576374055,4.254449237350855e-9,1,6.294636989423452e-8,-0.020310528576374055,6.301979027512061e-8,-0.9997937083244324]},{"p":[-139.3689422607422,990.2281494140625,-297.1431884765625,-0.9997937083244324,4.3262593507620299e-9,0.020310528576374055,6.186636980487492e-9,1,9.153387736660079e-8,-0.020310528576374055,9.16406435180761e-8,-0.9997937083244324]},{"p":[-139.3689422607422,990.2281494140625,-297.1431884765625,-0.9997937083244324,5.676266567888888e-9,0.020310528576374055,8.117173599941907e-9,1,1.2009695637971164e-7,-0.020310528576374055,1.202370469854941e-7,-0.9997937083244324]},{"p":[-139.3689422607422,990.2281494140625,-297.1431884765625,-0.9997937083244324,2.7187256890215396e-9,0.020310528576374055,3.887830946069926e-9,1,5.752204756959145e-8,-0.020310528576374055,5.7589144120129279e-8,-0.9997937083244324]},{"p":[-139.3689422607422,990.2281494140625,-297.1431884765625,-0.9997937083244324,1.7337214996970829e-9,0.020310528576374055,2.4792548014573869e-9,1,3.668156978164916e-8,-0.020310528576374055,3.6724355112482957e-8,-0.9997937083244324]},{"p":[-139.3689422607422,990.2281494140625,-297.1431884765625,-0.9997937083244324,-1.2187658660067769e-9,0.020310528576374055,-1.7428616327919145e-9,1,-2.578644320294643e-8,-0.020310528576374055,-2.5816524029664835e-8,-0.9997937083244324]},{"p":[-139.3689422607422,990.2281494140625,-297.1431884765625,-0.9997937083244324,-3.184987606985601e-9,0.020310528576374055,-4.5545989202366858e-9,1,-6.73873046252993e-8,-0.020310528576374055,-6.746591196815644e-8,-0.9997937083244324]},{"p":[-139.3689422607422,990.2281494140625,-297.1431884765625,-0.9997937083244324,-5.14952880337205e-9,0.020310528576374055,-7.363933018922353e-9,1,-1.0895261226551156e-7,-0.020310528576374055,-1.0907970704465697e-7,-0.9997937083244324]},{"p":[-139.3689422607422,990.2281494140625,-297.1431884765625,-0.9997937083244324,-3.7914742456734988e-9,0.020310528576374055,-5.421886051237834e-9,1,-8.021915931522017e-8,-0.020310528576374055,-8.031273068809242e-8,-0.9997937083244324]},{"p":[-139.3689422607422,990.2281494140625,-297.1431884765625,-0.9997937083244324,-2.43458031512489e-9,0.020310528576374055,-3.481499089019735e-9,1,-5.1510259169162967e-8,-0.020310528576374055,-5.157034266289884e-8,-0.9997937083244324]},{"p":[-139.3689422607422,990.2281494140625,-297.1431884765625,-0.9997937083244324,-1.0788463455924103e-9,0.020310528576374055,-1.5427704669335185e-9,1,-2.2825890511057879e-8,-0.020310528576374055,-2.285251632372365e-8,-0.9997937083244324]},{"p":[-139.3689422607422,990.2281494140625,-297.1431884765625,-0.9997937083244324,-4.014139853847354e-10,0.020310528576374055,-5.740276587395954e-10,1,-8.492899716827651e-9,-0.020310528576374055,-8.502807347099406e-9,-0.9997937083244324]},{"p":[-139.3689422607422,990.2281494140625,-297.1431884765625,-0.9997937083244324,1.6291459292716582e-9,0.020310528576374055,2.32971686386918e-9,1,3.4469330500996878e-8,-0.020310528576374055,3.450953656169986e-8,-0.9997937083244324]},{"p":[-139.3689422607422,990.2281494140625,-297.1431884765625,-0.9997937083244324,2.981406455049296e-9,0.020310528576374055,4.263478459165526e-9,1,6.308022193479701e-8,-0.020310528576374055,6.315380574051233e-8,-0.9997937083244324]},{"p":[-139.3689422607422,990.2281494140625,-297.1431884765625,-0.9997937083244324,4.332511238658299e-9,0.020310528576374055,6.19558759851202e-9,1,9.166666359305964e-8,-0.020310528576374055,9.177359316936418e-8,-0.9997937083244324]},{"p":[-139.3689422607422,990.2281494140625,-297.1431884765625,-0.9997937083244324,5.007630310416289e-9,0.020310528576374055,7.161022885782131e-9,1,1.05950725526327e-7,-0.020310528576374055,1.0607431732978512e-7,-0.9997937083244324]},{"p":[-139.3689422607422,990.2281494140625,-297.1431884765625,-0.9997937083244324,4.694670430183123e-9,0.020310528576374055,6.713482214593114e-9,1,9.932912803378713e-8,-0.020310528576374055,9.944499623770753e-8,-0.9997937083244324]},{"p":[-139.3689422607422,990.2281494140625,-297.1431884765625,-0.9997937083244324,1.7338303015534962e-9,0.020310528576374055,2.479414229483723e-9,1,3.668404957579696e-8,-0.020310528576374055,3.6726842012058117e-8,-0.9997937083244324]},{"p":[-139.3689422607422,990.2281494140625,-297.1431884765625,-0.9997937083244324,-2.3795421189021228e-10,0.020310528576374055,-3.4028241335803957e-10,1,-5.034730410358179e-9,-0.020310528576374055,-5.040603046069236e-9,-0.9997937083244324]},{"p":[-139.4107208251953,990.2281494140625,-297.2282409667969,-0.9649353623390198,9.45463929369339e-10,0.26248759031295779,-1.1297731639103859e-8,1,-4.5133731418900427e-8,-0.26248759031295779,-4.651665008736927e-8,-0.9649353623390198]},{"p":[-139.50247192382813,990.2281494140625,-297.4278259277344,-0.8319714069366455,1.0626507673805463e-8,0.5548184514045715,-3.8721189810075887e-8,1,-7.72170238860781e-8,-0.5548184514045715,-8.5725588405694e-8,-0.8319714069366455]},{"p":[-139.61070251464845,990.2281494140625,-297.6684265136719,-0.633417010307312,2.2726856840904476e-8,0.773810625076294,-6.575250921514453e-8,1,-8.319298672176956e-8,-0.773810625076294,-1.0357584301345924e-7,-0.633417010307312]},{"p":[-139.7181854248047,990.2281494140625,-297.91241455078127,-0.41415175795555117,2.0076486251241478e-8,0.9102078676223755,-5.602609576271789e-8,1,-4.7549352899523e-8,-0.9102078676223755,-7.068803853371719e-8,-0.41415175795555117]},{"p":[-139.8216552734375,990.2281494140625,-298.1581726074219,-0.20067164301872254,1.547260630729852e-8,0.9796585440635681,-3.622654176638207e-8,1,-2.3214461464249326e-8,-0.9796585440635681,-4.014812660102507e-8,-0.20067164301872254]},{"p":[-139.92124938964845,990.2281494140625,-298.405517578125,-0.0065218606032431129,9.829979497055774e-9,0.9999787211418152,-1.1096994434467433e-8,1,-9.902563213870508e-9,-0.9999787211418152,-1.1161341184617868e-8,-0.0065218606032431129]},{"p":[-140.0196075439453,990.2281494140625,-298.6534118652344,0.16177153587341309,3.5685865373835669e-9,0.9868282079696655,1.616869305109958e-8,1,-6.2667653288883688e-9,-0.9868282079696655,1.6969506688724324e-8,0.16177153587341309]},{"p":[-140.1173858642578,990.2281494140625,-298.9015197753906,0.30325114727020266,-3.171392481959856e-9,0.9529106616973877,4.361365313343413e-8,1,-1.0551353568644118e-8,-0.9529106616973877,4.4759623563095377e-8,0.30325114727020266]},{"p":[-140.21444702148438,990.2281494140625,-299.14990234375,0.42012059688568118,-1.0383683246573128e-8,0.9074682593345642,7.019248471351603e-8,1,-2.105376317729224e-8,-0.9074682593345642,7.254256928490577e-8,0.42012059688568118]},{"p":[-140.31271362304688,990.2281494140625,-299.3977966308594,0.5149272680282593,-1.8107112254028835e-8,0.8572338819503784,9.548360679900725e-8,1,-3.623282651687987e-8,-0.8572338819503784,1.0050905530079035e-7,0.5149272680282593]},{"p":[-140.41110229492188,990.2281494140625,-299.6455993652344,0.5915201902389526,-2.250419584015617e-8,0.8062902092933655,1.02793329403994e-7,1,-4.750167192923982e-8,-0.8062902092933655,1.1097944963012196e-7,0.5915201902389526]},{"p":[-140.5100555419922,990.2281494140625,-299.8932189941406,0.6531296372413635,-1.4854849794687653e-8,0.7572460770606995,6.105627647912115e-8,1,-3.304449336383186e-8,-0.7572460770606995,6.781696981761343e-8,0.6531296372413635]},{"p":[-140.60972595214845,990.2281494140625,-300.14056396484377,0.7025468349456787,-6.207085068155038e-9,0.7116374969482422,2.1449974241249948e-8,1,-1.2453708286841448e-8,-0.7116374969482422,2.4013919741605606e-8,0.7025468349456787]},{"p":[-140.71005249023438,990.2281494140625,-300.38763427734377,0.7422093152999878,3.3971363500029385e-9,0.6701681613922119,-1.6156660009869485e-8,1,1.282437356309174e-8,-0.6701681613922119,-2.0346048401620466e-8,0.7422093152999878]},{"p":[-140.81227111816407,990.2281494140625,-300.6339416503906,0.7737534046173096,1.3891299666113355e-8,0.6334869265556336,-5.2036515540976328e-8,1,4.1630116243140949e-8,-0.6334869265556336,-6.517589667964785e-8,0.7737534046173096]},{"p":[-140.9405059814453,990.2281494140625,-300.941650390625,0.8044701218605042,2.814876864931648e-8,0.593993067741394,-9.495473562992629e-8,1,8.121219252643641e-8,-0.593993067741394,-1.2173524055469898e-7,0.8044701218605042]},{"p":[-141.04481506347657,990.2281494140625,-301.18707275390627,0.8229904174804688,2.1186254528515748e-8,0.568055272102356,-6.795774254442222e-8,1,6.116009387824306e-8,-0.568055272102356,-8.893792369235598e-8,0.8229904174804688]},{"p":[-141.08872985839845,990.2281494140625,-301.2902526855469,0.8247119188308716,1.3841581214535381e-8,0.5655530691146851,-4.312435564202133e-8,1,3.8411229752455259e-8,-0.5655530691146851,-5.606731079410565e-8,0.8247119188308716]},{"p":[-141.0906219482422,990.2281494140625,-301.29473876953127,0.8247593641281128,6.475261660199294e-9,0.565483808517456,-1.847116770647972e-8,1,1.548940353757189e-8,-0.565483808517456,-2.3220177780558516e-8,0.8247593641281128]},{"p":[-141.0906524658203,990.2281494140625,-301.2948303222656,0.8247606754302979,-8.855324806766873e-10,0.5654819011688232,6.15841599937994e-9,1,-7.41612904420208e-9,-0.5654819011688232,9.599004258120658e-9,0.8247606754302979]},{"p":[-141.0906524658203,990.2281494140625,-301.2948303222656,0.8247607350349426,-8.240056637021098e-9,0.5654818415641785,3.076693033676747e-8,1,-3.030211814802897e-8,-0.5654818415641785,4.23901376223057e-8,0.8247607350349426]},{"p":[-141.0906524658203,990.2281494140625,-301.2948303222656,0.8247607350349426,-1.558829687553498e-8,0.5654818415641785,5.5354412609176509e-8,1,-5.316854867487564e-8,-0.5654818415641785,7.515324540463553e-8,0.8247607350349426]},{"p":[-141.0906524658203,990.2281494140625,-301.2948303222656,0.8247607350349426,-2.293025502808632e-8,0.5654818415641785,7.992088058017544e-8,1,-7.601543217106155e-8,-0.5654818415641785,1.0788835425046273e-7,0.8247607350349426]},{"p":[-141.0906524658203,990.2281494140625,-301.2948303222656,0.8247607350349426,-2.2272342192763973e-8,0.5654818415641785,7.694281123349356e-8,1,-7.283534841917572e-8,-0.5654818415641785,1.0358149893363589e-7,0.8247607350349426]},{"p":[-141.0906524658203,990.2281494140625,-301.2948303222656,0.8247607350349426,-1.362480883670969e-8,0.5654818415641785,4.6455504332243439e-8,1,-4.366164674252104e-8,-0.5654818415641785,6.22801579197585e-8,0.8247607350349426]},{"p":[-141.0906524658203,990.2281494140625,-301.2948303222656,0.8247607350349426,-4.9846655691965228e-9,0.5654818415641785,1.5994254809470477e-8,1,-1.4512877122285773e-8,-0.5654818415641785,2.1014113116279988e-8,0.8247607350349426]},{"p":[-141.0906524658203,990.2281494140625,-301.2948303222656,0.8247607350349426,3.648092938846048e-9,0.5654818415641785,-1.4440961315642653e-8,1,1.461098175781217e-8,-0.5654818415641785,-2.0216665674865909e-8,0.8247607350349426]},{"p":[-141.0906524658203,990.2281494140625,-301.2948303222656,0.8247607350349426,1.227347379284538e-8,0.5654818415641785,-4.4850168023913287e-8,1,4.3709952990411696e-8,-0.5654818415641785,-6.141220865174546e-8,0.8247607350349426]},{"p":[-141.0906524658203,990.2281494140625,-301.2948303222656,0.8247607350349426,2.089148054551515e-8,0.5654818415641785,-7.523338751980191e-8,1,7.27840543390812e-8,-0.5654818415641785,-1.0257254956513862e-7,0.8247607350349426]},{"p":[-141.0906524658203,990.2281494140625,-301.2948303222656,0.8247607350349426,2.1583408837955177e-8,0.5654818415641785,-7.728893081093702e-8,1,7.455847850224018e-8,-0.5654818415641785,-1.051983886668495e-7,0.8247607350349426]},{"p":[-141.0906524658203,990.2281494140625,-301.2948303222656,0.8247607350349426,1.4359419431286824e-8,0.5654818415641785,-5.1053099525688597e-8,1,4.90681912879154e-8,-0.5654818415641785,-6.933911578244079e-8,0.8247607350349426]},{"p":[-141.0906524658203,990.2281494140625,-301.2948303222656,0.8247607350349426,7.141603308724598e-9,0.5654818415641785,-2.483968941646708e-8,1,2.35996928665827e-8,-0.5654818415641785,-3.351049215893909e-8,0.8247607350349426]},{"p":[-141.0906524658203,990.2281494140625,-301.2948303222656,0.8247607350349426,-7.004526819676116e-11,0.5654818415641785,1.3513159480282866e-9,1,-1.8470389662184062e-9,-0.5654818415641785,2.2875099592312155e-9,0.8247607350349426]},{"p":[-141.0906524658203,990.2281494140625,-301.2948303222656,0.8247607350349426,-7.27552995627434e-9,0.5654818415641785,2.7519934775455114e-8,1,-2.7272021085877897e-8,-0.5654818415641785,3.805491743946732e-8,0.8247607350349426]},{"p":[-141.0906524658203,990.2281494140625,-301.2948303222656,0.8247607350349426,-1.447485509231683e-8,0.5654818415641785,5.366619149071994e-8,1,-5.267527569685626e-8,-0.5654818415641785,7.379175315236353e-8,0.8247607350349426]},{"p":[-141.0906524658203,990.2281494140625,-301.2948303222656,0.8247607350349426,-2.1668027372356847e-8,0.5654818415641785,7.979009808423143e-8,1,-7.805681434547296e-8,-0.5654818415641785,1.0949804618576309e-7,0.8247607350349426]},{"p":[-140.96607971191407,990.2281494140625,-301.3646545410156,0.9206176400184631,-2.0785288157298966e-8,0.3904653787612915,6.093267757023568e-8,1,-9.043160531518879e-8,-0.3904653787612915,1.0704503239367114e-7,0.9206176400184631]},{"p":[-140.73379516601563,990.2281494140625,-301.4805603027344,0.9804059863090515,-7.925757827820235e-9,0.19698745012283326,2.056855841203742e-8,1,-6.213482350858612e-8,-0.19698745012283326,6.496910032183223e-8,0.9804059863090515]},{"p":[-140.4949493408203,990.2281494140625,-301.59881591796877,0.9997766613960266,1.0323781829413292e-8,0.02113312855362892,-9.847366477799824e-9,1,-2.2647588693303079e-8,-0.02113312855362892,2.2434425872575049e-8,0.9997766613960266]},{"p":[-140.24728393554688,990.2281494140625,-301.6974792480469,0.9898412823677063,3.3793853049246539e-8,-0.14217685163021089,-3.064739217961687e-8,1,2.4320401692534689e-8,0.14217685163021089,-1.971598884153991e-8,0.9898412823677063]},{"p":[-139.9965057373047,990.2281494140625,-301.7881164550781,0.9585689306259155,6.226491677807644e-8,-0.284860759973526,-4.238818362978236e-8,1,7.594207573902168e-8,0.284860759973526,-6.072098557297068e-8,0.9585689306259155]},{"p":[-139.74281311035157,990.2281494140625,-301.8702697753906,0.9131596684455872,6.85992773696853e-8,-0.4076020419597626,-3.305454399082919e-8,1,9.424683611314322e-8,0.4076020419597626,-7.258930878606407e-8,0.9131596684455872]},{"p":[-139.48867797851563,990.2281494140625,-301.9510803222656,0.8608160614967346,4.803665731856199e-8,-0.5089161992073059,-1.2172113983410782e-8,1,7.380135258472365e-8,0.5089161992073059,-5.733480179515027e-8,0.8608160614967346]},{"p":[-139.23452758789063,990.2281494140625,-302.03179931640627,0.8064670562744141,2.5971598205387637e-8,-0.5912790894508362,4.57706494927379e-9,1,5.016725879158912e-8,0.5912790894508362,-4.3164561702724316e-8,0.8064670562744141]},{"p":[-139.1276397705078,990.2281494140625,-302.0657653808594,0.800835132598877,3.018621352879336e-9,-0.5988848209381104,1.5470339675971446e-8,1,2.572750545937197e-8,0.5988848209381104,-2.986844194197147e-8,0.800835132598877]},{"p":[-139.12301635742188,990.2281494140625,-302.0672302246094,0.8006784915924072,-1.997337051307113e-8,-0.5990942716598511,2.5965379180092897e-8,1,1.3629749551213877e-9,0.5990942716598511,-1.6647014433601727e-8,0.8006784915924072]},{"p":[-139.1229248046875,990.2281494140625,-302.0672607421875,0.8006742000579834,-4.294732747212038e-8,-0.5991000533103943,3.644690593773703e-8,1,-2.2976514912897984e-8,0.5991000533103943,-3.4386400393771057e-9,0.8006742000579834]},{"p":[-139.1229248046875,990.2281494140625,-302.0672607421875,0.8006740808486939,-6.590169476794472e-8,-0.5991001725196838,4.691952071311789e-8,1,-4.729501767997135e-8,0.5991001725196838,9.758401198212141e-9,0.8006740808486939]},{"p":[-139.1229248046875,990.2281494140625,-302.0672607421875,0.8006740808486939,-8.883645108426208e-8,-0.5991001725196838,5.7383186202741857e-8,1,-7.159272996659638e-8,0.5991001725196838,2.2944167454852505e-8,0.8006740808486939]},{"p":[-139.1229248046875,990.2281494140625,-302.0672607421875,0.8006740808486939,-1.1175160352649982e-7,-0.5991001725196838,6.783790951203628e-8,1,-9.586968729990986e-8,0.5991001725196838,3.611866716823897e-8,0.8006740808486939]},{"p":[-139.1229248046875,990.2281494140625,-302.0672607421875,0.8006740808486939,-9.993134142405325e-8,-0.5991001725196838,5.8348916809336518e-8,1,-8.882133784027246e-8,0.5991001725196838,3.616009891516114e-8,0.8006740808486939]},{"p":[-139.1229248046875,990.2281494140625,-302.0672607421875,0.8006740808486939,-5.342020514831347e-8,-0.5991001725196838,2.8941778751345738e-8,1,-5.048784146310936e-8,0.5991001725196838,2.308527946581762e-8,0.8006740808486939]},{"p":[-139.1229248046875,990.2281494140625,-302.0672607421875,0.8006740808486939,-6.948826847263945e-9,-0.5991001725196838,-4.402164743844139e-10,1,-1.21871055469569e-8,0.5991001725196838,1.0021633300993927e-8,0.8006740808486939]},{"p":[-139.1229248046875,990.2281494140625,-302.0672607421875,0.8006740808486939,3.948283122667817e-8,-0.5991001725196838,-2.9797094569516959e-8,1,2.6080895665359095e-8,0.5991001725196838,-3.0308529019862364e-9,0.8006740808486939]},{"p":[-139.1229248046875,990.2281494140625,-302.0672607421875,0.8006740808486939,8.587480238020362e-8,-0.5991001725196838,-5.912887957038038e-8,1,6.431618970736963e-8,0.5991001725196838,-1.6072187136728645e-8,0.8006740808486939]},{"p":[-139.1229248046875,990.2281494140625,-302.0672607421875,0.8006740808486939,9.606167594711224e-8,-0.5991001725196838,-6.43947757339447e-8,1,7.428214843230308e-8,0.5991001725196838,-2.089687001216589e-8,0.8006740808486939]},{"p":[-139.1229248046875,990.2281494140625,-302.0672607421875,0.8006740808486939,7.008985392076284e-8,-0.5991001725196838,-4.5625633049439787e-8,1,5.6014993532471638e-8,0.5991001725196838,-1.7515427330749845e-8,0.8006740808486939]},{"p":[-139.1229248046875,990.2281494140625,-302.0672607421875,0.8006740808486939,4.414023280219226e-8,-0.5991001725196838,-2.6872536196265174e-8,1,3.7763449256544848e-8,0.5991001725196838,-1.4136873893733082e-8,0.8006740808486939]},{"p":[-139.1229248046875,991.1012573242188,-302.0672607421875,0.8006740808486939,1.821002193480581e-8,-0.5991001725196838,-8.133469897586565e-9,1,1.9525556282928848e-8,0.5991001725196838,-1.0760843771606688e-8,0.8006740808486939]},{"p":[-139.1229248046875,991.9232788085938,-302.0672607421875,0.8006740808486939,-7.698019999224926e-9,-0.5991001725196838,1.0589574550579073e-8,1,1.3032508405785848e-9,0.5991001725196838,-7.3876949002738e-9,0.8006740808486939]},{"p":[-139.1229248046875,992.6907958984375,-302.0672607421875,0.8006740808486939,-3.358391253982518e-8,-0.5991001725196838,2.9296609582729617e-8,1,-1.6903481281360656e-8,0.5991001725196838,-4.017424615199161e-9,0.8006740808486939]},{"p":[-139.1229248046875,993.40380859375,-302.0672607421875,0.8006740808486939,-5.944767877963386e-8,-0.5991001725196838,4.798764763336294e-8,1,-3.509465074102991e-8,0.5991001725196838,-6.50030029802906e-10,0.8006740808486939]},{"p":[-139.1229248046875,994.0623168945313,-302.0672607421875,0.8006740808486939,-8.528932937679201e-8,-0.5991001725196838,6.66627002487985e-8,1,-5.327027352564073e-8,0.5991001725196838,2.714491298405619e-9,0.8006740808486939]},{"p":[-139.1229248046875,994.808837890625,-302.0672607421875,0.8006740808486939,-1.1756033302390279e-7,-0.5991001725196838,8.998406997307029e-8,1,-7.596796081088542e-8,0.5991001725196838,6.916102801568513e-9,0.8006740808486939]},{"p":[-139.1229248046875,995.2158813476563,-302.0672607421875,0.8006740808486939,-1.3690637956642605e-7,-0.5991001725196838,1.0396492200470675e-7,1,-8.957492525496491e-8,0.5991001725196838,9.434919512329998e-9,0.8006740808486939]},{"p":[-139.1229248046875,995.7109375,-302.0672607421875,0.8006740808486939,-1.626818146860387e-7,-0.5991001725196838,1.225921124614615e-7,1,-1.0770398972681505e-7,0.5991001725196838,1.2790833281428604e-8,0.8006740808486939]},{"p":[-139.1229248046875,996.1514282226563,-302.0672607421875,0.8006740808486939,-1.3635357731800469e-7,-0.5991001725196838,1.0225673463537533e-7,1,-9.09351456357399e-8,0.5991001725196838,1.1547387046562108e-8,0.8006740808486939]},{"p":[-139.1229248046875,996.6254272460938,-302.0672607421875,0.8006740808486939,-8.178584920415233e-8,-0.5991001725196838,6.06428542937465e-8,1,-5.546766601582931e-8,0.5991001725196838,8.08037725619215e-9,0.8006740808486939]},{"p":[-139.1229248046875,996.8689575195313,-302.0672607421875,0.8006740808486939,-4.9073204166916187e-8,-0.5991001725196838,3.569587292417964e-8,1,-3.420536742737568e-8,0.5991001725196838,6.0019478276274189e-9,0.8006740808486939]},{"p":[-139.1229248046875,997.14599609375,-302.0672607421875,0.8006740808486939,-5.488971055456204e-9,-0.5991001725196838,2.458121928228252e-9,1,-5.876841235874508e-9,0.5991001725196838,3.232773160277702e-9,0.8006740808486939]},{"p":[-139.1229248046875,997.3685302734375,-302.0672607421875,0.8006740808486939,3.805799764222684e-8,-0.5991001725196838,-3.075120957873878e-8,1,2.2427469659191958e-8,0.5991001725196838,4.659601038348171e-10,0.8006740808486939]},{"p":[-139.1229248046875,997.5365600585938,-302.0672607421875,0.8006740808486939,8.156773390055605e-8,-0.5991001725196838,-6.39321413586913e-8,1,5.070758390957053e-8,0.5991001725196838,-2.2984916192569928e-9,0.8006740808486939]},{"p":[-139.1229248046875,997.6500854492188,-302.0672607421875,0.8006740808486939,1.2504027324666823e-7,-0.5991001725196838,-9.708470827263227e-8,1,7.896353082514907e-8,0.5991001725196838,-5.060587504601699e-9,0.8006740808486939]},{"p":[-139.1229248046875,997.71533203125,-302.0672607421875,0.8006740808486939,1.4291988748027507e-7,-0.5991001725196838,-1.1041991854199296e-7,1,9.098564390797037e-8,0.5991001725196838,-6.697253418508353e-9,0.8006740808486939]},{"p":[-139.1229248046875,997.713623046875,-302.0672607421875,0.8006740808486939,1.2088105449947762e-7,-0.5991001725196838,-9.316323712482699e-8,1,7.726197992496964e-8,0.5991001725196838,-6.0475540131221809e-9,0.8006740808486939]},{"p":[-139.1229248046875,997.6636352539063,-302.0672607421875,0.8006740808486939,9.151793278761034e-8,-0.5991001725196838,-7.017153791366582e-8,1,5.8977452255248866e-8,0.5991001725196838,-5.1819353252824389e-9,0.8006740808486939]},{"p":[-139.1229248046875,997.5591430664063,-302.0672607421875,0.8006740808486939,6.217991455059746e-8,-0.5991001725196838,-4.719949942000312e-8,1,4.0708549420287457e-8,0.5991001725196838,-4.317050716906579e-9,0.8006740808486939]},{"p":[-139.1229248046875,997.3519287109375,-302.0672607421875,0.8006740808486939,2.5542663095734498e-8,-0.5991001725196838,-1.8512073651777429e-8,1,1.789437931165594e-8,0.5991001725196838,-3.2369786850949824e-9,0.8006740808486939]},{"p":[-139.1229248046875,997.1867065429688,-302.0672607421875,0.8006740808486939,3.579106122586495e-9,-0.5991001725196838,-1.3143356403233498e-9,1,4.2175778425246339e-9,0.5991001725196838,-2.5894864030817645e-9,0.8006740808486939]},{"p":[-139.1229248046875,996.8432006835938,-302.0672607421875,0.8006740808486939,-3.2995526311196957e-8,-0.5991001725196838,2.7324054130417609e-8,1,-1.8557607006641775e-8,0.5991001725196838,-1.511250680152898e-9,0.8006740808486939]},{"p":[-139.1229248046875,996.59619140625,-302.0672607421875,0.8006740808486939,-5.4921546421837777e-8,-0.5991001725196838,4.449239554560336e-8,1,-3.22110373929263e-8,0.5991001725196838,-8.648598504024108e-10,0.8006740808486939]},{"p":[-139.1229248046875,996.21923828125,-302.0672607421875,0.8006740808486939,-8.41343705815234e-8,-0.5991001725196838,6.736639335258588e-8,1,-5.0401997242488508e-8,0.5991001725196838,-3.646485457337034e-12,0.8006740808486939]},{"p":[-139.1229248046875,995.67138671875,-302.0672607421875,0.8006740808486939,-1.206152688837392e-7,-0.5991001725196838,9.59313837256559e-8,1,-7.311882654903457e-8,0.5991001725196838,1.0718388399055812e-9,0.8006740808486939]},{"p":[-139.1229248046875,995.3018188476563,-302.0672607421875,0.8006740808486939,-1.4248510638026347e-7,-0.5991001725196838,1.130557194528592e-7,1,-8.673727336372395e-8,0.5991001725196838,1.7165827648213395e-9,0.8006740808486939]},{"p":[-139.1229248046875,994.61767578125,-302.0672607421875,0.8006740808486939,-1.60971595164483e-7,-0.5991001725196838,1.2740169097469335e-7,1,-9.842155179740075e-8,0.5991001725196838,2.477206884066163e-9,0.8006740808486939]},{"p":[-139.1229248046875,994.009033203125,-302.0672607421875,0.8006740808486939,-1.183884847932859e-7,-0.5991001725196838,9.354215535495314e-8,1,-7.259505707679637e-8,0.5991001725196838,2.0838595293781738e-9,0.8006740808486939]},{"p":[-139.1229248046875,993.345947265625,-302.0672607421875,0.8006740808486939,-7.584178263186914e-8,-0.5991001725196838,5.97115672462678e-8,1,-4.6790638918992047e-8,0.5991001725196838,1.6908417999061954e-9,0.8006740808486939]},{"p":[-139.1229248046875,992.6283569335938,-302.0672607421875,0.8006740808486939,-3.3331453153095939e-8,-0.5991001725196838,2.5909903555998427e-8,1,-2.1008281336776237e-8,0.5991001725196838,1.298158691653839e-9,0.8006740808486939]},{"p":[-139.1229248046875,992.0543823242188,-302.0672607421875,0.8006740808486939,-1.4725599628562236e-9,-0.5991001725196838,5.776262246293129e-10,1,-1.6859779128353126e-9,0.5991001725196838,1.0038628817099494e-9,0.8006740808486939]},{"p":[-139.1229248046875,991.0296630859375,-302.0672607421875,0.8006740808486939,5.158019789064383e-8,-0.5991001725196838,-4.160673583442076e-8,1,3.049033381330446e-8,0.5991001725196838,5.137828495982433e-10,0.8006740808486939]},{"p":[-139.1229248046875,990.1485595703125,-302.0672607421875,0.8006740808486939,9.398158340445662e-8,-0.5991001725196838,-7.532176482527575e-8,1,5.6206626908306137e-8,0.5991001725196838,1.2209099009563574e-10,0.8006740808486939]},{"p":[-139.21768188476563,990.0321655273438,-302.0435791015625,0.914676308631897,1.1692868184809413e-7,-0.4041872024536133,-1.0650626336428104e-7,1,4.826954480563472e-8,0.4041872024536133,-1.1025393931163308e-9,0.914676308631897]},{"p":[-139.376220703125,990.0809326171875,-302.005615234375,0.9808645248413086,9.294811320614827e-8,-0.19469140470027924,-9.092243402619715e-8,1,1.934099813638568e-8,0.19469140470027924,-1.2690847261964678e-9,0.9808645248413086]},{"p":[-139.69883728027345,990.1542358398438,-301.929931640625,0.9898688793182373,5.4110710578925139e-8,0.14198453724384309,-5.355615684266013e-8,1,-7.727177120386841e-9,-0.14198453724384309,4.474596387860075e-11,0.9898688793182373]},{"p":[-139.95846557617188,990.1878662109375,-301.86907958984377,0.9330838322639465,2.28734471363623e-8,0.35965898633003237,-2.0486890406345993e-8,1,-1.0447290144099952e-8,-0.35965898633003237,2.3799036075189407e-9,0.9330838322639465]},{"p":[-140.2178192138672,990.2064819335938,-301.8070983886719,0.8459284901618958,-9.225997743556036e-9,0.5332963466644287,1.1004058997343691e-8,1,-1.5497809979780897e-10,-0.5332963466644287,5.999524432809267e-9,0.8459284901618958]},{"p":[-140.47705078125,990.216552734375,-301.74456787109377,0.7445000410079956,-4.2436898439746076e-8,0.667622447013855,3.907217305254562e-8,1,1.999283583131728e-8,-0.667622447013855,1.1200792293664108e-8,0.7445000410079956]},{"p":[-140.73626708984376,990.221923828125,-301.68194580078127,0.6396515965461731,-7.675293289821639e-8,0.7686649560928345,6.311370270850603e-8,1,4.733160707814932e-8,-0.7686649560928345,1.8237553689459675e-8,0.6396515965461731]},{"p":[-140.99534606933595,990.224853515625,-301.6188049316406,0.5377448201179504,-1.1202977390212254e-7,0.8431076407432556,8.322516009684478e-8,1,7.979512162137326e-8,-0.8431076407432556,2.7258360901782909e-8,0.5377448201179504]},{"p":[-141.254638671875,990.2264404296875,-301.5566101074219,0.44306987524032595,-7.799312840006678e-8,0.8964870572090149,5.155664695166706e-8,1,6.151782372398884e-8,-0.8964870572090149,1.8963174142072604e-8,0.44306987524032595]},{"p":[-141.51397705078126,990.227294921875,-301.4944763183594,0.3570007383823395,-4.3380648406809999e-8,0.9341040849685669,2.3655454484128314e-8,1,3.7400148755750709e-8,-0.9341040849685669,8.74477734669199e-9,0.3570007383823395]},{"p":[-141.7735137939453,990.2277221679688,-301.4331970214844,0.28042465448379519,-8.383487681840052e-9,0.9598760604858398,-8.015764718649621e-10,1,8.968105369433488e-9,-0.9598760604858398,-3.284291727467803e-9,0.28042465448379519]},{"p":[-142.03280639648438,990.2279663085938,-301.37091064453127,0.21224454045295716,2.684588551460365e-8,0.9772166013717651,-2.2290638668209796e-8,1,-2.2630416651736597e-8,-0.9772166013717651,-1.6979598171928957e-8,0.21224454045295716]},{"p":[-142.2919158935547,990.2280883789063,-301.30792236328127,0.15206247568130494,6.218870396423881e-8,0.9883708953857422,-4.127987907054376e-8,1,-5.656943358189892e-8,-0.9883708953857422,-3.219773958562655e-8,0.15206247568130494]},{"p":[-142.5506134033203,990.2281494140625,-301.2432556152344,0.09870246797800064,9.755652996545905e-8,0.9951170086860657,-5.8184177476050539e-8,1,-9.226413766327824e-8,-0.9951170086860657,-4.8793367568578108e-8,0.09870246797800064]},{"p":[-142.80902099609376,990.2281494140625,-301.1773986816406,0.051695629954338077,9.752195495593696e-8,0.9986628890037537,-5.360855581670876e-8,1,-9.487749252912181e-8,-0.9986628890037537,-4.863212055283839e-8,0.051695629954338077]},{"p":[-143.06680297851563,990.2281494140625,-301.109130859375,0.009720896370708943,6.21828561975235e-8,0.9999527335166931,-3.0532291361851097e-8,1,-6.188897572201313e-8,-0.9999527335166931,-2.9929232425729427e-8,0.009720896370708943]},{"p":[-143.32400512695313,990.2281494140625,-301.0386962890625,-0.02773415856063366,2.6963220989273397e-8,0.9996153116226196,-9.460521255277854e-9,1,-2.723607650523263e-8,-0.9996153116226196,-1.0212251488894708e-8,-0.02773415856063366]},{"p":[-143.580810546875,990.2281494140625,-300.96685791015627,-0.06084217131137848,-8.11325318039735e-9,0.9981474280357361,9.90380222276599e-9,1,8.731999123767764e-9,-0.9981474280357361,1.0416727924678071e-8,-0.06084217131137848]},{"p":[-143.8370361328125,990.2281494140625,-300.89300537109377,-0.09046688675880432,-4.3033320906715747e-8,0.9958994388580322,2.7837584681833506e-8,1,4.573925593831518e-8,-0.9958994388580322,3.1861322469239897e-8,-0.09046688675880432]},{"p":[-144.09283447265626,990.2281494140625,-300.8175964355469,-0.11682570725679398,-7.778813682079999e-8,0.9931524395942688,4.458187419231763e-8,1,8.356868619330271e-8,-0.9931524395942688,5.4039567487507159e-8,-0.11682570725679398]},{"p":[-144.34800720214845,990.2281494140625,-300.7401428222656,-0.14063559472560883,-8.208238000406709e-8,0.9900614023208618,4.3986403852613878e-8,1,8.915449711821566e-8,-0.9900614023208618,5.608753639307906e-8,-0.14063559472560883]},{"p":[-144.60284423828126,990.2281494140625,-300.6615905761719,-0.16174370050430299,-5.6143097282301827e-8,0.9868327975273132,2.7599178054060759e-8,1,6.141576136542426e-8,-0.9868327975273132,3.71693857914579e-8,-0.16174370050430299]},{"p":[-144.85733032226563,990.2281494140625,-300.5819091796875,-0.18052171170711518,-3.033314399658593e-8,0.9835709929466248,1.2083315681366003e-8,1,3.3057542481174099e-8,-0.9835709929466248,1.7852395117756715e-8,-0.18052171170711518]},{"p":[-145.11178588867188,990.2281494140625,-300.50213623046877,-0.1967708319425583,-4.647394025170115e-9,0.9804494976997376,-2.695867529212137e-9,1,4.199014469463691e-9,-0.9804494976997376,-1.816923722586239e-9,-0.1967708319425583]},{"p":[-145.21881103515626,990.2281494140625,-300.4685974121094,-0.19832606613636018,2.092696149702533e-8,0.9801360964775086,-1.712462349701127e-8,1,-2.4816166899199744e-8,-0.9801360964775086,-2.1706153319200895e-8,-0.19832606613636018]},{"p":[-145.2234649658203,990.2281494140625,-300.4671325683594,-0.19836904108524323,4.6472507619910178e-8,0.9801273941993713,-3.15489607771724e-8,1,-5.3799990240577247e-8,-0.9801273941993713,-4.1594255151267137e-8,-0.19836904108524323]},{"p":[-145.2235565185547,990.2281494140625,-300.46710205078127,-0.19837021827697755,7.199603402341381e-8,0.9801271557807922,-4.596243030619007e-8,1,-8.27582482543221e-8,-0.9801271557807922,-6.146579778487649e-8,-0.19837021827697755]},{"p":[-145.2235565185547,990.2281494140625,-300.46710205078127,-0.19837024807929994,9.749773965950226e-8,0.9801271557807922,-6.036365363115692e-8,1,-1.1169172609015732e-7,-0.9801271557807922,-8.132037265795589e-8,-0.19837024807929994]},{"p":[-145.2235565185547,990.2281494140625,-300.46710205078127,-0.19837024807929994,6.497186433307434e-8,0.9801271557807922,-3.9417450636847209e-8,1,-7.426700676660403e-8,-0.9801271557807922,-5.336647745934897e-8,-0.19837024807929994]},{"p":[-145.2235565185547,990.2281494140625,-300.46710205078127,-0.19837024807929994,3.247377478032831e-8,0.9801271557807922,-1.848914621405129e-8,1,-3.68742689715873e-8,-0.9801271557807922,-2.543647248387515e-8,-0.19837024807929994]},{"p":[-145.2235565185547,990.2281494140625,-300.46710205078127,-0.19837024807929994,3.452299427234018e-12,0.9801271557807922,2.4212687410596347e-9,1,4.865239877638317e-10,-0.9801271557807922,2.46966314065844e-9,-0.19837024807929994]},{"p":[-145.2235565185547,990.2281494140625,-300.46710205078127,-0.19837024807929994,-3.243912871653265e-8,0.9801271557807922,2.3313811325920143e-8,1,3.781539348324259e-8,-0.9801271557807922,3.035194851008782e-8,-0.19837024807929994]},{"p":[-145.2235565185547,990.2281494140625,-300.46710205078127,-0.19837024807929994,-6.485399239863909e-8,0.9801271557807922,4.4188496417518766e-8,1,7.511236788104725e-8,-0.9801271557807922,5.821040360842744e-8,-0.19837024807929994]},{"p":[-145.2235565185547,990.2281494140625,-300.46710205078127,-0.19837024807929994,-7.079248121044657e-8,0.9801271557807922,4.742374670740901e-8,1,8.182605171214164e-8,-0.9801271557807922,6.271315555750334e-8,-0.19837024807929994]},{"p":[-145.2235565185547,990.2281494140625,-300.46710205078127,-0.19837024807929994,-5.028851646216026e-8,0.9801271557807922,3.3042173441799608e-8,1,5.799563851383027e-8,-0.9801271557807922,4.3890143075486779e-8,-0.19837024807929994]},{"p":[-145.2235565185547,990.2281494140625,-300.46710205078127,-0.19837024807929994,-2.9802073697737798e-8,0.9801271557807922,1.867289434187569e-8,1,3.4185585917612119e-8,-0.9801271557807922,2.508321372829414e-8,-0.19837024807929994]},{"p":[-145.2235565185547,990.2281494140625,-300.46710205078127,-0.19837024807929994,-9.333136041789203e-9,0.9801271557807922,4.315896529050178e-9,1,1.039587704809719e-8,-0.9801271557807922,6.292360410498077e-9,-0.19837024807929994]},{"p":[-145.2235565185547,990.2281494140625,-300.46710205078127,-0.19837024807929994,1.1118313381075496e-8,0.9801271557807922,-1.0028828434371917e-8,1,-1.3373504081926058e-8,-0.9801271557807922,-1.2482432865112969e-8,-0.19837024807929994]},{"p":[-145.2235565185547,990.2281494140625,-300.46710205078127,-0.19837024807929994,3.155228966988943e-8,0.9801271557807922,-2.436129342697768e-8,1,-3.712257523602602e-8,-0.9801271557807922,-3.124117853303687e-8,-0.19837024807929994]},{"p":[-145.2235565185547,990.2281494140625,-300.46710205078127,-0.19837024807929994,5.1968807923685748e-8,0.9801271557807922,-3.868150599828368e-8,1,-6.085135595412794e-8,-0.9801271557807922,-4.998389258048519e-8,-0.19837024807929994]},{"p":[-145.2235565185547,990.2281494140625,-300.46710205078127,-0.19837024807929994,7.236787524789179e-8,0.9801271557807922,-5.298947769460938e-8,1,-8.455985778255126e-8,-0.9801271557807922,-6.871059099466948e-8,-0.19837024807929994]},{"p":[-145.2235565185547,990.2281494140625,-300.46710205078127,-0.19837024807929994,9.274951651150332e-8,0.9801271557807922,-6.728522805588e-8,1,-1.0824810203757807e-7,-0.9801271557807922,-8.74212773283034e-8,-0.19837024807929994]},{"p":[-145.2235565185547,990.2281494140625,-300.46710205078127,-0.19837024807929994,5.9548078468196766e-8,0.9801271557807922,-4.2913633535590637e-8,1,-6.944085129134692e-8,-0.9801271557807922,-5.583581597079501e-8,-0.19837024807929994]},{"p":[-145.2235565185547,990.2281494140625,-300.46710205078127,-0.19837024807929994,2.6375005290901755e-8,0.9801271557807922,-1.8562872128313758e-8,1,-3.066676157459369e-8,-0.9801271557807922,-2.4277348131818145e-8,-0.19837024807929994]},{"p":[-145.2235565185547,990.2281494140625,-300.46710205078127,-0.19837024807929994,-6.769723448485365e-9,0.9801271557807922,5.767076594054288e-9,1,8.074197310747877e-9,-0.9801271557807922,7.254148837176899e-9,-0.19837024807929994]},{"p":[-145.2235565185547,990.2281494140625,-300.46710205078127,-0.19837024807929994,-3.9886135283495608e-8,0.9801271557807922,3.0076229506903476e-8,1,4.678205556274406e-8,-0.9801271557807922,3.875869936109666e-8,-0.19837024807929994]},{"p":[-145.2235565185547,990.2281494140625,-300.46710205078127,-0.19837024807929994,-7.297425241858946e-8,0.9801271557807922,5.4364605261980617e-8,1,8.545683982674746e-8,-0.9801271557807922,7.023632520031242e-8,-0.19837024807929994]},{"p":[-145.2235565185547,990.2281494140625,-300.46710205078127,-0.19837024807929994,-6.527708507064745e-8,0.9801271557807922,4.83267790230002e-8,1,7.638160326450816e-8,-0.9801271557807922,6.251822526337492e-8,-0.19837024807929994]},{"p":[-145.2235565185547,990.2281494140625,-300.46710205078127,-0.19837024807929994,-5.316953988199202e-8,0.9801271557807922,3.9245488636652229e-8,1,6.219057979706122e-8,-0.9801271557807922,5.080233123067046e-8,-0.19837024807929994]},{"p":[-145.2235565185547,990.2281494140625,-300.46710205078127,-0.19837024807929994,-1.687793194093956e-8,0.9801271557807922,1.2024902851237585e-8,1,1.9653892735504998e-8,-0.9801271557807922,1.5684681997640838e-8,-0.19837024807929994]},{"p":[-145.2235565185547,990.2281494140625,-300.46710205078127,-0.19837024807929994,-4.791065766340807e-9,0.9801271557807922,2.959130052104797e-9,1,5.4871134302914019e-9,-0.9801271557807922,3.988803953802744e-9,-0.19837024807929994]},{"p":[-145.2235565185547,990.2281494140625,-300.46710205078127,-0.19837024807929994,3.143855664688999e-8,0.9801271557807922,-2.4214942939693175e-8,1,-3.69769139751952e-8,-0.9801271557807922,-3.106884349790562e-8,-0.19837024807929994]},{"p":[-145.2235565185547,990.2281494140625,-300.46710205078127,-0.19837024807929994,4.350477667003361e-8,0.9801271557807922,-3.326522346469574e-8,1,-5.11194961916317e-8,-0.9801271557807922,-4.274473752730046e-8,-0.19837024807929994]},{"p":[-145.2235565185547,990.2281494140625,-300.46710205078127,-0.19837024807929994,7.967251747231785e-8,0.9801271557807922,-6.039286404302402e-8,1,-9.35109909505627e-8,-0.9801271557807922,-7.77424844500274e-8,-0.19837024807