{"data":[{"type":"position","time":0.013602256774902344,"pos":[874.8193359375,16.41105842590332,-25.621849060058595,0.017430875450372697,2.4687299315928614e-8,-0.9998480677604675,-5.384982459943899e-10,1,2.4681662935677197e-8,0.9998480677604675,1.0819343337908904e-10,0.017430875450372697]},{"type":"position","time":0.034119367599487308,"pos":[874.8193359375,16.41105842590332,-25.621849060058595,0.017430875450372697,1.0714339637729609e-8,-0.9998480677604675,-2.241793972679318e-10,1,1.0712059683726239e-8,0.9998480677604675,3.7424761206716897e-11,0.017430875450372697]},{"type":"position","time":0.04703235626220703,"pos":[874.8193359375,16.41105842590332,-25.621849060058595,0.017430875450372697,-3.1168724490271418e-8,-0.9998480677604675,7.179716265959257e-10,1,-3.116094404731484e-8,0.9998480677604675,-1.7469996282937218e-10,0.017430875450372697]},{"type":"position","time":0.06151556968688965,"pos":[874.8193359375,16.41105842590332,-25.621849060058595,0.017430875450372697,-4.51178152616194e-8,-0.9998480677604675,1.031753571467675e-9,1,-4.5106684609663719e-8,0.9998480677604675,-2.4534785314500598e-10,0.017430875450372697]},{"type":"position","time":0.07605648040771485,"pos":[874.8193359375,16.41105842590332,-25.621849060058595,0.017430875450372697,-7.299811954908364e-8,-0.9998480677604675,1.658915449453957e-9,1,-7.298029203184342e-8,0.9998480677604675,-3.865530395774641e-10,0.017430875450372697]},{"type":"position","time":0.09071040153503418,"pos":[874.8193359375,16.41105842590332,-25.621849060058595,0.017430875450372697,-1.008546064440452e-7,-0.9998480677604675,2.285541533808555e-9,1,-1.0083008561423412e-7,0.9998480677604675,-5.276376002782968e-10,0.017430875450372697]},{"type":"position","time":0.10721468925476074,"pos":[874.8193359375,16.41105842590332,-25.621849060058595,0.017430875450372697,-1.286872901573588e-7,-0.9998480677604675,2.9116322686206787e-9,1,-1.2865608312040423e-7,0.9998480677604675,-6.68601674025382e-10,0.017430875450372697]},{"type":"position","time":0.12265443801879883,"pos":[874.8193359375,16.41105842590332,-25.621849060058595,0.017430875450372697,-8.236123250071614e-8,-0.9998480677604675,1.8613538488310156e-9,1,-8.234129467155071e-8,0.9998480677604675,-4.257901531357078e-10,0.017430875450372697]},{"type":"position","time":0.13907074928283692,"pos":[874.8193359375,16.41105842590332,-25.621849060058595,0.017430875450372697,-3.6074755627169e-8,-0.9998480677604675,8.119727112898545e-10,1,-3.6066079900365369e-8,0.9998480677604675,-1.8318598027367018e-10,0.017430875450372697]},{"type":"position","time":0.15603232383728028,"pos":[874.8193359375,16.41105842590332,-25.621849060058595,0.017430875450372697,1.017217421406258e-8,-0.9998480677604675,-2.365119211589217e-10,1,1.016959672028861e-8,0.9998480677604675,5.921101109418459e-11,0.017430875450372697]},{"type":"position","time":0.1713855266571045,"pos":[874.8193359375,16.41105842590332,-25.621849060058595,0.017430875450372697,5.637958722104486e-8,-0.9998480677604675,-1.2841007146491279e-9,1,5.6365767164834327e-8,0.9998480677604675,3.0140098750131019e-10,0.017430875450372697]},{"type":"position","time":0.18868470191955567,"pos":[874.8193359375,16.41105842590332,-25.621849060058595,0.017430875450372697,1.0254751714455779e-7,-0.9998480677604675,-2.330794668381486e-9,1,1.0252247051312225e-7,0.9998480677604675,5.433841154811603e-10,0.017430875450372697]},{"type":"position","time":0.2065894603729248,"pos":[874.8193359375,16.41105842590332,-25.621849060058595,0.017430875450372697,1.0853201359850573e-7,-0.9998480677604675,-2.4650392838054815e-9,1,1.0850553167074395e-7,0.9998480677604675,5.733182262268599e-10,0.017430875450372697]},{"type":"position","time":0.22319746017456056,"pos":[874.8193359375,16.41105842590332,-25.621849060058595,0.017430875450372697,7.438455895680818e-8,-0.9998480677604675,-1.6880035147437412e-9,1,7.436643301161894e-8,0.9998480677604675,3.9147504682368608e-10,0.017430875450372697]},{"type":"position","time":0.23971223831176759,"pos":[874.8193359375,16.41105842590332,-25.621849060058595,0.017430875450372697,4.0266282752554619e-8,-0.9998480677604675,-9.11631714561878e-10,1,4.025650568451056e-8,0.9998480677604675,2.097870488437792e-10,0.017430875450372697]},{"type":"position","time":0.2599668502807617,"pos":[874.8193359375,16.41105842590332,-25.621849060058595,0.017430875450372697,6.177154343589564e-9,-0.9998480677604675,-1.359231754927137e-10,1,6.175723488155427e-9,0.9998480677604675,2.8254253103821015e-11,0.017430875450372697]},{"type":"position","time":0.27500057220458987,"pos":[874.8193359375,16.41105842590332,-25.621849060058595,0.017430875450372697,-2.7882846254101424e-8,-0.9998480677604675,6.391226992086274e-10,1,-2.7875939778709836e-8,0.9998480677604675,-1.5312354162411169e-10,0.017430875450372697]},{"type":"position","time":0.29310011863708498,"pos":[874.8193359375,16.41105842590332,-25.621849060058595,0.017430875450372697,-6.191374524178173e-8,-0.9998480677604675,1.4135064230202943e-9,1,-6.189851120552703e-8,0.9998480677604675,-3.3434646717900309e-10,0.017430875450372697]},{"type":"position","time":0.30980396270751955,"pos":[874.8193359375,16.41105842590332,-25.621849060058595,0.017430875450372697,-9.591556704435789e-8,-0.9998480677604675,2.1872286204427384e-9,1,-9.589201255266744e-8,0.9998480677604675,-5.154146553998373e-10,0.017430875450372697]},{"type":"position","time":0.3259005546569824,"pos":[874.8193359375,16.41105842590332,-25.621849060058595,0.017430875450372697,-1.2988833475446882e-7,-0.9998480677604675,2.9602897910763206e-9,1,-1.2985647401819734e-7,0.9998480677604675,-6.963281617977657e-10,0.017430875450372697]},{"type":"position","time":0.3427736759185791,"pos":[874.8193359375,16.41105842590332,-25.621849060058595,0.017430875450372697,-8.655613470409662e-8,-0.9998480677604675,1.9719967880860169e-9,1,-8.653490368715211e-8,0.9998480677604675,-4.63318078347541e-10,0.017430875450372697]},{"type":"position","time":0.3629591464996338,"pos":[874.8193359375,16.41105842590332,-25.621849060058595,0.017430875450372697,-2.162722978482634e-8,-0.9998480677604675,4.911402951002231e-10,1,-2.1621954005013323e-8,0.9998480677604675,-1.1417611300856834e-10,0.017430875450372697]},{"type":"position","time":0.37894487380981448,"pos":[874.8193359375,16.41105842590332,-25.621849060058595,0.017430875450372697,-2.7569314019204594e-12,-0.9998480677604675,-2.0567805271431983e-12,1,-2.793207288728783e-12,0.9998480677604675,2.10515611019646e-12,0.017430875450372697]},{"type":"position","time":0.3977484703063965,"pos":[874.8193359375,16.41105842590332,-25.621849060058595,0.017430875450372697,6.481523229240338e-8,-0.9998480677604675,-1.4803840375776645e-9,1,6.479927350255821e-8,0.9998480677604675,3.506510082296188e-10,0.017430875450372697]},{"type":"position","time":0.41142845153808596,"pos":[874.8193359375,16.41105842590332,-25.621849060058595,0.017430875450372697,8.64027640545828e-8,-0.9998480677604675,-1.9727386391110714e-9,1,8.638150461592886e-8,0.9998480677604675,4.667337627495272e-10,0.017430875450372697]},{"type":"position","time":0.4275181293487549,"pos":[874.8193359375,16.41105842590332,-25.621849060058595,0.017430875450372697,9.431379766056125e-8,-0.9998480677604675,-2.152653166831442e-9,1,9.429060554566604e-8,0.9998480677604675,5.087584242779997e-10,0.017430875450372697]},{"type":"position","time":0.444042444229126,"pos":[874.8193359375,16.41105842590332,-25.621849060058595,0.017430875450372697,6.699676902144347e-8,-0.9998480677604675,-1.5285939181097775e-9,1,6.698029864082855e-8,0.9998480677604675,3.6083647181328617e-10,0.017430875450372697]},{"type":"position","time":0.4632143974304199,"pos":[874.8193359375,16.41105842590332,-25.621849060058595,0.017430875450372697,2.606497595536439e-8,-0.9998480677604675,-5.935045788163507e-10,1,2.6058589952526746e-8,0.9998480677604675,1.3919038144294405e-10,0.017430875450372697]},{"type":"position","time":0.4804670810699463,"pos":[874.8193359375,16.41105842590332,-25.621849060058595,0.017430875450372697,-1.1937417720986332e-9,-0.9998480677604675,2.922261391202774e-11,1,-1.1934137011948565e-9,0.9998480677604675,-8.415929411698109e-12,0.017430875450372697]},{"type":"position","time":0.494459867477417,"pos":[874.8193359375,16.41105842590332,-25.621849060058595,0.017430875450372697,-1.4814365734139301e-8,-0.9998480677604675,3.4038666330005187e-10,1,-1.4810682458232805e-8,0.9998480677604675,-8.21718040833197e-11,0.017430875450372697]},{"type":"position","time":0.5112442970275879,"pos":[874.8193359375,16.41105842590332,-25.621849060058595,0.017430875450372697,-4.203815606729222e-8,-0.9998480677604675,9.623160046601243e-10,1,-4.202776793249541e-8,0.9998480677604675,-2.2958906997772034e-10,0.017430875450372697]},{"type":"position","time":0.5266759395599365,"pos":[874.8193359375,16.41105842590332,-25.621849060058595,0.017430875450372697,-6.923868767216845e-8,-0.9998480677604675,1.5837140487917623e-9,1,-6.922159911937342e-8,0.9998480677604675,-3.7688038800887116e-10,0.017430875450372697]},{"type":"position","time":0.546701192855835,"pos":[874.8193359375,16.41105842590332,-25.621849060058595,0.017430875450372697,-1.0999590926985548e-7,-0.9998480677604675,2.5148156890253405e-9,1,-1.0996878074820416e-7,0.9998480677604675,-5.975815953185304e-10,0.017430875450372697]},{"type":"position","time":0.5599219799041748,"pos":[874.8193359375,16.41105842590332,-25.621849060058595,0.017430875450372697,-1.2357004663954286e-7,-0.9998480677604675,2.824917855193121e-9,1,-1.2353956435617875e-7,0.9998480677604675,-6.710857980429807e-10,0.017430875450372697]},{"type":"position","time":0.5827271938323975,"pos":[874.8193359375,16.41105842590332,-25.621849060058595,0.017430875450372697,-5.723255469547439e-8,-0.9998480677604675,1.30801114384127e-9,1,-5.7218446869455877e-8,0.9998480677604675,-3.1044475323760425e-10,0.017430875450372697]},{"type":"position","time":0.5972878932952881,"pos":[874.8193359375,16.41105842590332,-25.621849060058595,0.017430875450372697,-1.3054793690514544e-8,-0.9998480677604675,2.978197688463524e-10,1,-1.3051585590062587e-8,0.9998480677604675,-7.027395332315223e-11,0.017430875450372697]},{"type":"position","time":0.6119999885559082,"pos":[874.8193359375,16.41105842590332,-25.621849060058595,0.017430875450372697,9.01993058022299e-9,-0.9998480677604675,-2.0695224700606475e-10,1,9.017693258783766e-9,0.9998480677604675,4.9734528995148966e-11,0.017430875450372697]},{"type":"position","time":0.6270725727081299,"pos":[874.8193359375,16.41105842590332,-25.621849060058595,0.017430875450372697,5.314108619813851e-8,-0.9998480677604675,-1.215849421143389e-9,1,5.312796247380902e-8,0.9998480677604675,2.895977624373103e-10,0.017430875450372697]},{"type":"position","time":0.6470789909362793,"pos":[874.8193359375,16.41105842590332,-25.621849060058595,0.017430875450372697,1.1925213527774759e-7,-0.9998480677604675,-2.7275792735537154e-9,1,1.192227045976324e-7,0.9998480677604675,6.490086246202509e-10,0.017430875450372697]},{"type":"position","time":0.660332202911377,"pos":[874.8193359375,16.41105842590332,-25.621849060058595,0.017430875450372697,1.0310726139550752e-7,-0.9998480677604675,-2.3582324981674675e-9,1,1.0308181686013995e-7,0.9998480677604675,5.610679143508435e-10,0.017430875450372697]},{"type":"position","time":0.681553840637207,"pos":[874.8193359375,16.41105842590332,-25.621849060058595,0.017430875450372697,5.4714014652290646e-8,-0.9998480677604675,-1.2511388591818218e-9,1,5.470051789302488e-8,0.9998480677604675,2.9747082574971275e-10,0.017430875450372697]},{"type":"position","time":0.6969544887542725,"pos":[874.8193359375,16.41105842590332,-25.621849060058595,0.017430875450372697,2.248630615042657e-8,-0.9998480677604675,-5.138645620128557e-10,1,2.2480765693444483e-8,0.9998480677604675,1.2192705178826203e-10,0.017430875450372697]},{"type":"position","time":0.7092764377593994,"pos":[874.8193359375,16.41105842590332,-25.621849060058595,0.017430875450372697,6.382779638158809e-9,-0.9998480677604675,-1.4546362725464946e-10,1,6.3812133355156679e-9,0.9998480677604675,3.421139760373393e-11,0.017430875450372697]},{"type":"position","time":0.7272212505340576,"pos":[874.8193359375,16.41105842590332,-25.621849060058595,0.017430875450372697,-2.5803633008081307e-8,-0.9998480677604675,5.908660227760265e-10,1,-2.579725411067102e-8,0.9998480677604675,-1.4110754231744239e-10,0.017430875450372697]},{"type":"position","time":0.7446944713592529,"pos":[874.8193359375,16.41105842590332,-25.621849060058595,0.017430875450372697,-5.7962544985912248e-8,-0.9998480677604675,1.3265666343187377e-9,1,-5.7948223997073e-8,0.9998480677604675,-3.162767547859602e-10,0.017430875450372697]},{"type":"position","time":0.762160062789917,"pos":[874.8193359375,16.41105842590332,-25.621849060058595,0.017430875450372697,-1.0614940038067289e-7,-0.9998480677604675,2.428939049892165e-9,1,-1.0612318135372334e-7,0.9998480677604675,-5.787500478859897e-10,0.017430875450372697]},{"type":"position","time":0.7786149978637695,"pos":[874.8193359375,16.41105842590332,-25.621849060058595,0.017430875450372697,-1.2219796019508068e-7,-0.9998480677604675,2.7960826987083466e-9,1,-1.2216777633966559e-7,0.9998480677604675,-6.661664553320179e-10,0.017430875450372697]},{"type":"position","time":0.7932777404785156,"pos":[874.8193359375,16.41105842590332,-25.621849060058595,0.017430875450372697,-8.151445740622876e-8,-0.9998480677604675,1.865094967357095e-9,1,-8.149432773052468e-8,0.9998480677604675,-4.442941015092572e-10,0.017430875450372697]},{"type":"position","time":0.8113045692443848,"pos":[874.8193359375,16.41105842590332,-25.621849060058595,0.017430875450372697,-4.086571792072391e-8,-0.9998480677604675,9.349025997806848e-10,1,-4.0855631766589798e-8,0.9998480677604675,-2.2261115173449753e-10,0.017430875450372697]},{"type":"position","time":0.8277018070220947,"pos":[874.8193359375,16.41105842590332,-25.621849060058595,0.017430875450372697,-2.5171381645705539e-10,-0.9998480677604675,5.504927243216162e-12,1,-2.5165608485977489e-10,0.9998480677604675,-1.1175049600964382e-12,0.017430875450372697]},{"type":"position","time":0.8447604179382324,"pos":[874.8193359375,16.41105842590332,-25.621849060058595,0.017430875450372697,4.032758482708232e-8,-0.9998480677604675,-9.230986530717189e-10,1,4.0317619465213286e-8,0.9998480677604675,2.201869797602285e-10,0.017430875450372697]},{"type":"position","time":0.8613178730010986,"pos":[874.8193359375,16.41105842590332,-25.621849060058595,0.017430875450372697,1.0113153336988035e-7,-0.9998480677604675,-2.314516578394432e-9,1,1.0110655068729102e-7,0.9998480677604675,5.517893919559924e-10,0.017430875450372697]},{"type":"position","time":0.8768064975738525,"pos":[874.8193359375,16.41105842590332,-25.621849060058595,0.017430875450372697,1.213822002910092e-7,-0.9998480677604675,-2.7779263334082317e-9,1,1.2135221538756014e-7,0.9998480677604675,6.622290493751848e-10,0.017430875450372697]},{"type":"position","time":0.8929975032806397,"pos":[874.8193359375,16.41105842590332,-25.621849060058595,0.017430875450372697,8.599297984801524e-8,-0.9998480677604675,-1.9679669005512325e-9,1,8.597174172564337e-8,0.9998480677604675,4.691052546412777e-10,0.017430875450372697]},{"type":"position","time":0.9111297130584717,"pos":[874.8193359375,16.41105842590332,-25.621849060058595,0.017430875450372697,5.0634000103855217e-8,-0.9998480677604675,-1.158699469705482e-9,1,5.062149455170584e-8,0.9998480677604675,2.7614643904882998e-10,0.017430875450372697]},{"type":"position","time":0.9277157783508301,"pos":[874.7520751953125,16.41064453125,-25.663606643676759,0.24893531203269959,-0.0003394970262888819,-0.9685200452804565,0.000029662969609489666,0.9999999403953552,-0.00034290755866095424,0.9685201048851013,0.00005663261981680989,0.24893531203269959]},{"type":"position","time":0.9457247257232666,"pos":[874.5787353515625,16.409442901611329,-25.771503448486329,0.5307605266571045,-0.000863255059812218,-0.8475213646888733,0.00018195431039202958,0.9999995827674866,-0.0009046149207279086,0.8475218415260315,0.0003259237273596227,0.5307604670524597]},{"type":"position","time":0.961306095123291,"pos":[874.3516235351563,16.407855987548829,-25.903667449951173,0.7481582760810852,-0.000835985119920224,-0.6635197997093201,0.000255879684118554,0.9999995231628418,-0.0009714046027511358,0.6635202765464783,0.0005569831700995565,0.7481580972671509]},{"type":"position","time":0.977916955947876,"pos":[874.117431640625,16.40628433227539,-26.03132438659668,0.890113115310669,-0.0005279107135720551,-0.4557393193244934,0.0001957033819053322,0.9999997019767761,-0.0007761287852190435,0.4557395875453949,0.000601652660407126,0.8901129364967346]},{"type":"position","time":0.9953691959381104,"pos":[873.8815307617188,16.404739379882814,-26.156330108642579,0.9679356217384338,-0.00025735513190738857,-0.2511981725692749,0.0001155329227913171,0.9999998211860657,-0.0005793300806544721,0.25119826197624209,0.0005317325703799725,0.9679355025291443]},{"type":"position","time":1.0128016471862794,"pos":[873.6455078125,16.40319061279297,-26.281381607055665,0.9978774785995483,-0.00009453230450162664,-0.06511907279491425,0.00006671382288914174,0.9999998807907105,-0.0004293684323783964,0.06511910259723664,0.0004241127462591976,0.9978774189949036]},{"type":"position","time":1.0312542915344239,"pos":[873.409423828125,16.401643753051759,-26.406091690063478,0.9952905178070068,-0.0000105802164398483,0.09693675488233566,0.000041517982026562098,0.9999999403953552,-0.00031713710632175207,-0.09693673998117447,0.00031966817914508283,0.9952905178070068]},{"type":"position","time":1.0456750392913819,"pos":[873.1142578125,16.399707794189454,-26.561607360839845,0.9637857675552368,0.00003486057175905444,0.26667773723602297,0.000024451170247630217,1,-0.0002190893719671294,-0.26667773723602297,0.00021767579892184585,0.963785707950592]},{"type":"position","time":1.0663235187530518,"pos":[872.878662109375,16.398147583007814,-26.687021255493165,0.9264822602272034,0.000047015779273351657,0.37633851170539858,0.000015957801224431024,1,-0.00016421492910012603,-0.37633851170539858,0.00015814774087630212,0.9264822006225586]},{"type":"position","time":1.0818188190460206,"pos":[872.6437377929688,16.39657211303711,-26.813589096069337,0.8853052258491516,0.0000460135233879555,0.4650104343891144,0.000009750386197993067,1,-0.00011751476267818362,-0.4650104343891144,0.000108570464362856,0.8853051662445068]},{"type":"position","time":1.09456467628479,"pos":[872.4671630859375,16.39539909362793,-26.90776252746582,0.8538525700569153,0.00004203179923933931,0.520514965057373,0.000006584509719687048,1,-0.00009155163570540026,-0.520514965057373,0.0000815989333204925,0.8538525104522705]},{"type":"position","time":1.1140305995941163,"pos":[872.171875,16.393470764160158,-27.06264877319336,0.8015167117118836,0.00003481232488411479,0.5979723930358887,0.000003703905804286478,1,-0.00006318195664789528,-0.5979723930358887,0.00005285622683004476,0.8015167117118836]},{"type":"position","time":1.1279325485229493,"pos":[871.99462890625,16.392314910888673,-27.15540313720703,0.7716429829597473,0.00003123488568235189,0.6360559463500977,0.00000279302344097232,1,-0.00005249554305919446,-0.6360559463500977,0.00004228433681419119,0.7716429829597473]},{"type":"position","time":1.1454339027404786,"pos":[871.7577514648438,16.39078712463379,-27.27801513671875,0.7345190644264221,0.000024940829462138937,0.6785880923271179,0.0000018541245481173974,1,-0.00003876095070154406,-0.6785880923271179,0.000029728842491749675,0.7345190644264221]},{"type":"position","time":1.1628360748291016,"pos":[871.40234375,16.38168716430664,-27.461668014526368,0.6836247444152832,0.000017509135432192126,0.7298336625099182,9.188240710500395e-7,1,-0.00002485123332007788,-0.7298336625099182,0.000017659507648204454,0.6836247444152832]},{"type":"position","time":1.1784372329711915,"pos":[871.28369140625,16.380462646484376,-27.5225887298584,0.6694055795669556,0.000015504281691391954,0.7428971529006958,6.903562166371557e-7,1,-0.000021492087398655714,-0.7428971529006958,0.000014899786037858576,0.6694055795669556]},{"type":"position","time":1.1953163146972657,"pos":[871.0464477539063,16.382221221923829,-27.644447326660158,0.6430971026420593,0.000011490692486404442,0.7657846212387085,3.96021334836405e-7,1,-0.00001533769682282582,-0.7657846212387085,0.000010166895663132891,0.6430971026420593]},{"type":"position","time":1.2099435329437256,"pos":[870.8092651367188,16.38361358642578,-27.766300201416017,0.6196141242980957,0.000008792065273155459,0.7849065661430359,2.5021984129125487e-7,1,-0.000011398942660889589,-0.7849065661430359,0.000007259344783960842,0.6196141242980957]},{"type":"position","time":1.2292191982269288,"pos":[870.572021484375,16.37665367126465,-27.888154983520509,0.5988462567329407,0.000006788806331314845,0.8008639812469482,1.7019198139678338e-7,1,-0.000008604113645560574,-0.8008639812469482,0.000005288842203299282,0.5988462567329407]},{"type":"position","time":1.2477147579193116,"pos":[870.2161865234375,16.377161026000978,-28.070960998535158,0.5714375376701355,0.000004794193500856636,0.8206455707550049,9.781961551880159e-8,1,-0.00000591009256822872,-0.8206455707550049,0.0000034575239169498674,0.5714375376701355]},{"type":"position","time":1.2625000476837159,"pos":[869.97900390625,16.378450393676759,-28.192808151245118,0.5563831329345703,0.0000036434009871300079,0.8309258818626404,6.024573195873018e-8,1,-0.00000442508871856262,-0.8309258818626404,0.0000025121048565779349,0.5563831329345703]},{"type":"position","time":1.2812869548797608,"pos":[869.7412719726563,16.371444702148439,-28.313587188720704,0.5428376197814941,0.0000027084713565272979,0.8398376703262329,3.536681347782178e-8,1,-0.0000032478535558766454,-0.8398376703262329,0.0000017927595763467253,0.5428376197814941]},{"type":"position","time":1.2972674369812012,"pos":[869.503173828125,16.370935440063478,-28.43365478515625,0.5306671857833862,0.0000021480136638274418,0.8475802540779114,2.3865331044703454e-8,1,-0.000002549231567172683,-0.8475802540779114,0.0000013730214050156065,0.5306671857833862]},{"type":"position","time":1.3120496273040772,"pos":[869.2637939453125,16.37270736694336,-28.551097869873048,0.5188084840774536,0.0000019277463252365125,0.8548904657363892,2.0494024255413025e-8,1,-0.000002267400077471393,-0.8548904657363892,0.0000011938665238631075,0.5188084840774536]},{"type":"position","time":1.3311257362365723,"pos":[869.0240478515625,16.365177154541017,-28.66775894165039,0.508080005645752,0.0000016787435015430675,0.8613098859786987,1.8102955579024639e-8,1,-0.0000019597375739976998,-0.8613098859786987,0.0000010112958079844248,0.508080005645752]},{"type":"position","time":1.3479042053222657,"pos":[868.7837524414063,16.356258392333986,-28.783164978027345,0.49813345074653628,0.0000014075681065151003,0.8671003580093384,1.3876368498699776e-8,1,-0.0000016312764046233497,-0.8671003580093384,8.246256015809195e-7,0.49813345074653628]},{"type":"position","time":1.3616697788238526,"pos":[868.5439453125,16.31247901916504,-28.89588737487793,0.488506942987442,0.0000012608217048182269,0.8725600242614746,1.103755842279952e-8,1,-0.0000014511479093926028,-0.8725600242614746,7.185267349996138e-7,0.488506942987442]},{"type":"position","time":1.3805387020111085,"pos":[868.3134765625,16.22650718688965,-28.999834060668947,0.4782940447330475,0.0000013352585028769682,0.8781997561454773,1.1487720996683493e-8,1,-0.0000015267062281054678,-0.8781997561454773,7.403029940178385e-7,0.4782940447330475]},{"type":"position","time":1.3962583541870118,"pos":[868.0721435546875,16.237525939941408,-29.106449127197267,0.4684765636920929,0.0000013317808225110639,0.8834758996963501,1.2461303100508303e-8,1,-0.0000015140408322622534,-0.8834758996963501,7.203019549706369e-7,0.4684765636920929]},{"type":"position","time":1.4115188121795655,"pos":[867.9511108398438,16.253978729248048,-29.15936851501465,0.46392735838890078,0.0000012540624538814882,0.8858732581138611,1.1781914110997605e-8,1,-0.0000014217930583981798,-0.8858732581138611,6.700460062347702e-7,0.46392735838890078]},{"type":"position","time":1.4298796653747559,"pos":[867.583251953125,16.258174896240236,-29.3143367767334,0.4489845335483551,0.0000012873485957243248,0.893539547920227,1.0952305729006185e-8,1,-0.0000014462326589637087,-0.893539547920227,6.591224064322887e-7,0.4489845335483551]},{"type":"position","time":1.4475760459899903,"pos":[867.33935546875,16.266218185424806,-29.415193557739259,0.4400370121002197,0.00000115164618819108,0.8979796171188355,1.0124760585483728e-8,1,-0.000001287447275899467,-0.8979796171188355,5.756162977377244e-7,0.4400370121002197]},{"type":"position","time":1.4624290466308594,"pos":[867.0928344726563,16.275800704956056,-29.515636444091798,0.4316772520542145,9.5535688160453e-7,0.9020281434059143,7.435680071665729e-9,1,-0.0000010626794164636522,-0.9020281434059143,4.654417296023894e-7,0.4316772520542145]},{"type":"position","time":1.4817533493041993,"pos":[866.8466796875,16.276554107666017,-29.61505699157715,0.4240555763244629,7.925669933683821e-7,0.905636191368103,5.211369558111301e-9,1,-8.775896276347339e-7,-0.905636191368103,3.7686638165723709e-7,0.4240555763244629]},{"type":"position","time":1.4949259757995606,"pos":[866.7255249023438,16.279067993164064,-29.662113189697267,0.4199075400829315,7.922034228613484e-7,0.9075669050216675,4.829695754438035e-9,1,-8.751216569180542e-7,-0.9075669050216675,3.718534458130307e-7,0.4199075400829315]},{"type":"position","time":1.5147924423217774,"pos":[866.3544311523438,16.312191009521486,-29.79900360107422,0.40532007813453677,0.0000011959397170357989,0.9141748547554016,9.311811766110623e-9,1,-0.000001312346284976229,-0.9141748547554016,5.404328931035707e-7,0.40532007813453677]},{"type":"position","time":1.5327332019805909,"pos":[866.1035766601563,16.32694435119629,-29.88030433654785,0.3924883306026459,0.0000018410387383482885,0.9197570085525513,1.685821260366538e-8,1,-0.0000020088516521354906,-0.9197570085525513,8.039561407713336e-7,0.3924883306026459]},{"type":"position","time":1.5483999252319337,"pos":[865.8458862304688,16.339191436767579,-29.947654724121095,0.3742366135120392,0.000003563632617442636,0.9273332357406616,4.74076600198714e-8,1,-0.0000038620141822320879,-0.9273332357406616,0.0000014892699482516037,0.3742366135120392]},{"type":"position","time":1.563594102859497,"pos":[865.58447265625,16.34722137451172,-30.00043296813965,0.3512001037597656,0.0000060036263676011,0.9363003969192505,1.1623716744679769e-7,1,-0.000006455672519223299,-0.9363003969192505,0.0000023760658223181965,0.3512001037597656]},{"type":"position","time":1.5808184146881104,"pos":[865.3203735351563,16.351547241210939,-30.03723907470703,0.3233521282672882,0.000008894636266632006,0.9462786912918091,2.1321264398466156e-7,1,-0.000009472450983594172,-0.9462786912918091,0.0000032646960335114274,0.3233521282672882]},{"type":"position","time":1.5961687564849854,"pos":[865.0547485351563,16.35371208190918,-30.060155868530275,0.2922392785549164,0.000011469539458630607,0.95634526014328,3.166395856624149e-7,1,-0.000012089853044017218,-0.95634526014328,0.000003835946699837223,0.2922392785549164]},{"type":"position","time":1.6130096912384034,"pos":[864.7882080078125,16.35475730895996,-30.067140579223634,0.25729385018348696,0.000014189761714078486,0.9663332104682922,4.2520269971646487e-7,1,-0.000014797343283134979,-0.9663332104682922,0.000004218152753310278,0.25729385018348696]},{"type":"position","time":1.6311242580413819,"pos":[864.5218505859375,16.35529327392578,-30.05525779724121,0.21750275790691377,0.00001798780976969283,0.9760597348213196,5.872079782420769e-7,1,-0.000018559858290245758,-0.9760597348213196,0.00000460997034679167,0.21750275790691377]},{"type":"position","time":1.645617961883545,"pos":[864.2567749023438,16.35565948486328,-30.026870727539064,0.17450617253780366,0.000021512829334824347,0.9846560955047607,7.735781650808349e-7,1,-0.000021985160856274889,-0.9846560955047607,0.000004598254690790782,0.17450617253780366]},{"type":"position","time":1.6640162467956544,"pos":[863.9939575195313,16.356033325195314,-29.981670379638673,0.12852075695991517,0.00002452137960062828,0.9917068481445313,9.348744356429961e-7,1,-0.000024847597160260194,-0.9917068481445313,0.0000041205535126209728,0.12852075695991517]},{"type":"position","time":1.680544376373291,"pos":[863.7342529296875,16.356504440307618,-29.92108726501465,0.08057771623134613,0.000026827556212083438,0.9967483282089233,0.000001060254135154537,1,-0.000027000787667930127,-0.9967483282089233,0.000003232468316127779,0.08057771623134613]},{"type":"position","time":1.698517084121704,"pos":[863.4790649414063,16.357120513916017,-29.84404754638672,0.03034256584942341,0.00002913521893788129,0.9995395541191101,0.0000011806492921095924,1,-0.00002918448080890812,-0.9995395541191101,0.0000020656377728300869,0.03034256584942341]},{"type":"position","time":1.7130897045135499,"pos":[863.3745727539063,16.357847213745118,-29.811288833618165,0.02545199543237686,0.000010687070243875496,0.9996760487556458,1.8199456519596425e-7,1,-0.00001069516747520538,-0.9996760487556458,4.541489602161164e-7,0.02545199543237686]},{"type":"position","time":1.7313010692596436,"pos":[863.3701171875,16.35839080810547,-29.809892654418947,0.025316832587122918,-8.499713999299274e-7,0.9996795058250427,-1.070863149266188e-7,1,8.529558499503764e-7,-0.9996795058250427,-1.2864613552210359e-7,0.025316832587122918]},{"type":"position","time":1.7470626831054688,"pos":[863.3700561523438,16.358707427978517,-29.809864044189454,0.02531309612095356,-0.000001431804435014783,0.9996795654296875,-4.601903924594808e-8,1,0.000001433428565178474,-0.9996795654296875,-8.228880687966012e-8,0.02531309612095356]},{"type":"position","time":1.7648234367370606,"pos":[863.3700561523438,16.35887908935547,-29.809864044189454,0.025312993675470353,-2.345064444853051e-7,0.9996795654296875,1.6762518040280839e-9,1,2.345391578728595e-7,-0.9996795654296875,-4.261173636166404e-9,0.025312993675470353]},{"type":"position","time":1.7816417217254639,"pos":[863.3700561523438,16.358972549438478,-29.809864044189454,0.025312991812825204,1.108838532104528e-7,0.9996795654296875,5.704607453083099e-9,1,-1.1106384789627555e-7,-0.9996795654296875,8.51413783919952e-9,0.025312991812825204]},{"type":"position","time":1.797300100326538,"pos":[863.3700561523438,16.35902214050293,-29.809864044189454,0.025312991812825204,7.871769014400343e-8,0.9996795654296875,7.268715074282284e-10,1,-7.876132457340646e-8,-0.9996795654296875,2.720323299953975e-9,0.025312991812825204]},{"type":"position","time":1.8160169124603272,"pos":[863.3700561523438,16.35904884338379,-29.809864044189454,0.025312991812825204,4.657900731785958e-8,0.9996795654296875,-4.2466097305293719e-9,1,-4.648640938853532e-8,-0.9996795654296875,-3.0685389784679275e-9,0.025312991812825204]},{"type":"position","time":1.831357479095459,"pos":[863.3700561523438,16.35906219482422,-29.809864044189454,0.025312991812825204,1.4467791409344955e-8,0.9996795654296875,-9.215839646969926e-9,1,-1.4239073031774297e-8,-0.9996795654296875,-8.852452992869076e-9,0.025312991812825204]},{"type":"position","time":1.8476593494415284,"pos":[863.3700561523438,16.35906982421875,-29.809864044189454,0.025312991812825204,-1.7615983338714615e-8,0.9996795654296875,-1.4180821850118264e-8,1,1.7980703148623435e-8,-0.9996795654296875,-1.4631423184141568e-8,0.025312991812825204]},{"type":"position","time":1.86397123336792,"pos":[863.3700561523438,16.359073638916017,-29.809864044189454,0.025312991812825204,-4.967234090713646e-8,0.9996795654296875,-1.9141559448598856e-8,1,5.017294668618888e-8,-0.9996795654296875,-2.0405453327043689e-8,0.025312991812825204]},{"type":"position","time":1.878908634185791,"pos":[863.3700561523438,16.35907554626465,-29.809864044189454,0.025312991812825204,-6.569024435520987e-8,0.9996795654296875,-2.1620337520289469e-8,1,6.625874959809153e-8,-0.9996795654296875,-2.3290617434668094e-8,0.025312991812825204]},{"type":"position","time":1.8954956531524659,"pos":[863.3700561523438,16.35907745361328,-29.809864044189454,0.025312991812825204,-9.770551656629323e-8,0.9996795654296875,-2.6574717537641847e-8,1,9.840973547170506e-8,-0.9996795654296875,-2.905724727497727e-8,0.025312991812825204]},{"type":"position","time":1.9102067947387696,"pos":[863.3700561523438,16.35907745361328,-29.809864044189454,0.025312991812825204,-9.539174072870083e-8,0.9996795654296875,-2.3432518148069904e-8,1,9.601565409411705e-8,-0.9996795654296875,-2.585545288980029e-8,0.025312991812825204]},{"type":"position","time":1.9284298419952393,"pos":[863.3700561523438,16.35907745361328,-29.809864044189454,0.025312991812825204,-5.879290299048989e-8,0.9996795654296875,-1.2204123045478355e-8,1,5.9120772277765357e-8,-0.9996795654296875,-1.3696736189672265e-8,0.025312991812825204]},{"type":"position","time":1.942896842956543,"pos":[863.3700561523438,16.35907745361328,-29.809864044189454,0.025312991812825204,-2.222534511986396e-8,0.9996795654296875,-9.85325709912388e-10,1,2.225741724259933e-8,-0.9996795654296875,-1.5484118431885464e-9,0.025312991812825204]},{"type":"position","time":1.9618299007415772,"pos":[863.3700561523438,16.35907745361328,-29.809864044189454,0.025312991812825204,1.4310967522135343e-8,0.9996795654296875,1.0223882185300681e-8,1,-1.4574434104019929e-8,-0.9996795654296875,1.0589528365301249e-8,0.025312991812825204]},{"type":"position","time":1.9787487983703614,"pos":[863.3700561523438,16.35907745361328,-29.809864044189454,0.025312991812825204,5.0816058916325349e-8,0.9996795654296875,2.1423508300699724e-8,1,-5.1374815512872377e-8,-0.9996795654296875,2.271709398371513e-8,0.025312991812825204]},{"type":"position","time":1.9960036277770997,"pos":[863.3700561523438,16.35907745361328,-29.809864044189454,0.025312991812825204,8.728995481988022e-8,0.9996795654296875,3.26135598527344e-8,1,-8.814374297116956e-8,-0.9996795654296875,3.483429367179269e-8,0.025312991812825204]},{"type":"position","time":2.0128133296966554,"pos":[863.3700561523438,16.35907745361328,-29.809864044189454,0.025312991812825204,7.547673419594503e-8,0.9996795654296875,2.6154266308253683e-8,1,-7.616317532210815e-8,-0.9996795654296875,2.807380461433695e-8,0.025312991812825204]},{"type":"position","time":2.0286524295806886,"pos":[863.3700561523438,16.35907745361328,-29.809864044189454,0.025312991812825204,6.046711575891095e-8,0.9996795654296875,2.0132763012270517e-8,1,-6.099628535594093e-8,-0.9996795654296875,2.1670311767252316e-8,0.025312991812825204]},{"type":"position","time":2.0453600883483888,"pos":[863.3700561523438,16.35907745361328,-29.809864044189454,0.025312991812825204,3.0467131040268217e-8,0.9996795654296875,8.097478243485057e-9,1,-3.068193166200217e-8,-0.9996795654296875,8.871535506216333e-9,0.025312991812825204]},{"type":"position","time":2.0595204830169679,"pos":[863.3700561523438,16.35907745361328,-29.809864044189454,0.025312991812825204,4.927794838849309e-10,0.9996795654296875,-3.927519198754226e-9,1,-3.934883252565413e-10,-0.9996795654296875,-3.916300173045784e-9,0.025312991812825204]},{"type":"position","time":2.079015016555786,"pos":[863.3700561523438,16.35907745361328,-29.809864044189454,0.025312991812825204,-4.4420730205274597e-8,0.9996795654296875,-2.194574477698552e-8,1,4.499065653362777e-8,-0.9996795654296875,-2.3077561195350428e-8,0.025312991812825204]},{"type":"position","time":2.092280387878418,"pos":[863.3700561523438,16.35907745361328,-29.809864044189454,0.025312991812825204,-5.9379104300205657e-8,0.9996795654296875,-2.794668674255263e-8,1,6.010577635606751e-8,-0.9996795654296875,-2.9459188866098885e-8,0.025312991812825204]},{"type":"position","time":2.1116740703582765,"pos":[863.3700561523438,16.35907745361328,-29.809864044189454,0.025312991812825204,-8.927667494162961e-8,0.9996795654296875,-3.994087549585856e-8,1,9.03166395005428e-8,-0.9996795654296875,-4.221426053163668e-8,0.025312991812825204]},{"type":"position","time":2.128849983215332,"pos":[863.3700561523438,16.35907745361328,-29.809864044189454,0.025312991812825204,-1.1914870157170299e-7,0.9996795654296875,-5.19248075647738e-8,1,1.2050168152200059e-7,-0.9996795654296875,-5.495843069525108e-8,0.025312991812825204]},{"type":"position","time":2.145822048187256,"pos":[863.3700561523438,16.35907745361328,-29.809864044189454,0.025312991812825204,-7.864670692470099e-8,0.9996795654296875,-3.367149759014865e-8,1,7.952451142045902e-8,-0.9996795654296875,-3.567371109625128e-8,0.025312991812825204]},{"type":"position","time":2.162367105484009,"pos":[863.3700561523438,16.35907745361328,-29.809864044189454,0.025312991812825204,-3.8179322814357877e-8,0.9996795654296875,-1.5433789357643947e-8,1,3.85823604176494e-8,-0.9996795654296875,-1.6405477865077957e-8,0.025312991812825204]},{"type":"position","time":2.1793875694274904,"pos":[863.3700561523438,16.35907745361328,-29.809864044189454,0.025312991812825204,2.253476960589751e-9,0.9996795654296875,2.7883313435950187e-9,1,-2.324803016762189e-9,-0.9996795654296875,2.8462856516142667e-9,0.025312991812825204]},{"type":"position","time":2.194171190261841,"pos":[863.3700561523438,16.35907745361328,-29.809864044189454,0.025312991812825204,4.265172393047578e-8,0.9996795654296875,2.099487694806612e-8,1,-4.31970086367528e-8,-0.9996795654296875,2.2081595218992335e-8,0.025312991812825204]},{"type":"position","time":2.2112834453582765,"pos":[863.3700561523438,16.35907745361328,-29.809864044189454,0.025312991812825204,8.301545051381254e-8,0.9996795654296875,3.918585989026724e-8,1,-8.403428353176423e-8,-0.9996795654296875,4.130046349359873e-8,0.025312991812825204]},{"type":"position","time":2.230684995651245,"pos":[863.3700561523438,16.35907745361328,-29.809864044189454,0.025312991812825204,8.986141608602338e-8,0.9996795654296875,4.184030188980614e-8,1,-9.094966202383148e-8,-0.9996795654296875,4.4129105702950258e-8,0.025312991812825204]},{"type":"position","time":2.245708465576172,"pos":[863.3700561523438,16.35907745361328,-29.809864044189454,0.025312991812825204,4.992670454839754e-8,0.9996795654296875,2.2551153833205718e-8,1,-5.05137265349731e-8,-0.9996795654296875,2.3822581241006448e-8,0.025312991812825204]},{"type":"position","time":2.261845588684082,"pos":[863.3700561523438,16.35907745361328,-29.809864044189454,0.025312991812825204,3.662650982505511e-8,0.9996795654296875,1.612693445451896e-8,1,-3.7046600454004877e-8,-0.9996795654296875,1.705952712427461e-8,0.025312991812825204]},{"type":"position","time":2.2798895835876467,"pos":[863.3700561523438,16.35907745361328,-29.809864044189454,0.025312991812825204,1.0043168963136396e-8,0.9996795654296875,3.286731553586719e-9,1,-1.012961181601213e-8,-0.9996795654296875,3.542089288544048e-9,0.025312991812825204]},{"type":"position","time":2.295088768005371,"pos":[863.3700561523438,16.35907745361328,-29.809864044189454,0.025312991812825204,-1.651745407116323e-8,0.9996795654296875,-9.542495682524077e-9,1,1.676437477726722e-8,-0.9996795654296875,-9.963794234124635e-9,0.025312991812825204]},{"type":"position","time":2.3125200271606447,"pos":[863.3700561523438,16.35907745361328,-29.809864044189454,0.025312991812825204,-4.3055379705947419e-8,0.9996795654296875,-2.23607550253746e-8,1,4.363538153029367e-8,-0.9996795654296875,-2.3458133213694056e-8,0.025312991812825204]},{"type":"position","time":2.3305020332336427,"pos":[863.3700561523438,16.35907745361328,-29.809864044189454,0.025312991812825204,-8.281975283352949e-8,0.9996795654296875,-4.156760624596245e-8,1,8.389883987547364e-8,-0.9996795654296875,-4.3678017647152959e-8,0.025312991812825204]},{"type":"position","time":2.3456599712371828,"pos":[863.3700561523438,16.35907745361328,-29.809864044189454,0.025312991812825204,-9.606321782484884e-8,0.9996795654296875,-4.7964416438617266e-8,1,9.730852212896935e-8,-0.9996795654296875,-5.0412218399742417e-8,0.025312991812825204]},{"type":"position","time":2.3631796836853029,"pos":[863.3700561523438,16.35907745361328,-29.809864044189454,0.025312991812825204,-7.160942061545939e-8,0.9996795654296875,-3.539257420470676e-8,1,7.252855738215658e-8,-0.9996795654296875,-3.721714847415569e-8,0.025312991812825204]},{"type":"position","time":2.3807120323181154,"pos":[863.37005