{"data":[{"type":"position","time":0.004535675048828125,"pos":[286.452880859375,12.999999046325684,17.111188888549806,-0.22567768394947053,7.310751470868127e-8,-0.974202036857605,-8.644724402984139e-8,1,9.506932485692232e-8,0.974202036857605,1.056721004033534e-7,-0.22567768394947053]},{"type":"position","time":0.02015995979309082,"pos":[286.452880859375,12.999999046325684,17.111188888549806,-0.22567768394947053,4.8272887909206477e-8,-0.974202036857605,-5.7081134485770238e-8,1,6.277427644363343e-8,0.974202036857605,6.977531086249656e-8,-0.22567768394947053]},{"type":"position","time":0.03615164756774902,"pos":[286.452880859375,12.999999046325684,17.111188888549806,-0.22567768394947053,2.345947791582148e-8,-0.974202036857605,-2.774012131112613e-8,1,3.0506818404774097e-8,0.974202036857605,3.3909191898828797e-8,-0.22567768394947053]},{"type":"position","time":0.05150723457336426,"pos":[286.452880859375,12.999999046325684,17.111188888549806,-0.22567768394947053,-1.332739363313351e-9,-0.974202036857605,1.5758147009492519e-9,1,-1.733075349896751e-9,0.974202036857605,-1.9262782480211628e-9,-0.22567768394947053]},{"type":"position","time":0.07085347175598145,"pos":[286.452880859375,12.999999046325684,17.111188888549806,-0.22567768394947053,-2.6103780470521089e-8,-0.974202036857605,3.086669764229555e-8,1,-3.394542957835256e-8,0.974202036857605,-3.773112666749512e-8,-0.22567768394947053]},{"type":"position","time":0.08754706382751465,"pos":[286.452880859375,12.999999046325684,17.111188888549806,-0.22567768394947053,-5.085366439061545e-8,-0.974202036857605,6.013254960635095e-8,1,-6.613026926061139e-8,0.974202036857605,-7.350537600814278e-8,-0.22567768394947053]},{"type":"position","time":0.10106515884399414,"pos":[286.452880859375,12.999999046325684,17.111188888549806,-0.22567768394947053,-5.506334588289974e-8,-0.974202036857605,6.511035621770134e-8,1,-7.160455339771943e-8,0.974202036857605,-7.959018688552533e-8,-0.22567768394947053]},{"type":"position","time":0.11845135688781738,"pos":[286.452880859375,12.999999046325684,17.111188888549806,-0.22567768394947053,-3.8759125686738119e-8,-0.974202036857605,4.583125345902772e-8,1,-5.0402498175117219e-8,0.974202036857605,-5.6023615968570087e-8,-0.22567768394947053]},{"type":"position","time":0.13675546646118165,"pos":[286.452880859375,12.999999046325684,17.111188888549806,-0.22567768394947053,-2.2468830351840553e-8,-0.974202036857605,2.6568622857325864e-8,1,-2.921855646320637e-8,0.974202036857605,-3.247718183274628e-8,-0.22567768394947053]},{"type":"position","time":0.15176081657409669,"pos":[286.452880859375,12.999999046325684,17.111188888549806,-0.22567768394947053,-6.192451884601269e-9,-0.974202036857605,7.322457751257616e-9,1,-8.052711386596912e-9,0.974202036857605,-8.950870267199207e-9,-0.22567768394947053]},{"type":"position","time":0.17094850540161134,"pos":[286.452880859375,12.999999046325684,17.111188888549806,-0.22567768394947053,1.0070023925834448e-8,-0.974202036857605,-1.1907259178656205e-8,1,1.3095052153744291e-8,0.974202036857605,1.4555337379817957e-8,-0.22567768394947053]},{"type":"position","time":0.18673133850097657,"pos":[286.5603332519531,12.999999046325684,17.066713333129884,-0.1524256318807602,2.6286624432714235e-8,-0.9883149266242981,-3.324322861431028e-8,1,3.172444706933675e-8,0.9883149266242981,3.769039835788135e-8,-0.1524256318807602]},{"type":"position","time":0.2044677734375,"pos":[286.7876892089844,12.999999046325684,16.969532012939454,-0.07801209390163422,4.282676968614396e-8,-0.9969524145126343,-5.62373507762004e-8,1,4.735829151059079e-8,0.9969524145126343,5.976048100819753e-8,-0.07801209390163422]},{"type":"position","time":0.21993637084960938,"pos":[287.03289794921877,12.999999046325684,16.865694046020509,-0.013303394429385662,5.961762639117296e-8,-0.9999114871025086,-8.007543073063062e-8,1,6.068827218541628e-8,0.9999114871025086,8.08757008030625e-8,-0.013303394429385662]},{"type":"position","time":0.23575687408447267,"pos":[287.2798767089844,12.999999046325684,16.765132904052736,0.04088672995567322,7.657370559854826e-8,-0.999163806438446,-1.0425648611089855e-7,1,7.237151322669888e-8,0.999163806438446,1.0121026861042992e-7,0.04088672995567322]},{"type":"position","time":0.2546393871307373,"pos":[287.5269470214844,12.999999046325684,16.66485595703125,0.08743824064731598,4.9204199825680919e-8,-0.996169924736023,-6.815543684979275e-8,1,4.341107739946892e-8,0.996169924736023,6.409860731082517e-8,0.08743824064731598]},{"type":"position","time":0.2694540023803711,"pos":[287.778076171875,12.999999046325684,16.5751895904541,0.12200872600078583,2.168240698097179e-8,-0.992529034614563,-3.022939409902392e-8,1,1.812960270797248e-8,0.992529034614563,2.7791582368763558e-8,0.12200872600078583]},{"type":"position","time":0.28590893745422366,"pos":[288.0317687988281,12.999999046325684,16.493017196655275,0.1477532684803009,-5.929627455714126e-9,-0.98902428150177,8.72291927578317e-9,1,-4.692289223839907e-9,0.98902428150177,-7.933877554933133e-9,0.1477532684803009]},{"type":"position","time":0.3036508560180664,"pos":[288.2864685058594,12.999999046325684,16.414112091064454,0.16814230382442475,-3.359050637641303e-8,-0.9857627153396606,4.825790966833665e-8,1,-2.584426006535523e-8,0.9857627153396606,-4.3225337975627556e-8,0.16814230382442475]},{"type":"position","time":0.31885719299316409,"pos":[288.5422058105469,12.999999046325684,16.338577270507814,0.18395589292049409,-6.128134799610052e-8,-0.9829344749450684,8.811426965849023e-8,1,-4.585474044915827e-8,0.9829344749450684,-7.817530445208831e-8,0.18395589292049409]},{"type":"position","time":0.33757662773132326,"pos":[288.7980041503906,12.999999046325684,16.263317108154298,0.19739550352096559,-6.494521187505598e-8,-0.9803239107131958,9.364821096369269e-8,1,-4.739196768355214e-8,0.9803239107131958,-8.245062588230212e-8,0.19739550352096559]},{"type":"position","time":0.35321736335754397,"pos":[289.05413818359377,12.999999046325684,16.189067840576173,0.20847536623477937,-4.456568802879701e-8,-0.9780276417732239,6.443682565304698e-8,1,-3.1831614677457767e-8,0.9780276417732239,-5.638489142256731e-8,0.20847536623477937]},{"type":"position","time":0.3701143264770508,"pos":[289.31005859375,12.999999046325684,16.11412811279297,0.21836011111736298,-2.4187478686599208e-8,-0.975868284702301,3.500860401572936e-8,1,-1.6952080628129808e-8,0.975868284702301,-3.046212881940846e-8,0.21836011111736298]},{"type":"position","time":0.38709545135498049,"pos":[289.56591796875,12.999999046325684,16.038894653320314,0.22704751789569856,-3.8125591572679699e-9,-0.9738836884498596,5.411289638601602e-9,1,-2.6532329666650868e-9,0.9738836884498596,-4.667557451654147e-9,0.22704751789569856]},{"type":"position","time":0.4037971496582031,"pos":[289.82171630859377,12.999999046325684,15.963639259338379,0.23456014692783357,1.6557240911652117e-8,-0.972101628780365,-2.431073831132835e-8,1,1.1166435776033268e-8,0.972101628780365,2.10133066502749e-8,0.23456014692783357]},{"type":"position","time":0.42111897468566897,"pos":[290.0777587890625,12.999999046325684,15.889151573181153,0.2406644970178604,3.6921047552596067e-8,-0.9706083536148071,-5.41109343998869e-8,1,2.4622153205200449e-8,0.9706083536148071,4.659484886815335e-8,0.2406644970178604]},{"type":"position","time":0.43791770935058596,"pos":[290.3338623046875,12.999999046325684,15.814764976501465,0.24587176740169526,5.727580898451379e-8,-0.9693023562431336,-8.39611544733998e-8,1,3.7792265317193599e-8,0.9693023562431336,7.20916943919292e-8,0.24587176740169526]},{"type":"position","time":0.45328354835510256,"pos":[290.5903625488281,12.999999046325684,15.741928100585938,0.24960079789161683,7.762219667029058e-8,-0.9683488011360169,-1.1380335251942597e-7,1,5.082547360757417e-8,0.9683488011360169,9.75152616433661e-8,0.24960079789161683]},{"type":"position","time":0.46990156173706057,"pos":[290.84722900390627,12.999999046325684,15.670326232910157,0.25218749046325686,5.175462192141822e-8,-0.9676783680915833,-7.589211747927038e-8,1,3.370497836385766e-8,0.9676783680915833,6.493918647265673e-8,0.25218749046325686]},{"type":"position","time":0.48777318000793459,"pos":[291.104248046875,12.999999046325684,15.599210739135743,0.25416162610054018,2.5903890588097057e-8,-0.9671617746353149,-3.794232483755877e-8,1,1.6812501613117093e-8,0.9671617746353149,3.2423272955384166e-8,0.25416162610054018]},{"type":"position","time":0.5031900405883789,"pos":[291.3614501953125,12.999999046325684,15.528844833374024,0.255490779876709,7.06081373924583e-11,-0.96681147813797,2.136256796458902e-11,1,7.867725915211565e-11,0.96681147813797,-4.075488557742091e-11,0.255490779876709]},{"type":"position","time":0.5348806381225586,"pos":[291.61865234375,12.999999046325684,15.458539962768555,0.2565966248512268,-2.5742938447592679e-8,-0.9665185809135437,3.7979013711719747e-8,1,-1.6551830128719304e-8,0.9665185809135437,-3.246027802106255e-8,0.2565966248512268]},{"type":"position","time":0.5589702129364014,"pos":[292.0049743652344,12.999999046325684,15.354769706726075,0.25718775391578677,-6.44278728145764e-8,-0.9663614630699158,9.486169716410586e-8,1,-4.142405174434316e-8,0.9663614630699158,-8.101692827722218e-8,0.25718775391578677]},{"type":"position","time":0.5801544189453125,"pos":[292.3922119140625,12.999999046325684,15.254478454589844,0.25592681765556338,-5.4759794920755669e-8,-0.9666961431503296,8.051824806898367e-8,1,-3.5329623671032098e-8,0.9666961431503296,-6.87948826794127e-8,0.25592681765556338]},{"type":"position","time":0.5892541408538818,"pos":[292.7812194824219,12.999999046325684,15.161413192749024,0.251315712928772,-2.0956548496542383e-8,-0.9679051637649536,3.064144493691856e-8,1,-1.3695423461967949e-8,0.9679051637649536,-2.6216138593326833e-8,0.251315712928772]},{"type":"position","time":0.6037814617156982,"pos":[292.9060974121094,12.999999046325684,15.115148544311524,0.25752297043800356,-9.726521810193845e-9,-0.9662721753120422,1.4116514179818296e-8,1,-6.30381213895248e-9,0.9662721753120422,-1.2017021155941166e-8,0.25752297043800356]},{"type":"position","time":0.6210911273956299,"pos":[293.14678955078127,12.999999046325684,15.000600814819336,0.2809193730354309,1.2693676332276027e-8,-0.95973140001297,-1.9142886387157888e-8,1,7.623037312498582e-9,0.95973140001297,1.623056888888641e-8,0.2809193730354309]},{"type":"position","time":0.6375248432159424,"pos":[293.3743591308594,12.999999046325684,14.861809730529786,0.3144281804561615,3.508350587821951e-8,-0.9492812752723694,-5.296488581052472e-8,1,1.941453220410949e-8,0.9492812752723694,4.4174097268978588e-8,0.3144281804561615]},{"type":"position","time":0.6550610065460205,"pos":[293.5919494628906,12.999999046325684,14.707732200622559,0.35193687677383425,5.746775144643834e-8,-0.9360237121582031,-8.737507783962428e-8,1,2.8543336583197744e-8,0.9360237121582031,7.173969152063364e-8,0.35193687677383425]},{"type":"position","time":0.6715631484985352,"pos":[293.7992248535156,12.999999046325684,14.54002857208252,0.39194002747535708,7.985156713630204e-8,-0.9199907779693604,-1.22300633620398e-7,1,3.469279263867975e-8,0.9199907779693604,9.891796537431219e-8,0.39194002747535708]},{"type":"position","time":0.6876246929168701,"pos":[293.997314453125,12.999999046325684,14.36153507232666,0.4324914216995239,5.406410608088663e-8,-0.9016380310058594,-8.358304626199242e-8,1,1.986956377209026e-8,0.9016380310058594,6.676823716134095e-8,0.4324914216995239]},{"type":"position","time":0.7044079303741455,"pos":[294.1810302734375,12.999999046325684,14.168317794799805,0.4759890139102936,2.8260169315785789e-8,-0.8794512152671814,-4.424158817073476e-8,1,8.18881051856124e-9,0.8794512152671814,3.501053313925695e-8,0.4759890139102936]},{"type":"position","time":0.7182223796844482,"pos":[294.35003662109377,12.999999046325684,13.96210765838623,0.5212289690971375,2.420200706509945e-9,-0.8534168601036072,-4.356103033842373e-9,1,1.7538182017773352e-10,0.8534168601036072,3.626157596414714e-9,0.5212289690971375]},{"type":"position","time":0.7400012016296387,"pos":[294.5807189941406,12.999999046325684,13.635406494140625,0.5893980264663696,-3.6468005504275428e-8,-0.8078427910804749,5.609237874182327e-8,1,-4.217733717837291e-9,0.8078427910804749,-4.282789944909382e-8,0.5893980264663696]},{"type":"position","time":0.7523479461669922,"pos":[294.6577453613281,12.999999046325684,13.526565551757813,0.6074662804603577,-4.949749765614797e-8,-0.7943454384803772,7.626535136751045e-8,1,-3.989280905614123e-9,0.7943454384803772,-5.815768133743404e-8,0.6074662804603577]},{"type":"position","time":0.7863733768463135,"pos":[294.78790283203127,12.999999046325684,13.293978691101075,0.6498664617538452,-7.56145936975372e-8,-0.7600483894348145,1.16542352657234e-7,1,1.6100748512215547e-10,0.7600483894348145,-8.868246226256815e-8,0.6498664617538452]},{"type":"position","time":0.8088681697845459,"pos":[294.962890625,12.999999046325684,12.934320449829102,0.7104074954986572,-4.318753354937144e-8,-0.7037906050682068,6.640436112093085e-8,1,5.6644977597386518e-9,0.7037906050682068,-5.0758867331524019e-8,0.7104074954986572]},{"type":"position","time":0.8312256336212158,"pos":[295.12164306640627,12.999999046325684,12.567200660705567,0.7614443898200989,-1.0305171826985316e-8,-0.6482301950454712,1.6321530793561579e-8,1,3.2747109468544979e-9,0.6482301950454712,-1.3073620408476927e-8,0.7614443898200989]},{"type":"position","time":0.8404393196105957,"pos":[295.2695007324219,12.999999046325684,12.195537567138672,0.8026763200759888,2.3101103252542999e-8,-0.5964149236679077,-3.313344620892167e-8,1,-5.85888759729869e-9,0.5964149236679077,2.446407165734854e-8,0.8026763200759888]},{"type":"position","time":0.8535504341125488,"pos":[295.3128356933594,12.999999046325684,12.069466590881348,0.8151188492774963,3.43582513551155e-8,-0.5792937278747559,-4.941549036630022e-8,1,-1.0221491208994849e-8,0.5792937278747559,3.695781458645797e-8,0.8151188492774963]},{"type":"position","time":0.8719363212585449,"pos":[295.4293518066406,12.999999046325684,11.686829566955567,0.8508911728858948,6.85315058035485e-8,-0.5253419876098633,-9.74060299085977e-8,1,-2.731634829444829e-8,0.5253419876098633,7.441471439051384e-8,0.8508911728858948]},{"type":"position","time":0.8873946666717529,"pos":[295.4656982421875,12.999999046325684,11.558550834655762,0.8607893586158752,8.00745780793477e-8,-0.5089613199234009,-1.131496318862446e-7,1,-3.4036816032312348e-8,0.5089613199234009,8.68873186732344e-8,0.8607893586158752]},{"type":"position","time":0.9049954414367676,"pos":[295.5697021484375,12.999999046325684,11.172307014465332,0.8872467875480652,4.157848465524694e-8,-0.4612950384616852,-5.780280787348602e-8,1,-2.104265206526179e-8,0.4612950384616852,4.533417552465835e-8,0.8872467875480652]},{"type":"position","time":0.9218544960021973,"pos":[295.63507080078127,12.999999046325684,10.913775444030762,0.9013645052909851,1.550148631679349e-8,-0.4330612123012543,-2.161749179663275e-8,1,-9.199055739372853e-9,0.4330612123012543,1.765340051917974e-8,0.9013645052909851]},{"type":"position","time":0.9386482238769531,"pos":[295.6980285644531,12.999999046325684,10.654646873474121,0.9132708311080933,-1.0881850087685052e-8,-0.40735286474227908,1.4015706817360752e-8,1,4.709151735227124e-9,0.40735286474227908,-1.001006921796943e-8,0.9132708311080933]},{"type":"position","time":0.9552226066589356,"pos":[295.7582092285156,12.999999046325684,10.394864082336426,0.9235216975212097,-3.7554578113940809e-8,-0.38354620337486269,4.9125475243272379e-8,1,2.0372677766999915e-8,0.38354620337486269,-3.7656498363958238e-8,0.9235216975212097]},{"type":"position","time":0.970508337020874,"pos":[295.78662109375,12.999999046325684,10.264596939086914,0.9281266331672669,-5.099586530832312e-8,-0.37226465344429018,6.649218420307079e-8,1,2.8789457928724006e-8,0.37226465344429018,-5.147295212282188e-8,0.9281266331672669]},{"type":"position","time":0.9902846813201904,"pos":[295.8665771484375,12.999999046325684,9.872674942016602,0.9409910440444946,-6.700826560290807e-8,-0.3384314477443695,8.604044410276401e-8,1,4.123440433545511e-8,0.3384314477443695,-6.791999851429864e-8,0.9409910440444946]},{"type":"position","time":1.0038294792175294,"pos":[295.89422607421877,12.999999046325684,9.742237091064454,0.94416743516922,-5.587723350686247e-8,-0.32946598529815676,7.145647629158702e-8,1,3.517704527666865e-8,0.32946598529815676,-5.6755506960826099e-8,0.94416743516922]},{"type":"position","time":1.020374059677124,"pos":[295.9512634277344,12.999999046325684,9.481742858886719,0.9493911266326904,-3.3485850536862929e-8,-0.31409627199172976,4.261056929522056e-8,1,2.2185044912248487e-8,0.31409627199172976,-3.4446109964392238e-8,0.9493911266326904]},{"type":"position","time":1.0368621349334717,"pos":[296.0092468261719,12.999999046325684,9.221457481384278,0.9535720348358154,-1.0946472173145594e-8,-0.30116498470306399,1.4100786316362246e-8,1,8.299903875297332e-9,0.30116498470306399,-1.2161222251449999e-8,0.9535720348358154]},{"type":"position","time":1.0537548065185547,"pos":[296.0697021484375,12.999999046325684,8.96173095703125,0.9566828012466431,1.1714063496981453e-8,-0.2911323606967926,-1.4146117166546901e-8,1,-6.248994655067008e-9,0.2911323606967926,1.0096696811956463e-8,0.9566828012466431]},{"type":"position","time":1.070486068725586,"pos":[296.1316833496094,12.999999046325684,8.702370643615723,0.9590539336204529,3.4465454490373307e-8,-0.283223420381546,-4.2210636763684309e-8,1,-2.1244099812633978e-8,0.283223420381546,3.232927880958414e-8,0.9590539336204529]},{"type":"position","time":1.0863652229309083,"pos":[296.1954650878906,12.999999046325684,8.443446159362793,0.9607929587364197,5.728427865392405e-8,-0.2772667706012726,-7.015955105771354e-8,1,-3.65154697590242e-8,0.2772667706012726,5.4536716476150107e-8,0.9607929587364197]},{"type":"position","time":1.1033978462219239,"pos":[296.26422119140627,12.999999046325684,8.185799598693848,0.9615702629089356,8.014433205971727e-8,-0.27455905079841616,-9.812724499624892e-8,1,-5.1762665265187027e-8,0.27455905079841616,7.671516044638338e-8,0.9615702629089356]},{"type":"position","time":1.1198468208312989,"pos":[296.3383483886719,12.999999046325684,7.929643630981445,0.9614661931991577,7.598662676855383e-8,-0.2749231457710266,-9.3103508902459e-8,1,-4.921103524679893e-8,0.2749231457710266,7.291105674767096e-8,0.9614661931991577]},{"type":"position","time":1.1389820575714112,"pos":[296.4554443359375,12.999999046325684,7.547173023223877,0.9604458212852478,2.9284503710869104e-8,-0.2784669101238251,-3.6010607828984578e-8,1,-1.903901036826028e-8,0.2784669101238251,2.8313701605497955e-8,0.9604458212852478]},{"type":"position","time":1.1548304557800294,"pos":[296.4957580566406,12.999999046325684,7.420081615447998,0.959975004196167,1.3749400729068384e-8,-0.2800857722759247,-1.696963103370308e-8,1,-9.07229580349167e-9,0.2800857722759247,1.3462129189178995e-8,0.959975004196167]},{"type":"position","time":1.1701266765594483,"pos":[296.5790100097656,12.999999046325684,7.166743278503418,0.958710789680481,-1.725912568417698e-8,-0.28438282012939455,2.1158685470368256e-8,1,1.0640360592617526e-8,0.28438282012939455,-1.6218194787143149e-8,0.958710789680481]},{"type":"position","time":1.18882417678833,"pos":[296.70831298828127,12.999999046325684,6.788218975067139,0.9563505053520203,-6.358663995342795e-8,-0.2922220826148987,7.854512062976937e-8,1,3.9456374167912148e-8,0.2922220826148987,-6.06867445185344e-8,0.9563505053520203]},{"type":"position","time":1.204026222229004,"pos":[296.7535705566406,12.999999046325684,6.662802219390869,0.9553601741790772,-7.897560294622963e-8,-0.29544365406036379,9.775458664762482e-8,1,4.879182213812783e-8,0.29544365406036379,-7.549473934886919e-8,0.9553601741790772]},{"type":"position","time":1.2195091247558594,"pos":[296.8485412597656,12.999999046325684,6.4136271476745609,0.952792227268219,-5.856162488271366e-8,-0.3036229908466339,7.281727221197798e-8,1,3.563008377227561e-8,0.3036229908466339,-5.605706832056967e-8,0.952792227268219]},{"type":"position","time":1.2359488010406495,"pos":[296.9483947753906,12.999999046325684,6.166360378265381,0.9496785402297974,-3.8249076794727446e-8,-0.31322622299194338,4.780075357757596e-8,1,2.2815056510694377e-8,0.31322622299194338,-3.663941683385019e-8,0.9496785402297974]},{"type":"position","time":1.2547404766082764,"pos":[297.0486145019531,12.999999046325684,5.919247627258301,0.9468131065368652,-1.804522753445781e-8,-0.32178395986557009,2.263155884918433e-8,1,1.0512117398775445e-8,0.32178395986557009,-1.7235482374644563e-8,0.9468131065368652]},{"type":"position","time":1.2692439556121827,"pos":[297.1529541015625,12.999999046325684,5.673840045928955,0.943551242351532,2.0577659576304087e-9,-0.33122655749320986,-2.6534965336111328e-9,1,-1.346338596164287e-9,0.33122655749320986,2.1492490009933364e-9,0.943551242351532]},{"type":"position","time":1.2871415615081788,"pos":[297.25946044921877,12.999999046325684,5.429375171661377,0.9402311444282532,2.2054434722917905e-8,-0.34053686261177065,-2.8063656287713458e-8,1,-1.2720764885898462e-8,0.34053686261177065,2.151717026777078e-8,0.9402311444282532]},{"type":"position","time":1.3055667877197266,"pos":[297.4214782714844,12.999999046325684,5.0636515617370609,0.935366690158844,5.1858599192655677e-8,-0.35367950797080996,-6.638124716573657e-8,1,-2.8930729811804669e-8,0.35367950797080996,5.053852802916481e-8,0.935366690158844]},{"type":"position","time":1.3269686698913575,"pos":[297.53082275390627,12.999999046325684,4.820443153381348,0.9323959350585938,7.160862480759534e-8,-0.361438512802124,-9.202011597153614e-8,1,-3.9261337292373358e-8,0.361438512802124,6.986672218545209e-8,0.9323959350585938]},{"type":"position","time":1.343865156173706,"pos":[297.6419372558594,12.999999046325684,4.578029632568359,0.9294419884681702,9.127241895612315e-8,-0.36896830797195437,-1.1773620656185813e-7,1,-4.9208971120151548e-8,0.36896830797195437,8.917781002537595e-8,0.9294419884681702]},{"type":"position","time":1.3575637340545655,"pos":[297.75555419921877,12.999999046325684,4.336789608001709,0.9263140559196472,5.840873740226016e-8,-0.37675225734710696,-7.561305892522796e-8,1,-3.087626510023256e-8,0.37675225734710696,5.7088506366653749e-8,0.9263140559196472]},{"type":"position","time":1.3727195262908936,"pos":[297.873046875,12.999999046325684,4.097414970397949,0.922727644443512,2.5688828841907708e-8,-0.3854525089263916,-3.335276588245506e-8,1,-1.319667486399112e-8,0.3854525089263916,2.5032843353756108e-8,0.922727644443512]},{"type":"position","time":1.388676404953003,"pos":[297.99444580078127,12.999999046325684,3.859997272491455,0.9186880588531494,-6.876137437217267e-9,-0.39498379826545718,9.077612439511995e-9,1,3.7048490941771208e-9,0.39498379826545718,-6.989112399935493e-9,0.9186880588531494]},{"type":"position","time":1.4042916297912598,"pos":[298.0565490722656,12.999999046325684,3.74200439453125,0.9165756106376648,-2.3097678436556636e-8,-0.3998613953590393,3.0362873104650137e-8,1,1.1834570656787946e-8,0.3998613953590393,-2.298822110446963e-8,0.9165756106376648]},{"type":"position","time":1.4211924076080323,"pos":[298.1826477050781,12.999999046325684,3.5070266723632814,0.9121728539466858,-5.541757985838558e-8,-0.4098055958747864,7.307443894433163e-8,1,2.7425040016737513e-8,0.4098055958747864,-5.496269395166564e-8,0.9121728539466858]},{"type":"position","time":1.4369416236877442,"pos":[298.3105773925781,12.999999046325684,3.2730588912963869,0.9078018665313721,-8.757405822734654e-8,-0.4193992614746094,1.1594909921086583e-7,1,4.216685312030677e-8,0.4193992614746094,-8.69081162591101e-8,0.9078018665313721]},{"type":"position","time":1.4548263549804688,"pos":[298.4403381347656,12.999999046325684,3.040100336074829,0.9034860730171204,-6.375528727176061e-8,-0.4286174476146698,8.472697032857468e-8,1,2.985028046964544e-8,0.4286174476146698,-6.328477297756763e-8,0.9034860730171204]},{"type":"position","time":1.4706284999847413,"pos":[298.5717468261719,12.999999046325684,2.8080615997314455,0.8992606401443481,-4.004639464483262e-8,-0.4374132454395294,5.336967845437357e-8,1,1.816784589436793e-8,0.4374132454395294,-3.968223083461453e-8,0.8992606401443481]},{"type":"position","time":1.486098051071167,"pos":[298.705078125,12.999999046325684,2.577119827270508,0.8950409293174744,-1.6442028183405456e-8,-0.4459840655326843,2.1897092139511188e-8,1,7.0782002481450949e-9,0.4459840655326843,-1.6101031619086826e-8,0.8950409293174744]},{"type":"position","time":1.5044450759887696,"pos":[298.8396911621094,12.999999046325684,2.3469200134277345,0.8909806609153748,7.061688567233659e-9,-0.4540412724018097,-9.678942092250509e-9,1,-3.4403493387458185e-9,0.4540412724018097,7.459925122077493e-9,0.8909806609153748]},{"type":"position","time":1.5212750434875489,"pos":[298.97576904296877,12.999999046325684,2.1175990104675295,0.887008011341095,3.0470715728370126e-8,-0.4617539942264557,-4.1342261170029818e-8,1,-1.3427502665308566e-8,0.4617539942264557,3.1000258360336377e-8,0.887008011341095]},{"type":"position","time":1.5373728275299073,"pos":[299.093017578125,12.999999046325684,1.8781768083572388,0.8883728384971619,5.38002495886758e-8,-0.45912277698516848,-7.284165803866927e-8,1,-2.376335928033768e-8,0.45912277698516848,5.4553986217342756e-8,0.8883728384971619]},{"type":"position","time":1.5524694919586182,"pos":[299.1929016113281,12.999999046325684,1.6309844255447388,0.89393150806427,7.714617566989546e-8,-0.44820353388786318,-1.039753030340762e-7,1,-3.5253243879651566e-8,0.44820353388786318,7.811608071506271e-8,0.89393150806427]},{"type":"position","time":1.5703027248382569,"pos":[299.27362060546877,12.999999046325684,1.3768866062164307,0.9031158685684204,7.405471080801363e-8,-0.4293968975543976,-9.90516468846181e-8,1,-3.5865209468965989e-8,0.4293968975543976,7.492290876598418e-8,0.9031158685684204]},{"type":"position","time":1.5865333080291749,"pos":[299.3323974609375,12.999999046325684,1.1168560981750489,0.9154256582260132,4.428639144293811e-8,-0.40248703956604006,-5.863075358547576e-8,1,-2.331927007048762e-8,0.40248703956604006,4.4945178245825448e-8,0.9154256582260132]},{"type":"position","time":1.6044974327087403,"pos":[299.37213134765627,12.999999046325684,0.8532241582870483,0.929124653339386,1.4171370743554235e-8,-0.36976662278175356,-1.8698582238130258e-8,1,-8.659363004426268e-9,0.36976662278175356,1.4959740113340559e-8,0.929124653339386]},{"type":"position","time":1.6197595596313477,"pos":[299.3978271484375,12.999999046325684,0.587826132774353,0.9424887299537659,-1.6382843526230319e-8,-0.3342379033565521,2.0460676708466964e-8,1,8.679786667187273e-9,0.3342379033565521,-1.5019335108945598e-8,0.9424887299537659]},{"type":"position","time":1.6370601654052735,"pos":[299.4101257324219,12.999999046325684,0.32147079706192019,0.9549933075904846,-4.7439250749903297e-8,-0.2966272830963135,5.864759344831327e-8,1,2.8887455982840039e-8,0.2966272830963135,-4.4983803348941367e-8,0.9549933075904846]},{"type":"position","time":1.6544878482818604,"pos":[299.4111633300781,12.999999046325684,0.054824601858854297,0.9661020636558533,-7.905296683929919e-8,-0.25816038250923159,9.571456871526607e-8,1,5.19718490465948e-8,0.25816038250923159,-7.491981790508362e-8,0.9661020636558533]},{"type":"position","time":1.6700060367584229,"pos":[299.40069580078127,12.999999046325684,-0.21161621809005738,0.975755512714386,-5.902186472894755e-8,-0.21886341273784638,6.983704992080675e-8,1,4.167904066321171e-8,0.21886341273784638,-5.5953329081148698e-8,0.975755512714386]},{"type":"position","time":1.6876635551452637,"pos":[299.3797912597656,12.999999046325684,-0.4774460196495056,0.9837827682495117,-3.858124841826793e-8,-0.1793641448020935,4.459590385863521e-8,1,2.950104871501935e-8,0.1793641448020935,-3.702152895357358e-8,0.9837827682495117]},{"type":"position","time":1.7027711868286133,"pos":[299.3504333496094,12.999999046325684,-0.7424812316894531,0.9900555610656738,-1.7713640332317483e-8,-0.14067669212818147,2.008912147744013e-8,1,1.546600358892647e-8,0.14067669212818147,-1.8138274882062434e-8,0.9900555610656738]},{"type":"position","time":1.719879150390625,"pos":[299.31488037109377,12.999999046325684,-1.006761908531189,0.9945917129516602,3.5852156798910075e-9,-0.103861965239048,-3.6367038269702336e-9,1,-3.063679032688782e-10,0.103861965239048,6.824261711280144e-10,0.9945917129516602]},{"type":"position","time":1.7368676662445069,"pos":[299.27313232421877,12.999999046325684,-1.2701352834701539,0.9976342916488648,2.530890874652414e-8,-0.06874419748783112,-2.658477349370969e-8,1,-1.7644737226873987e-8,0.06874419748783112,1.9430544284659846e-8,0.9976342916488648]},{"type":"position","time":1.753082275390625,"pos":[299.2266540527344,12.999999046325684,-1.5327165126800538,0.999357283115387,4.744842030390828e-8,-0.035847920924425128,-4.878355142068358e-8,1,-3.6369705469496696e-8,0.035847920924425128,3.8095119947456627e-8,0.999357283115387]},{"type":"position","time":1.7682201862335206,"pos":[299.1769714355469,12.999999046325684,-1.7947137355804444,0.9999837875366211,6.998513413236651e-8,-0.005695901345461607,-7.030676840713568e-8,1,-5.6267996484393737e-8,0.005695901345461607,5.6667541770138999e-8,0.9999837875366211]},{"type":"position","time":1.7870004177093506,"pos":[299.1242370605469,12.999999046325684,-2.05610990524292,0.9997586011886597,9.289388458455505e-8,0.021971028298139573,-9.122047828213909e-8,1,-7.71664971921382e-8,-0.021971028298139573,7.514366018313012e-8,0.9997586011886597]},{"type":"position","time":1.80381178855896,"pos":[299.0682678222656,12.999999046325684,-2.3168368339538576,0.9988692402839661,6.0959706615904e-8,0.0475422702729702,-5.8541495207009578e-8,1,-5.225685129062185e-8,-0.0475422702729702,4.941456666074373e-8,0.9988692402839661]},{"type":"position","time":1.819906234741211,"pos":[299.0092468261719,12.999999046325684,-2.5768847465515138,0.9974603056907654,2.8566754295411557e-8,0.07122492045164108,-2.679725774612507e-8,1,-2.5799316460961564e-8,-0.07122492045164108,2.3825160511137257e-8,0.9974603056907654]},{"type":"position","time":1.842369794845581,"pos":[298.9454650878906,12.999999046325684,-2.835810661315918,0.9955628514289856,-4.263150277239447e-9,0.09409912675619126,4.091427197039366e-9,1,2.0178467785569866e-9,-0.09409912675619126,-1.623893575164459e-9,0.9955628514289856]},{"type":"position","time":1.8519082069396973,"pos":[298.8815002441406,12.999999046325684,-3.0946969985961916,0.9934800267219544,-3.7507046357632137e-8,0.11400604993104935,3.4193170961316358e-8,1,3.1022945989889197e-8,-0.11400604993104935,-2.6922439388954446e-8,0.9934800267219544]},{"type":"position","time":1.8695521354675294,"pos":[298.8176574707031,12.999999046325684,-3.353611707687378,0.9913653135299683,-7.111052013897279e-8,0.13112886250019074,6.366742155705652e-8,1,6.095407201200942e-8,-0.13112886250019074,-5.2079109025271467e-8,0.9913653135299683]},{"type":"position","time":1.8866541385650635,"pos":[298.7539367675781,12.999999046325684,-3.6125478744506838,0.9893056750297546,-7.649629907291455e-8,0.14585724472999574,6.748005176859806e-8,1,6.676327046761799e-8,-0.14585724472999574,-5.6206829412985829e-8,0.9893056750297546]},{"type":"position","time":1.9013826847076417,"pos":[298.6904296875,12.999999046325684,-3.8715388774871828,0.9873664379119873,-5.329482632987492e-8,0.15845341980457307,4.6367659933821417e-8,1,4.741430004173708e-8,-0.15845341980457307,-3.94681798354668e-8,0.9873664379119873]},{"type":"position","time":1.9187800884246827,"pos":[298.626953125,12.999999046325684,-4.130534648895264,0.9855626821517944,-2.994259418187539e-8,0.16931097209453584,2.564940082550038e-8,1,2.7544006186985827e-8,-0.16931097209453584,-2.2803620325362318e-8,0.9855626821517944]},{"type":"position","time":1.9370508193969727,"pos":[298.5634765625,12.999999046325684,-4.389530658721924,0.9839068651199341,-6.462139712226644e-9,0.17868191003799439,5.249119805483815e-9,1,7.261479417763894e-9,-0.17868191003799439,-6.206697822364049e-9,0.9839068651199341]},{"type":"position","time":1.954969882965088,"pos":[298.50006103515627,12.999999046325684,-4.6485466957092289,0.9824112057685852,1.712670361087021e-8,0.186730295419693,-1.4896815336840064e-8,1,-1.3344938487591662e-8,-0.186730295419693,1.032852914306659e-8,0.9824112057685852]},{"type":"position","time":1.9674053192138672,"pos":[298.4366455078125,12.999999046325684,-4.907564640045166,0.9810658693313599,4.080639826042898e-8,0.19367435574531556,-3.4841782792227607e-8,1,-3.4203360144147157e-8,-0.19367435574531556,2.6807789765825875e-8,0.9810658693313599]},{"type":"position","time":1.9843056201934815,"pos":[298.37322998046877,12.999999046325684,-5.1665825843811039,0.9798631072044373,6.456206591565206e-8,0.19967049360275269,-5.462901953023902e-8,1,-5.525658153260338e-8,-0.19967049360275269,4.3236081381792249e-8,0.9798631072044373]},{"type":"position","time":2.0011510848999025,"pos":[298.309814453125,12.999999046325684,-5.425600528717041,0.9787935614585877,8.83808013441012e-8,0.2048490196466446,-7.429389370372519e-8,1,-7.645832766911553e-8,-0.2048490196466446,5.961788929198519e-8,0.9787935614585877]},{"type":"position","time":2.018981456756592,"pos":[298.24639892578127,12.999999046325684,-5.6846184730529789,0.9778467416763306,8.28764612492705e-8,0.2093220055103302,-6.930115148406913e-8,1,-7.218807951403505e-8,-0.2093220055103302,5.608262299006128e-8,0.9778467416763306]},{"type":"position","time":2.0368707180023195,"pos":[298.1829833984375,12.999999046325684,-5.943636417388916,0.9770116209983826,4.7964796578980898e-8,0.21318604052066804,-3.988991892356353e-8,1,-4.2178566417305777e-8,-0.21318604052066804,3.270497472840361e-8,0.9770116209983826]},{"type":"position","time":2.0528452396392824,"pos":[298.11956787109377,12.999999046325684,-6.2026543617248539,0.976277232170105,1.3005099219753902e-8,0.2165243774652481,-1.0665823779731909e-8,1,-1.197231469518556e-8,-0.2165243774652481,9.378887000366376e-9,0.976277232170105]},{"type":"position","time":2.0687694549560549,"pos":[298.05615234375,12.999999046325684,-6.461672306060791,0.9756330251693726,-2.1992105914137029e-8,0.2194088101387024,1.840650476481187e-8,1,1.8386286271265818e-8,-0.2194088101387024,-1.3899719597532112e-8,0.9756330251693726]},{"type":"position","time":2.086040496826172,"pos":[297.99273681640627,12.999999046325684,-6.7206902503967289,0.9750691056251526,-5.701770788846261e-8,0.2219012975692749,4.735602843197739e-8,1,4.886094728817625e-8,-0.2219012975692749,-3.713443774699954e-8,0.9750691056251526]},{"type":"position","time":2.1024436950683595,"pos":[297.9293212890625,12.999999046325684,-6.979708194732666,0.974576473236084,-9.206379303350332e-8,0.2240552455186844,7.620630526616879e-8,1,7.942202984168034e-8,-0.2240552455186844,-6.032842492231794e-8,0.974576473236084]},{"type":"position","time":2.1227657794952394,"pos":[297.86590576171877,12.999999046325684,-7.2387261390686039,0.9741466045379639,-6.774031646727963e-8,0.2259167730808258,5.5930822639993497e-8,1,5.86742352481906e-8,-0.2259167730808258,-4.45215988520431e-8,0.9741466045379639]},{"type":"position","time":2.1352317333221437,"pos":[297.8026428222656,12.999999046325684,-7.497779846191406,0.9737891554832459,-4.341215742442728e-8,0.2274526208639145,3.573748585949943e-8,1,3.786011149031765e-8,-0.2274526208639145,-2.873918170109846e-8,0.9737891554832459]},{"type":"position","time":2.153210401535034,"pos":[297.7394104003906,12.999999046325684,-7.756836891174316,0.9734801650047302,-1.9083534752439847e-8,0.2287714183330536,1.5608161874069993e-8,1,1.7000809648948235e-8,-0.2287714183330536,-1.297924967502695e-8,0.9734801650047302]},{"type":"position","time":2.169534683227539,"pos":[297.6763000488281,12.999999046325684,-8.01593017578125,0.9732288122177124,5.2422346463743e-9,0.22983841598033906,-4.467669789676165e-9,1,-3.890427091590709e-9,-0.22983841598033906,2.7594335705316554e-9,0.9732288122177124]},{"type":"position","time":2.189103364944458,"pos":[297.5819091796875,12.999999046325684,-8.404630661010743,0.9729323983192444,4.171804590669126e-8,0.23108993470668794,-3.450402630278404e-8,1,-3.5258835850981998e-8,-0.23108993470668794,2.6330928548645717e-8,0.9729323983192444]},{"type":"position","time":2.203622579574585,"pos":[297.5503845214844,12.999999046325684,-8.534184455871582,0.9728448390960693,5.3872224015094619e-8,0.2314581722021103,-4.449833923558799e-8,1,-4.571989364876572e-8,-0.2314581722021103,3.4178860630618149e-8,0.9728448390960693]},{"type":"position","time":2.218968152999878,"pos":[297.4872741699219,12.999999046325684,-8.793275833129883,0.9726777076721191,7.817288150135937e-8,0.23215971887111665,-6.446121147973827e-8,1,-6.664765805908246e-8,-0.23215971887111665,4.986139501284015e-8,0.9726777076721191]},{"type":"position","time":2.2371091842651369,"pos":[297.4241638183594,12.999999046325684,-9.052364349365235,0.9725310802459717,1.0246256465507031e-7,0.232773095369339,-8.439525345238508e-8,1,-8.757695724170844e-8,-0.232773095369339,6.552636477863416e-8,0.9725310802459717]},{"type":"position","time":2.2541520595550539,"pos":[297.3602600097656,12.999999046325684,-9.311260223388672,0.9723109602928162,6.681003839048572e-8,0.23369090259075166,-5.4955577866167007e-8,1,-5.7238530359882137e-8,-0.23369090259075166,4.2811031164546878e-8,0.9723109602928162]},{"type":"position","time":2.2704527378082277,"pos":[297.29620361328127,12.999999046325684,-9.57011890411377,0.9720988869667053,3.116862501428841e-8,0.23457133769989015,-2.5578678730653338e-8,1,-2.6872935876554039e-8,-0.23457133769989015,2.012312627641677e-8,0.9720988869667053]},{"type":"position","time":2.2863924503326418,"pos":[297.2322998046875,12.999999046325684,-9.829010963439942,0.9719302654266357,-4.4596424331189159e-9,0.23526915907859803,3.737421927496598e-9,1,3.515669755316253e-9,-0.23526915907859803,-2.537685617198804e-9,0.9719302654266357]},{"type":"position","time":2.3042006492614748,"pos":[297.16839599609377,12.999999046325684,-10.087906837463379,0.9717859625816345,-4.007144127626816e-8,0.23586434125900269,3.3003434651845967e-8,1,3.3914254515821088e-8,-0.23586434125900269,-2.5173063633587846e-8,0.9717859625816345]},{"type":"position","time":2.3204197883605959,"pos":[297.10455322265627,12.999999046325684,-10.346819877624512,0.9716697335243225,-7.566453774643378e-8,0.23634274303913117,6.222757065188489e-8,1,6.431292831621249e-8,-0.23634274303913117,-4.7783892398456376e-8,0.9716697335243225]},{"type":"position","time":2.3362624645233156,"pos":[297.04071044921877,12.999999046325684,-10.605734825134278,0.9715700745582581,-8.110815485906642e-8,0.23675206303596497,6.665558771601354e-8,1,6.904935645479782e-8,-0.23675206303596497,-5.1305441672866439e-8,0.9715700745582581]},{"type":"position","time":2.3524208068847658,"pos":[296.97686767578127,12.999999046325684,-10.864649772644043,0.9714838266372681,-5.6429350081543819e-8,0.23710574209690095,4.633957217947682e-8,1,4.812705967083275e-8,-0.23710574209690095,-3.576728246912353e-8,0.9714838266372681]},{"type":"position","time":2.370793104171753,"pos":[296.91302490234377,12.999999046325684,-11.123564720153809,0.9714091420173645,-3.176672791482815e-8,0.2374115288257599,2.60522039496891e-8,1,2.7207519792682434e-8,-0.2374115288257599,-2.0244540266389778e-8,0.9714091420173645]},{"type":"position","time":2.385164737701416,"pos":[296.84918212890627,12.999999046325684,-11.382479667663575,0.971344530582428,-7.120949607752891e-9,0.23767590522766114,5.7910445327991059e-9,1,6.293656262812419e-9,-0.23767590522766114,-4.73691663671616e-9,0.971344530582428]},{"type":"position","time":2.4036831855773927,"pos":[296.78533935546877,12.999999046325684,-11.64139461517334,0.9712885618209839,1.7507433724972544e-8,0.23790447413921357,-1.4445903140369865e-8,1,-1.4612138166114619e-8,-0.23790447413921357,1.0755857537958491e-8,0.9712885618209839]},{"type":"position","time":2.4200081825256349,"pos":[296.72149658203127,12.999999046325684,-11.900309562683106,0.9712401032447815,4.2117932252949689e-8,0.23810209333896638,-3.4660253334095617e-8,1,-3.5507895290720629e-8,-0.23810209333896638,2.6234012295844879e-8,0.9712401032447815]},{"type":"position","time":2.436948537826538,"pos":[296.65765380859377,12.999999046325684,-12.159224510192871,0.9711982011795044,6.6