{"data":[{"type":"position","time":0.006628990173339844,"pos":[150.2012939453125,49.865692138671878,162.20262145996095,-0.41182494163513186,-7.070329388625396e-8,-0.9112629890441895,-3.347974342204907e-8,1,-6.245782202540795e-8,0.9112629890441895,4.787162222186225e-9,-0.41182494163513186]},{"type":"position","time":0.021622419357299806,"pos":[150.2012939453125,49.865692138671878,162.20262145996095,-0.41182494163513186,-6.142147412901977e-8,-0.9112629890441895,-2.873634130651226e-8,1,-5.441582828780156e-8,0.9112629890441895,3.776569279523301e-9,-0.41182494163513186]},{"type":"position","time":0.04560089111328125,"pos":[150.2012939453125,49.865692138671878,162.20262145996095,-0.41182494163513186,-4.983034429528743e-8,-0.9112629890441895,-2.2812786326653624e-8,1,-4.437299594428623e-8,0.9112629890441895,2.514540797804443e-9,-0.41182494163513186]},{"type":"position","time":0.06320881843566895,"pos":[150.2012939453125,49.865692138671878,162.20262145996095,-0.41182494163513186,-4.0566348502579788e-8,-0.9112629890441895,-1.8078495145346097e-8,1,-3.6346449405755268e-8,0.9112629890441895,1.5058893021446807e-9,-0.41182494163513186]},{"type":"position","time":0.0785210132598877,"pos":[150.2012939453125,49.865692138671878,162.20262145996095,-0.41182494163513186,-2.899748352547249e-8,-0.9112629890441895,-1.216631506650856e-8,1,-2.6322906521158985e-8,0.9112629890441895,2.4628307726537459e-10,-0.41182494163513186]},{"type":"position","time":0.09204936027526856,"pos":[150.2012939453125,49.865692138671878,162.20262145996095,-0.41182494163513186,-2.206209082089572e-8,-0.9112629890441895,-8.622035529981531e-9,1,-2.0313917659109394e-8,0.9112629890441895,-5.088359733562697e-10,-0.41182494163513186]},{"type":"position","time":0.10844016075134278,"pos":[150.2012939453125,49.865692138671878,162.20262145996095,-0.41182494163513186,-1.2821810280172486e-8,-0.9112629890441895,-3.899859990497134e-9,1,-1.230791912831819e-8,0.9112629890441895,-1.5149099752420626e-9,-0.41182494163513186]},{"type":"position","time":0.132171630859375,"pos":[150.2012939453125,49.865692138671878,162.20262145996095,-0.41182494163513186,-1.2825563944218744e-9,-0.9112629890441895,1.9971908571392307e-9,1,-2.3100350521332304e-9,0.9112629890441895,-2.771296303549775e-9,-0.41182494163513186]},{"type":"position","time":0.1473369598388672,"pos":[150.2012939453125,49.865692138671878,162.20262145996095,-0.41182494163513186,7.939978452498054e-9,-0.9112629890441895,6.710300759493748e-9,1,5.680587999989939e-9,0.9112629890441895,-3.775440848841072e-9,-0.41182494163513186]},{"type":"position","time":0.18521404266357423,"pos":[150.2012939453125,49.865692138671878,162.20262145996095,-0.41182494163513186,2.8661897744086674e-8,-0.9112629890441895,1.7300092025607229e-8,1,2.3634546764128573e-8,0.9112629890441895,-6.0316374117519448e-9,-0.41182494163513186]},{"type":"position","time":0.20690131187438966,"pos":[150.2012939453125,49.865692138671878,162.20262145996095,-0.41182494163513186,4.0156873382102279e-8,-0.9112629890441895,2.317452363342909e-8,1,3.359406619551919e-8,0.9112629890441895,-7.283211367337117e-9,-0.41182494163513186]},{"type":"position","time":0.22255301475524903,"pos":[150.2012939453125,49.865692138671878,162.20262145996095,-0.41182494163513186,4.934402042522379e-8,-0.9112629890441895,2.7869551999515353e-8,1,4.15540242215684e-8,0.9112629890441895,-8.283508101669668e-9,-0.41182494163513186]},{"type":"position","time":0.23456501960754395,"pos":[150.2012939453125,49.865692138671878,162.20262145996095,-0.41182494163513186,5.622923282544434e-8,-0.9112629890441895,3.1388193377779319e-8,1,4.751953142090315e-8,0.9112629890441895,-9.03317065592546e-9,-0.41182494163513186]},{"type":"position","time":0.2668907642364502,"pos":[150.2012939453125,49.865692138671878,162.20262145996095,-0.41182494163513186,7.456824135942952e-8,-0.9112629890441895,4.0760230746172968e-8,1,6.340887637179549e-8,0.9112629890441895,-1.1029931634709556e-8,-0.41182494163513186]},{"type":"position","time":0.28176116943359377,"pos":[150.2012939453125,49.865692138671878,162.20262145996095,-0.41182494163513186,8.143729957055257e-8,-0.9112629890441895,4.427061739420424e-8,1,6.936038232652209e-8,0.9112629890441895,-1.17778382602296e-8,-0.41182494163513186]},{"type":"position","time":0.29227471351623537,"pos":[150.2012939453125,49.865692138671878,162.20262145996095,-0.41182494163513186,8.830194531128655e-8,-0.9112629890441895,4.777875872719051e-8,1,7.530807977218501e-8,0.9112629890441895,-1.2525269710295106e-8,-0.41182494163513186]},{"type":"position","time":0.30738115310668948,"pos":[150.2012939453125,49.865692138671878,162.20262145996095,-0.41182494163513186,9.516220700334088e-8,-0.9112629890441895,5.1284651192418099e-8,1,8.12519616033569e-8,0.9112629890441895,-1.3272219767657134e-8,-0.41182494163513186]},{"type":"position","time":0.32203245162963869,"pos":[150.2012939453125,49.865692138671878,162.20262145996095,-0.41182494163513186,1.043023800662013e-7,-0.9112629890441895,5.595568453031774e-8,1,8.917122329421545e-8,0.9112629890441895,-1.426740858789799e-8,-0.41182494163513186]},{"type":"position","time":0.33759593963623049,"pos":[150.2012939453125,49.865692138671878,162.20262145996095,-0.41182494163513186,1.1343475136982306e-7,-0.9112629890441895,6.062272461804241e-8,1,9.708372061822956e-8,0.9112629890441895,-1.526175097410487e-8,-0.41182494163513186]},{"type":"position","time":0.36049962043762209,"pos":[150.2012939453125,49.865692138671878,162.20262145996095,-0.41182494163513186,1.2483923228501227e-7,-0.9112629890441895,6.64509229864052e-8,1,1.0696483343508589e-7,0.9112629890441895,-1.6503483024621347e-8,-0.41182494163513186]},{"type":"position","time":0.38399815559387209,"pos":[150.2012939453125,49.865692138671878,162.20262145996095,-0.41182494163513186,1.0405563699578124e-7,-0.9112629890441895,5.518493395584301e-8,1,8.924877192839631e-8,0.9112629890441895,-1.3533115961195108e-8,-0.41182494163513186]},{"type":"position","time":0.4158976078033447,"pos":[150.2012939453125,49.865692138671878,162.20262145996095,-0.41182494163513186,-4.883364268515322e-10,-0.9112629890441895,-4.957781962744434e-10,1,-3.118337810192884e-10,0.9112629890441895,3.23363419374445e-10,-0.41182494163513186]},{"type":"position","time":0.43419981002807619,"pos":[150.2012939453125,49.865692138671878,162.20262145996095,-0.41182494163513186,-6.015760334321385e-8,-0.9112629890441895,-3.2275977446261098e-8,1,-5.142922887557688e-8,0.9112629890441895,8.232065695779056e-9,-0.41182494163513186]},{"type":"position","time":0.45386433601379397,"pos":[150.2012939453125,49.865692138671878,162.20262145996095,-0.41182494163513186,-9.676670487124284e-8,-0.9112629890441895,-5.171691697114511e-8,1,-8.281735119908262e-8,0.9112629890441895,1.3021463907136877e-8,-0.41182494163513186]},{"type":"position","time":0.4836883544921875,"pos":[150.2012939453125,49.865692138671878,162.20262145996095,-0.41182494163513186,-6.841102617727302e-8,-0.9112629890441895,-3.64142316300331e-8,1,-5.8616159037683249e-8,0.9112629890441895,9.043346516079965e-9,-0.41182494163513186]},{"type":"position","time":0.5086097717285156,"pos":[150.2012939453125,49.865692138671878,162.20262145996095,-0.41182494163513186,-4.009771359392289e-8,-0.9112629890441895,-2.113441333051469e-8,1,-3.445112284339302e-8,0.9112629890441895,5.071176367721364e-9,-0.41182494163513186]},{"type":"position","time":0.5281352996826172,"pos":[150.2012939453125,49.865692138671878,162.20262145996095,-0.41182494163513186,-2.3937673176988029e-8,-0.9112629890441895,-1.2413339689487657e-8,1,-2.065874582513061e-8,0.9112629890441895,2.804030119207823e-9,-0.41182494163513186]},{"type":"position","time":0.542978048324585,"pos":[150.2012939453125,49.865692138671878,162.20262145996095,-0.41182494163513186,-7.791434164516886e-9,-0.9112629890441895,-3.6997105379299457e-9,1,-6.878146940891838e-9,0.9112629890441895,5.388168800024573e-10,-0.41182494163513186]},{"type":"position","time":0.5695912837982178,"pos":[150.2012939453125,49.865692138671878,162.20262145996095,-0.41182494163513186,1.6402076141730505e-8,-0.9112629890441895,9.356788233105818e-9,1,1.3770687701253337e-8,0.9112629890441895,-2.8553819308996255e-9,-0.41182494163513186]},{"type":"position","time":0.5898292064666748,"pos":[150.2012939453125,49.865692138671878,162.20262145996095,-0.41182494163513186,3.653966373917683e-8,-0.9112629890441895,2.0224431906967767e-8,1,3.0957846064438857e-8,0.9112629890441895,-5.680563575083397e-9,-0.41182494163513186]},{"type":"position","time":0.6078565120697022,"pos":[150.2012939453125,49.865692138671878,162.20262145996095,-0.41182494163513186,5.263425606472083e-8,-0.9112629890441895,2.89101951267412e-8,1,4.469436021281581e-8,0.9112629890441895,-7.93853871527972e-9,-0.41182494163513186]},{"type":"position","time":0.63057541847229,"pos":[150.2012939453125,49.865692138671878,162.20262145996095,-0.41182494163513186,7.675038204979501e-8,-0.9112629890441895,4.1924941740489888e-8,1,6.52771419140663e-8,0.9112629890441895,-1.1321892756654961e-8,-0.41182494163513186]},{"type":"position","time":0.6480958461761475,"pos":[150.2012939453125,49.865692138671878,162.20262145996095,-0.41182494163513186,9.28106373976334e-8,-0.9112629890441895,5.0592181111142057e-8,1,7.898434972730684e-8,0.9112629890441895,-1.3575055746173348e-8,-0.41182494163513186]},{"type":"position","time":0.6678965091705322,"pos":[150.2012939453125,49.865692138671878,162.20262145996095,-0.41182494163513186,1.128666653471555e-7,-0.9112629890441895,6.141582531427048e-8,1,9.610189266595626e-8,0.9112629890441895,-1.6388808532497025e-8,-0.41182494163513186]},{"type":"position","time":0.6863627433776856,"pos":[150.2012939453125,49.865692138671878,162.20262145996095,-0.41182494163513186,1.2889607603483456e-7,-0.9112629890441895,7.006642022133747e-8,1,1.0978278197626423e-7,0.9112629890441895,-1.863764786946831e-8,-0.41182494163513186]},{"type":"position","time":0.70223069190979,"pos":[150.2012939453125,49.865692138671878,162.20262145996095,-0.41182494163513186,7.55993951884193e-8,-0.9112629890441895,4.105834960910215e-8,1,6.440571098664805e-8,0.9112629890441895,-1.0891078261465737e-8,-0.41182494163513186]},{"type":"position","time":0.7246649265289307,"pos":[150.2012939453125,49.865692138671878,162.20262145996095,-0.41182494163513186,-4.260301000869049e-9,-0.9112629890441895,-2.4073154580861457e-9,1,-3.587228292190048e-9,0.9112629890441895,7.163874493620881e-10,-0.41182494163513186]},{"type":"position","time":0.7390139102935791,"pos":[150.2012939453125,49.865692138671878,162.20262145996095,-0.41182494163513186,-4.415178622707572e-8,-0.9112629890441895,-2.4119275465750435e-8,1,-3.755103605840304e-8,0.9112629890441895,6.514550232594729e-9,-0.41182494163513186]},{"type":"position","time":0.7611148357391357,"pos":[150.2012939453125,49.865692138671878,162.20262145996095,-0.41182494163513186,-9.322150873458668e-8,-0.9112629890441895,-5.0815970098483379e-8,1,-7.933410017813003e-8,0.9112629890441895,1.3634950057905826e-8,-0.41182494163513186]},{"type":"position","time":0.7802834510803223,"pos":[150.2012939453125,49.865692138671878,162.20262145996095,-0.41182494163513186,-7.283868086460643e-8,-0.9112629890441895,-3.966832906598938e-8,1,-6.200436075687321e-8,0.9112629890441895,1.061333865237657e-8,-0.41182494163513186]},{"type":"position","time":0.8086636066436768,"pos":[150.2012939453125,49.865692138671878,162.20262145996095,-0.41182494163513186,-4.4339273586047059e-8,-0.9112629890441895,-2.4081620253468828e-8,1,-3.777379475877751e-8,0.9112629890441895,6.388499063092468e-9,-0.41182494163513186]},{"type":"position","time":0.8247005939483643,"pos":[150.2012939453125,49.865692138671878,162.20262145996095,-0.41182494163513186,-2.8073015911900258e-8,-0.9112629890441895,-1.5185388946292734e-8,1,-2.3944014770904688e-8,0.9112629890441895,3.977140394795242e-9,-0.41182494163513186]},{"type":"position","time":0.852853536605835,"pos":[150.2012939453125,49.865692138671878,162.20262145996095,-0.41182494163513186,-3.699670791945664e-9,-0.9112629890441895,-1.8552793745740815e-9,1,-3.221485522786338e-9,0.9112629890441895,3.639593071369518e-10,-0.41182494163513186]},{"type":"position","time":0.8705883026123047,"pos":[150.2012939453125,49.865692138671878,162.20262145996095,-0.41182494163513186,1.6587602402751146e-8,-0.9112629890441895,9.240108234109812e-9,1,1.4027011552286695e-8,0.9112629890441895,-2.6434952005160996e-9,-0.41182494163513186]},{"type":"position","time":0.8840622901916504,"pos":[150.2012939453125,49.865692138671878,162.20262145996095,-0.41182494163513186,2.8749571612252113e-8,-0.9112629890441895,1.5891655991140398e-8,1,2.4367270867742265e-8,0.9112629890441895,-4.446428558679827e-9,-0.41182494163513186]},{"type":"position","time":0.9043641090393066,"pos":[150.2012939453125,49.865692138671878,162.20262145996095,-0.41182494163513186,4.9002210289472717e-8,-0.9112629890441895,2.6968104194224908e-8,1,4.1586318388908697e-8,0.9112629890441895,-7.448751393468456e-9,-0.41182494163513186]},{"type":"position","time":0.9264926910400391,"pos":[150.2012939453125,49.865692138671878,162.20262145996095,-0.41182494163513186,6.923323070395782e-8,-0.9112629890441895,3.803273074254321e-8,1,5.878698772221469e-8,0.9112629890441895,-1.0447873677321695e-8,-0.41182494163513186]},{"type":"position","time":0.9417996406555176,"pos":[150.2012939453125,49.865692138671878,162.20262145996095,-0.41182494163513186,8.540249751831652e-8,-0.9112629890441895,4.687593246899269e-8,1,7.253429856746152e-8,0.9112629890441895,-1.284486916830474e-8,-0.41182494163513186]},{"type":"position","time":0.9543552398681641,"pos":[150.2012939453125,49.865692138671878,162.20262145996095,-0.41182494163513186,9.752038465649093e-8,-0.9112629890441895,5.350337772824787e-8,1,8.283707586542732e-8,0.9112629890441895,-1.4641273970994462e-8,-0.41182494163513186]},{"type":"position","time":0.9798088073730469,"pos":[150.2012939453125,49.865692138671878,162.20262145996095,-0.41182494163513186,1.2173288155281626e-7,-0.9112629890441895,6.674554242636077e-8,1,1.0342283474074066e-7,0.9112629890441895,-1.823063655592705e-8,-0.41182494163513186]},{"type":"position","time":0.9946334362030029,"pos":[150.2012939453125,49.865692138671878,162.20262145996095,-0.41182494163513186,1.163737621823202e-7,-0.9112629890441895,6.379413974855197e-8,1,9.88756809761071e-8,0.9112629890441895,-1.741376465247413e-8,-0.41182494163513186]},{"type":"position","time":1.0075006484985352,"pos":[150.2012939453125,49.865692138671878,162.20262145996095,-0.41182494163513186,6.27102139105773e-8,-0.9112629890441895,3.436310080928706e-8,1,5.3287173784610789e-8,0.9112629890441895,-9.36883548519063e-9,-0.41182494163513186]},{"type":"position","time":1.0229823589324952,"pos":[150.2012939453125,49.865692138671878,162.20262145996095,-0.41182494163513186,2.2492626428061159e-8,-0.9112629890441895,1.2306315966270632e-8,1,1.9121349836836999e-8,0.9112629890441895,-3.33964189636049e-9,-0.41182494163513186]},{"type":"position","time":1.0371863842010499,"pos":[150.2012939453125,49.865692138671878,162.20262145996095,-0.41182494163513186,-3.109075308316278e-8,-0.9112629890441895,-1.708075991757596e-8,1,-2.639904117529568e-8,0.9112629890441895,4.693281319134712e-9,-0.41182494163513186]},{"type":"position","time":1.0605926513671876,"pos":[150.2012939453125,49.865692138671878,162.20262145996095,-0.41182494163513186,-9.800562850159622e-8,-0.9112629890441895,-5.377932055239398e-8,1,-8.32448634469074e-8,0.9112629890441895,1.4724792052334124e-8,-0.41182494163513186]},{"type":"position","time":1.076997995376587,"pos":[150.2012939453125,49.865692138671878,162.20262145996095,-0.41182494163513186,-8.157144293363672e-8,-0.9112629890441895,-4.475189641084398e-8,1,-6.929008833367334e-8,0.9112629890441895,1.2245358504969773e-8,-0.41182494163513186]},{"type":"position","time":1.0955636501312256,"pos":[150.2012939453125,49.865692138671878,162.20262145996095,-0.41182494163513186,-6.515129769013584e-8,-0.9112629890441895,-3.573218165797698e-8,1,-5.534723968025901e-8,0.9112629890441895,9.768041486779567e-9,-0.41182494163513186]},{"type":"position","time":1.1145274639129639,"pos":[150.2012939453125,49.865692138671878,162.20262145996095,-0.41182494163513186,-4.4645826591249718e-8,-0.9112629890441895,-2.446837044089989e-8,1,-3.7935414809453508e-8,0.9112629890441895,6.674370389703199e-9,-0.41182494163513186]},{"type":"position","time":1.1396634578704835,"pos":[150.2012939453125,49.865692138671878,162.20262145996095,-0.41182494163513186,-2.006814980859417e-8,-0.9112629890441895,-1.0967664998418059e-8,1,-1.7065756807710387e-8,0.9112629890441895,2.9663227429921337e-9,-0.41182494163513186]},{"type":"position","time":1.166107416152954,"pos":[150.2012939453125,49.865692138671878,162.20262145996095,-0.41182494163513186,4.478048154510361e-9,-0.9112629890441895,2.515756047927198e-9,1,3.777171908581067e-9,0.9112629890441895,-7.369818644242798e-10,-0.41182494163513186]},{"type":"position","time":1.1860578060150147,"pos":[150.2012939453125,49.865692138671878,162.20262145996095,-0.41182494163513186,2.4909198259592814e-8,-0.9112629890441895,1.3738752357994599e-8,1,2.112588504132873e-8,0.9112629890441895,-3.819450089537213e-9,-0.41182494163513186]},{"type":"position","time":1.2031793594360352,"pos":[150.2012939453125,49.865692138671878,162.20262145996095,-0.41182494163513186,4.1238415349198479e-8,-0.9112629890441895,2.2708526614678705e-8,1,3.499152256836169e-8,0.9112629890441895,-6.2830580738193479e-9,-0.41182494163513186]},{"type":"position","time":1.227400779724121,"pos":[150.2012939453125,49.865692138671878,162.20262145996095,-0.41182494163513186,6.570610366907204e-8,-0.9112629890441895,3.614882970737199e-8,1,5.57677779511323e-8,0.9112629890441895,-9.97452875850513e-9,-0.41182494163513186]},{"type":"position","time":1.2519779205322266,"pos":[150.2012939453125,49.865692138671878,162.20262145996095,-0.41182494163513186,9.014245705429858e-8,-0.9112629890441895,4.957192700771884e-8,1,7.651743061387606e-8,0.9112629890441895,-1.3661275666265738e-8,-0.41182494163513186]},{"type":"position","time":1.2744407653808594,"pos":[150.2012939453125,49.865692138671878,162.20262145996095,-0.41182494163513186,1.104821691910729e-7,-0.9112629890441895,6.07447105949177e-8,1,9.378850052144117e-8,0.9112629890441895,-1.672996141621752e-8,-0.41182494163513186]},{"type":"position","time":1.305246353149414,"pos":[150.2012939453125,49.865692138671878,162.20262145996095,-0.41182494163513186,1.0374846226568479e-7,-0.9112629890441895,5.703224204012258e-8,1,8.807683826717039e-8,0.9112629890441895,-1.569913088417252e-8,-0.41182494163513186]},{"type":"position","time":1.3249688148498536,"pos":[150.2012939453125,49.865692138671878,162.20262145996095,-0.41182494163513186,2.2662607790380208e-8,-0.9112629890441895,1.2450348307879722e-8,1,1.9242792248519437e-8,0.9112629890441895,-3.4208802457413869e-9,-0.41182494163513186]},{"type":"position","time":1.3587212562561036,"pos":[150.2012939453125,49.865692138671878,162.20262145996095,-0.41182494163513186,-7.180631200753851e-8,-0.9112629890441895,-3.948971638578769e-8,1,-6.095217486290494e-8,0.9112629890441895,1.0883891121693523e-8,-0.41182494163513186]},{"type":"position","time":1.3835718631744385,"pos":[150.2012939453125,49.865692138671878,162.20262145996095,-0.41182494163513186,-8.220737157671465e-8,-0.9112629890441895,-4.5203570664398288e-8,1,-6.978382316447096e-8,0.9112629890441895,1.2453622133534737e-8,-0.41182494163513186]},{"type":"position","time":1.4119582176208497,"pos":[150.2012939453125,49.865692138671878,162.20262145996095,-0.41182494163513186,-5.325419749624416e-8,-0.9112629890441895,-2.92764603671003e-8,1,-4.520914487216032e-8,0.9112629890441895,8.060300871193249e-9,-0.41182494163513186]},{"type":"position","time":1.4286386966705323,"pos":[150.2012939453125,49.865692138671878,162.20262145996095,-0.41182494163513186,-3.259984282522055e-8,-0.9112629890441895,-1.7914523198214739e-8,1,-2.767828277683293e-8,0.9112629890441895,4.9262345314105009e-9,-0.41182494163513186]},{"type":"position","time":1.446589708328247,"pos":[150.2012939453125,49.865692138671878,162.20262145996095,-0.41182494163513186,-2.021781320138416e-8,-0.9112629890441895,-1.1103181485339065e-8,1,-1.7168749977258814e-8,0.9112629890441895,3.04739877776683e-9,-0.41182494163513186]},{"type":"position","time":1.4592018127441407,"pos":[150.2012939453125,49.865692138671878,162.20262145996095,-0.41182494163513186,-3.720779240268257e-9,-0.9112629890441895,-2.0281769597119139e-9,1,-3.1665123856328138e-9,0.9112629890441895,5.441539441264354e-10,-0.41182494163513186]},{"type":"position","time":1.4777495861053467,"pos":[150.2012939453125,49.865692138671878,162.20262145996095,-0.41182494163513186,1.2762166434754363e-8,-0.9112629890441895,7.039079985560193e-9,1,1.0823766771750343e-8,0.9112629890441895,-1.95695615268221e-9,-0.41182494163513186]},{"type":"position","time":1.504746675491333,"pos":[150.2012939453125,49.865692138671878,162.20262145996095,-0.41182494163513186,4.1573457565391439e-8,-0.9112629890441895,2.2888157147349376e-8,1,3.527800984670648e-8,0.9112629890441895,-6.3287650675647459e-9,-0.41182494163513186]},{"type":"position","time":1.5236902236938477,"pos":[150.2012939453125,49.865692138671878,162.20262145996095,-0.41182494163513186,5.8017725734771378e-8,-0.9112629890441895,3.193414244151427e-8,1,4.9235456600627006e-8,0.9112629890441895,-8.824011743513438e-9,-0.41182494163513186]},{"type":"position","time":1.542748212814331,"pos":[150.2012939453125,49.865692138671878,162.20262145996095,-0.41182494163513186,7.855331318751269e-8,-0.9112629890441895,4.323076296941508e-8,1,6.66654997871774e-8,0.9112629890441895,-1.1940075594907285e-8,-0.41182494163513186]},{"type":"position","time":1.5612895488739014,"pos":[150.2254638671875,49.865692138671878,162.21604919433595,-0.41898879408836367,4.225335885621462e-7,-0.9079914093017578,2.719372993453817e-8,1,4.528013448634738e-7,0.9079914093017578,1.650270320396885e-7,-0.41898879408836367]},{"type":"position","time":1.586238145828247,"pos":[150.30184936523438,49.865692138671878,162.25418090820313,-0.4259173572063446,4.088934701940161e-7,-0.9047620892524719,1.0337618538969196e-9,1,4.5144818727749227e-7,0.9047620892524719,1.9134429862788239e-7,-0.4259173572063446]},{"type":"position","time":1.6078319549560547,"pos":[150.398681640625,49.865692138671878,162.3032989501953,-0.43045997619628909,1.7963347431759758e-7,-0.902609646320343,-1.6015248016643114e-9,1,1.9977944987203956e-7,0.902609646320343,8.744260782123092e-8,-0.43045997619628909]},{"type":"position","time":1.6303019523620606,"pos":[150.5823211669922,49.865692138671878,162.3939208984375,-0.43334195017814639,1.185354392418958e-7,-0.9012295603752136,3.20111714913196e-10,1,1.3137243115579623e-7,0.9012295603752136,5.66406939128683e-8,-0.43334195017814639]},{"type":"position","time":1.6558966636657715,"pos":[150.8558349609375,49.865692138671878,162.53285217285157,-0.43730399012565615,1.2754723854868645e-7,-0.899313747882843,7.844084271013685e-10,1,1.4144586657494075e-7,0.899313747882843,6.114941442092459e-8,-0.43730399012565615]},{"type":"position","time":1.6796329021453858,"pos":[151.1397247314453,49.865692138671878,162.68264770507813,-0.442111998796463,1.7366826909892553e-7,-0.8969598412513733,7.069656526859092e-10,1,1.9327030997828843e-7,0.8969598412513733,8.481300284302051e-8,-0.442111998796463]},{"type":"position","time":1.699923038482666,"pos":[151.43112182617188,49.865692138671878,162.8430633544922,-0.44866588711738589,3.2284822282235839e-7,-0.893699586391449,1.7054972989427598e-9,1,3.603929599194089e-7,0.893699586391449,1.6017182247196616e-7,-0.44866588711738589]},{"type":"position","time":1.7193634510040284,"pos":[151.72161865234376,49.865692138671878,163.0065155029297,-0.45575982332229617,4.2393989474476259e-7,-0.8901028037071228,2.772113427695899e-9,1,4.7486253151873827e-7,0.8901028037071228,2.1395580063199305e-7,-0.45575982332229617]},{"type":"position","time":1.7607197761535645,"pos":[152.24188232421876,49.865692138671878,163.30540466308595,-0.46870771050453188,4.389923731196177e-7,-0.8833532929420471,2.8317073130779137e-9,1,4.954587211614125e-7,0.8833532929420471,2.2972393765030575e-7,-0.46870771050453188]},{"type":"position","time":1.786694049835205,"pos":[152.58718872070313,49.865692138671878,163.50730895996095,-0.4763753414154053,3.5838354506267935e-7,-0.8792420029640198,2.1212556156058328e-9,1,4.0645579701958925e-7,0.8792420029640198,1.9176043508650765e-7,-0.4763753414154053]},{"type":"position","time":1.820077896118164,"pos":[152.98597717285157,49.865692138671878,163.74964904785157,-0.4864634871482849,4.372391799734032e-7,-0.8737009167671204,2.736500803734998e-9,1,4.989212811778998e-7,0.8737009167671204,2.4031609768826458e-7,-0.4864634871482849]},{"type":"position","time":1.8552417755126954,"pos":[153.3238983154297,49.865692138671878,163.96368408203126,-0.49634218215942385,5.742129474128888e-7,-0.8681269884109497,4.301397016348574e-9,1,6.589796157641104e-7,0.8681269884109497,3.233452048334584e-7,-0.49634218215942385]},{"type":"position","time":1.9018542766571046,"pos":[153.64215087890626,49.865692138671878,164.16636657714845,-0.49868181347846987,-3.85030425320565e-8,-0.8667851090431213,-1.3110912355784877e-9,1,-4.366621553231198e-8,0.8667851090431213,-2.0639111752984719e-8,-0.49868181347846987]},{"type":"position","time":1.9524157047271729,"pos":[153.65431213378907,49.865692138671878,164.17413330078126,-0.49869248270988467,-6.718336464928143e-8,-0.8667789697647095,7.21477488863087e-10,1,-7.792431233610842e-8,0.8667789697647095,-3.948563076505707e-8,-0.49869248270988467]},{"type":"position","time":1.9836876392364503,"pos":[153.65431213378907,49.865692138671878,164.17413330078126,-0.49869251251220705,-4.834555866750634e-8,-0.8667789697647095,2.9562465808652407e-9,1,-5.7476952974866438e-8,0.8667789697647095,-3.1225738439388809e-8,-0.49869251251220705]},{"type":"position","time":2.011671781539917,"pos":[153.65431213378907,49.865692138671878,164.17413330078126,-0.49869251251220705,-3.46731425793223e-8,-0.8667789697647095,4.578233792074116e-9,1,-4.263633002210554e-8,0.8667789697647095,-2.5230734834735814e-8,-0.49869251251220705]},{"type":"position","time":2.035813570022583,"pos":[153.65431213378907,49.865692138671878,164.17413330078126,-0.49869251251220705,-2.1024099794431096e-8,-0.8667789697647095,6.197445667766033e-9,1,-2.782107166865444e-8,0.8667789697647095,-1.924597547997564e-8,-0.49869251251220705]},{"type":"position","time":2.053828716278076,"pos":[153.65431213378907,51.42996597290039,164.17413330078126,-0.49869251251220705,-1.2505298130349729e-8,-0.8667789697647095,7.208046604034735e-9,1,-1.8574397131487787e-8,0.8667789697647095,-1.551069672700578e-8,-0.49869251251220705]},{"type":"position","time":2.0678019523620607,"pos":[153.65431213378907,52.32765579223633,164.17413330078126,-0.49869251251220705,-7.39838812435778e-9,-0.8667789697647095,7.813888203145325e-9,1,-1.303113794648425e-8,0.8667789697647095,-1.3271445276075156e-8,-0.49869251251220705]},{"type":"position","time":2.0789191722869875,"pos":[153.65431213378907,53.47689437866211,164.17413330078126,-0.49869251251220705,-5.942694114580149e-10,-0.8667789697647095,8.621072744574576e-9,1,-5.645653722297084e-9,0.8667789697647095,-1.028800955538145e-8,-0.49869251251220705]},{"type":"position","time":2.0969126224517824,"pos":[153.65431213378907,54.57162857055664,164.17413330078126,-0.49869251251220705,6.204031954837319e-9,-0.8667789697647095,9.4275662831933e-9,1,1.7335161084375273e-9,0.8667789697647095,-7.307124239019913e-9,-0.49869251251220705]},{"type":"position","time":2.112367630004883,"pos":[153.65431213378907,55.61185836791992,164.17413330078126,-0.49869251251220705,1.2996520304398019e-8,-0.8667789697647095,1.0233369707179918e-8,1,9.106376097633984e-9,0.8667789697647095,-4.328787550633706e-9,-0.49869251251220705]},{"type":"position","time":2.1272900104522707,"pos":[153.65431213378907,56.59759521484375,164.17413330078126,-0.49869251251220705,1.9783200855272299e-8,-0.8667789697647095,1.1038483016534429e-8,1,1.647293323969734e-8,0.8667789697647095,-1.3529966036429642e-9,-0.49869251251220705]},{"type":"position","time":2.1493639945983888,"pos":[153.65431213378907,57.75312423706055,164.17413330078126,-0.49869251251220705,2.825838940623271e-8,-0.8667789697647095,1.2043906316705489e-8,1,2.5672271419807659e-8,0.8667789697647095,2.3631643308874574e-9,-0.49869251251220705]},{"type":"position","time":2.1718642711639406,"pos":[153.65431213378907,58.823490142822269,164.17413330078126,-0.49869251251220705,3.672452209002586e-8,-0.8667789697647095,1.3048254032810292e-8,1,3.4861777464811897e-8,0.8667789697647095,6.075354885837214e-9,-0.49869251251220705]},{"type":"position","time":2.1870627403259279,"pos":[153.65431213378907,59.61847686767578,164.17413330078126,-0.49869251251220705,4.349091042854525e-8,-0.8667789697647095,1.3850958602290575e-8,1,4.220630955842353e-8,0.8667789697647095,9.042251392088474e-9,-0.49869251251220705]},{"type":"position","time":2.2086825370788576,"pos":[153.65431213378907,60.35896301269531,164.17413330078126,-0.49869251251220705,5.025151494919555e-8,-0.8667789697647095,1.4652975721674011e-8,1,4.954456400696472e-8,0.8667789697647095,1.200661170486228e-8,-0.49869251251220705]},{"type":"position","time":2.2239410877227785,"pos":[153.65431213378907,61.044944763183597,164.17413330078126,-0.49869251251220705,5.700633920469045e-8,-0.8667789697647095,1.5454308055495859e-8,1,5.687654436314915e-8,0.8667789697647095,1.4968437156426263e-8,-0.49869251251220705]},{"type":"position","time":2.2439444065093996,"pos":[153.65431213378907,61.825782775878909,164.17413330078126,-0.49869251251220705,6.544174624423249e-8,-0.8667789697647095,1.645501157554463e-8,1,6.603270463756417e-8,0.8667789697647095,1.8667156709284428e-8,-0.49869251251220705]},{"type":"position","time":2.2627508640289308,"pos":[153.65431213378907,62.38914489746094,164.17413330078126,-0.49869251251220705,7.218358177851769e-8,-0.8667789697647095,1.7254803807986719e-8,1,7.335058427315744e-8,0.8667789697647095,2.1623284496286034e-8,-0.49869251251220705]},{"type":"position","time":2.280606985092163,"pos":[153.65431213378907,63.016700744628909,164.17413330078126,-0.49869251251220705,8.060277423282969e-8,-0.8667789697647095,1.825358530993526e-8,1,8.248913019315296e-8,0.8667789697647095,2.531488796364556e-8,-0.49869251251220705]},{"type":"position","time":2.316873550415039,"pos":[153.65431213378907,63.84366989135742,164.17413330078126,-0.49869251251220705,9.40547693062399e-8,-0.8667789697647095,1.984941810917462e-8,1,9.709050630135607e-8,0.8667789697647095,3.121325065080782e-8,-0.49869251251220705]},{"type":"position","time":2.3383092880249025,"pos":[153.65431213378907,64.32083129882813,164.17413330078126,-0.49869251251220705,1.0412867368359002e-7,-0.8667789697647095,2.1044506581802126e-8,1,1.0802515504337862e-7,0.8667789697647095,3.5630399963793027e-8,-0.49869251251220705]},{"type":"position","time":2.3626465797424318,"pos":[153.65431213378907,64.67536926269531,164.17413330078126,-0.49869251251220705,1.1418966039400402e-7,-0.8667789697647095,2.2238065611190906e-8,1,1.1894578477722462e-7,0.8667789697647095,4.004188269846054e-8,-0.49869251251220705]},{"type":"position","time":2.3992066383361818,"pos":[153.65431213378907,64.95733642578125,164.17413330078126,-0.49869251251220705,1.275842294035101e-7,-0.8667789697647095,2.3827096740092203e-8,1,1.3348481786579215e-7,0.8667789697647095,4.591505486928327e-8,-0.49869251251220705]},{"type":"position","time":2.4283206462860109,"pos":[153.65431213378907,65.02523040771485,164.17413330078126,-0.49869251251220705,1.392857029713923e-7,-0.8667789697647095,2.521527875387619e-8,1,1.4618609611716239e-7,0.8667789697647095,5.1045841331642808e-8,-0.49869251251220705]},{"type":"position","time":2.4421792030334474,"pos":[153.65431213378907,64.98908233642578,164.17413330078126,-0.49869251251220705,1.459643925727505e-7,-0.8667789697647095,2.6007590747667565e-8,1,1.5343543680046424e-7,0.8667789697647095,5.39742686100908e-8,-0.49869251251220705]},{"type":"position","time":2.4673876762390138,"pos":[153.65431213378907,64.83268737792969,164.17413330078126,-0.49869251251220705,1.5597173330661463e-7,-0.8667789697647095,2.719479219592813e-8,1,1.6429781624083263e-7,0.8667789697647095,5.8362218169349947e-8,-0.49869251251220705]},{"type":"position","time":2.484257698059082,"pos":[153.65431213378907,64.66029357910156,164.17413330078126,-0.49869251251220705,1.6263615520983877e-7,-0.8667789697647095,2.7985414874365234e-8,1,1.715316670924949e-7,0.8667789697647095,6.128438911900958e-8,-0.49869251251220705]},{"type":"position","time":2.496549367904663,"pos":[153.65431213378907,64.49523162841797,164.17413330078126,-0.49869251251220705,1.676307306297531e-7,-0.8667789697647095,2.8577932909001903e-8,1,1.7695299447950675e-7,0.8667789697647095,6.347438130660521e-8,-0.49869251251220705]},{"type":"position","time":2.5233230590820314,"pos":[153.65431213378907,64.0731430053711,164.17413330078126,-0.49869251251220705,1.7761028914264899e-7,-0.8667789697647095,2.976183921532538e-8,1,1.8778521848616948e-7,0.8667789697647095,6.785014505794607e-8,-0.49869251251220705]},{"type":"position","time":2.542060375213623,"pos":[153.65431213378907,63.62773895263672,164.17413330078126,-0.49869251251220705,1.2092031909105573e-7,-0.8667789697647095,2.0019662372305903e-8,1,1.2798724924323324e-7,0.8667789697647095,4.6473662251855788e-8,-0.49869251251220705]},{"type":"position","time":2.5627009868621828,"pos":[153.65431213378907,63.097171783447269,164.17413330078126,-0.49869251251220705,4.805049158562724e-8,-0.8667789697647095,7.607409813203958e-9,1,5.1058844263707218e-8,0.8667789697647095,1.8868719919851175e-8,-0.49869251251220705]},{"type":"position","time":2.5828826427459719,"pos":[153.65431213378907,62.4814453125,164.17413330078126,-0.49869251251220705,-2.4741462212318767e-8,-0.8667789697647095,-4.791582686181073e-9,1,-2.5787354474005043e-8,0.8667789697647095,-8.706717125051e-9,-0.49869251251220705]},{"type":"position","time":2.621856927871704,"pos":[153.65431213378907,61.15855407714844,164.17413330078126,-0.49869251251220705,-1.2150078987360758e-7,-0.8667789697647095,-2.1172835928950918e-8,1,-1.279934735975985e-7,0.8667789697647095,-4.5477218435507896e-8,-0.49869251251220705]},{"type":"position","time":2.6428346633911135,"pos":[153.65431213378907,60.30438995361328,164.17413330078126,-0.49869251251220705,-1.0896332014453947e-7,-0.8667789697647095,-1.8786938227322026e-8,1,-1.1490174500750072e-7,0.8667789697647095,-4.1016516405534278e-8,-0.49869251251220705]},{"type":"position","time":2.660008192062378,"pos":[153.65431213378907,59.55975341796875,164.17413330078126,-0.49869251251220705,-9.894299068946566e-8,-0.8667789697647095,-1.6880052911005806e-8,1,-1.0443843478924464e-7,0.8667789697647095,-3.7451389545140049e-8,-0.49869251251220705]},{"type":"position","time":2.677461862564087,"pos":[153.65431213378907,58.76061248779297,164.17413330078126,-0.49869251251220705,-8.893123748521248e-8,-0.8667789697647095,-1.4974798290268155e-8,1,-9.398407030403178e-8,0.8667789697647095,-3.388931091308223e-8,-0.49869251251220705]},{"type":"position","time":2.6956753730773927,"pos":[153.65431213378907,57.68503952026367,164.17413330078126,-0.49869251251220705,-7.642857724476926e-8,-0.8667789697647095,-1.2595524623293386e-8,1,-8.092868597486813e-8,0.8667789697647095,-2.9440993642992909e-8,-0.49869251251220705]},{"type":"position","time":2.709674835205078,"pos":[153.65431213378907,56.99882888793945,164.17413330078126,-0.49869251251220705,-6.893339588032177e-8,-0.8667789697647095,-1.1169180247350141e-8,1,-7.310215011102628e-8,0.8667789697647095,-2.6774284123121107e-8,-0.49869251251220705]},{"type":"position","time":2.7300477027893068,"pos":[153.65431213378907,55.78701400756836,164.17413330078126,-0.49869251251220705,-5.6452105212656536e-8,-0.8667789697647095,-8.79397177300234e-9,1,-6.006908392919286e-8,0.8667789697647095,-2.233357143666126e-8,-0.49869251251220705]},{"type":"position","time":2.7571663856506349,"pos":[153.65431213378907,54.220420837402347,164.17413330078126,-0.49869251251220705,-4.14921679237068e-8,-0.8667789697647095,-5.947073056233876e-9,1,-4.444778767265234e-8,0.8667789697647095,-1.701098106821064e-8,-0.49869251251220705]},{"type":"position","time":2.7768921852111818,"pos":[153.65431213378907,52.821266174316409,164.17413330078126,-0.49869251251220705,-2.9040204907460067e-8,-0.8667789697647095,-3.577444562807841e-9,1,-3.144533877730282e-8,0.8667789697647095,-1.258070181364701e-8,-0.49869251251220705]},{"type":"position","time":2.8030192852020265,"pos":[153.65431213378907,51.33694839477539,164.17413330078126,-0.49869251251220705,-1.6601548580297277e-8,-0.8667789697647095,-1.2103494873016985e-9,1,-1.8456788097864775e-8,0.8667789697647095,-8.155156550060383e-9,-0.49869251251220705]},{"type":"position","time":2.8311800956726076,"pos":[153.65431213378907,49.443359375,164.17413330078126,-0.49869251251220705,-1.6927059753868435e-9,-0.8667789697647095,1.6268263403063088e-9,1,-2.8888473835309016e-9,0.8667789697647095,-2.8507454175041859e-9,-0.49869251251220705]},{"type":"position","time":2.866680383682251,"pos":[153.65431213378907,49.434932708740237,164.17413330078126,-0.49869251251220705,1.5676780762419186e-8,-0.8667789697647095,4.932266151058684e-9,1,1.5248520668365019e-8,0.8667789697647095,3.3291385204137215e-9,-0.49869251251220705]},{"type":"position","time":2.9011082649230959,"pos":[153.65431213378907,49.72794723510742,164.17413330078126,-0.49869251251220705,3.5495808958785349e-8,-0.8667789697647095,8.703856302361146e-9,1,3.59437208885538e-8,0.8667789697647095,1.0380544424037908e-8,-0.49869251251220705]},{"type":"position","time":2.9422082901000978,"pos":[153.6664581298828,49.83039474487305,164.286865234375,-0.6908736824989319,0.00012948032235726714,-0.722975492477417,0.0000163302720466163,1,0.0001634884683880955,0.722975492477417,0.0001011434942483902,-0.6908736824989319]},{"type":"position","time":2.985732316970825,"pos":[153.69281005859376,49.857975006103519,164.55471801757813,-0.8467689156532288,0.00006325181311694905,-0.5319609045982361,0.00000808004097052617,1,0.00010604141425574198,0.5319609045982361,0.00008549430640414357,-0.8467689156532288]},{"type":"position","time":3.0457096099853517,"pos":[153.69810485839845,49.8646354675293,164.62025451660157,-0.8639053702354431,-0.0000024223406853707276,-0.5036541223526001,-2.5668379066701166e-7,1,-0.000004369248927105218,0.5036541223526001,-0.000003645337756097433,-0.8639053702354431]},{"type":"position","time":3.07649827003479,"pos":[153.69810485839845,49.86550521850586,164.62025451660157,-0.8639203906059265,1.2553800843306818e-7,-0.5036284327507019,1.211356348562731e-8,1,2.2848760750093789e-7,0.5036284327507019,1.9129436168441317e-7,-0.8639203906059265]},{"type":"position","time":3.107126474380493,"pos":[153.69810485839845,49.86564636230469,164.62025451660157,-0.8639203906059265,-5.870588992706871e-8,-0.5036283731460571,-2.6159627353194993e-8,1,-7.169186488908963e-8,0.5036283731460571,-4.876133274933636e-8,-0.8639203906059265]},{"type":"position","time":3.127922534942627,"pos":[153.69810485839845,49.86568069458008,164.62025451660157,-0.8639203906059265,-6.768702576209762e-8,-0.5036283731460571,-9.56141210650685e-9,1,-1.1799718180327545e-7,0.5036283731460571,-9.712477577750178e-8,-0.8639203906059265]},{"type":"position","time":3.1467227935791017,"pos":[153.69810485839845,49.865692138671878,164.62025451660157,-0.8639203906059265,-3.093537515042044e-8,-0.5036283731460571,4.303851497411415e-9,1,-6.880779324092146e-8,0.5036283731460571,-6.161199905818649e-8,-0.8639203906059265]},{"type":"position","time":3.160092830657959,"pos":[153.69810485839845,49.865692138671878,164.62025451660157,-0.8639203906059265,-8.903218606803876e-9,-0.5036283731460571,1.2615900324419727e-8,1,-3.931937442303024e-8,0.5036283731460571,-4.0322532868231067e-8,-0.8639203906059265]},{"type":"position","time":3.183135747909546,"pos":[153.69810485839845,49.865692138671878,164.62025451660157,-0.8639203906059265,2.7785668876845194e-8,-0.5036283731460571,2.6457488644382466e-8,1,9.785997789890644e-9,0.5036283731460571,-