{"a":[{"p":[-136.46681213378907,990.2281494140625,-304.1547546386719,-0.014741219580173493,-1.4183207497353579e-8,-0.9998913407325745,4.095091821199048e-9,1,-1.4245121526812455e-8,0.9998913407325745,-4.30463753531285e-9,-0.014741219580173493]},{"p":[-136.46681213378907,990.2281494140625,-304.1547546386719,-0.014741219580173493,2.6979719791597746e-8,-0.9998913407325745,-8.509201343542827e-9,1,2.710810065309488e-8,0.9998913407325745,8.90788331986414e-9,-0.014741219580173493]},{"p":[-136.46681213378907,990.2281494140625,-304.1547546386719,-0.014741219580173493,6.810747521512894e-8,-0.9998913407325745,-2.110272312449979e-8,1,6.842599020728812e-8,0.9998913407325745,2.2109112762791484e-8,-0.014741219580173493]},{"p":[-136.46681213378907,990.2281494140625,-304.1547546386719,-0.014741219580173493,1.0920008008952209e-7,-0.9998913407325745,-3.3685481071188408e-8,1,1.0970856578751409e-7,0.9998913407325745,3.5299056122539699e-8,-0.014741219580173493]},{"p":[-136.46681213378907,990.2281494140625,-304.1547546386719,-0.014741219580173493,8.007094010054061e-8,-0.9998913407325745,-2.4645521179422759e-8,1,8.044298738241196e-8,0.9998913407325745,2.5828670757732654e-8,-0.014741219580173493]},{"p":[-136.46681213378907,990.2281494140625,-304.1547546386719,-0.014741219580173493,5.096669397630649e-8,-0.9998913407325745,-1.56132884399085e-8,1,5.12024165288949e-8,0.9998913407325745,1.6366378474685918e-8,-0.014741219580173493]},{"p":[-136.46681213378907,990.2281494140625,-304.1547546386719,-0.014741219580173493,2.1887316847823969e-8,-0.9998913407325745,-6.588777079485908e-9,1,2.1986833687037689e-8,0.9998913407325745,6.91217350023976e-9,-0.014741219580173493]},{"p":[-136.46681213378907,990.2281494140625,-304.1547546386719,-0.014741219580173493,-7.1672094925645528e-9,-0.9998913407325745,2.4280222277184295e-9,1,-7.203784235798594e-9,0.9998913407325745,-2.5339510489885699e-9,-0.014741219580173493]},{"p":[-136.46681213378907,990.2281494140625,-304.1547546386719,-0.014741219580173493,-3.6196905028873519e-8,-0.9998913407325745,1.1437115254864239e-8,1,-3.636945677953918e-8,0.9998913407325745,-1.1972002056381826e-8,-0.014741219580173493]},{"p":[-136.46681213378907,990.2281494140625,-304.1547546386719,-0.014741219580173493,-6.52017959623663e-8,-0.9998913407325745,2.0438507775111249e-8,1,-6.551020703682298e-8,0.9998913407325745,-2.140198773759039e-8,-0.014741219580173493]},{"p":[-136.46681213378907,990.2281494140625,-304.1547546386719,-0.014741219580173493,-1.086626681967573e-7,-0.9998913407325745,3.392617387021346e-8,1,-1.0917464265958188e-7,0.9998913407325745,-3.5531854791770459e-8,-0.014741219580173493]},{"p":[-136.46681213378907,990.2281494140625,-304.1547546386719,-0.014741219580173493,-1.0164536234924526e-7,-0.9998913407325745,3.169889950527249e-8,1,-1.0212373524609575e-7,0.9998913407325745,-3.320088381997266e-8,-0.014741219580173493]},{"p":[-136.46681213378907,990.2281494140625,-304.1547546386719,-0.014741219580173493,-5.8689145987500527e-8,-0.9998913407325745,1.82688708605383e-8,1,-5.8964861437971197e-8,0.9998913407325745,-1.9136100704031379e-8,-0.014741219580173493]},{"p":[-136.46681213378907,990.2281494140625,-304.1547546386719,-0.014741219580173493,-3.7224808124847189e-8,-0.9998913407325745,1.155816242714991e-8,1,-3.739925347190365e-8,0.9998913407325745,-1.2108217539719135e-8,-0.014741219580173493]},{"p":[-136.46681213378907,990.2281494140625,-304.1547546386719,-0.014741219580173493,2.711318991543976e-8,-0.9998913407325745,-8.55675885702567e-9,1,2.7242286648743176e-8,0.9998913407325745,8.957413477617138e-9,-0.014741219580173493]},{"p":[-136.46681213378907,990.2281494140625,-304.1547546386719,-0.014741219580173493,6.995937695819521e-8,-0.9998913407325745,-2.195237946978068e-8,1,7.029061777075185e-8,0.9998913407325745,2.2986164083249606e-8,-0.014741219580173493]},{"p":[-136.46681213378907,990.2281494140625,-304.1547546386719,-0.014741219580173493,1.1276894440470642e-7,-0.9998913407325745,-3.5336551462705759e-8,1,1.1330216409533023e-7,0.9998913407325745,3.70029233920377e-8,-0.014741219580173493]},{"p":[-136.46681213378907,990.2281494140625,-304.1547546386719,-0.014741219580173493,8.290570008284704e-8,-0.9998913407325745,-2.5961110594607818e-8,1,8.329744360935365e-8,0.9998913407325745,2.7186196405182274e-8,-0.014741219580173493]},{"p":[-136.46681213378907,990.2281494140625,-304.1547546386719,-0.014741219580173493,5.3067967797915119e-8,-0.9998913407325745,-1.6593682872212413e-8,1,5.331837371613801e-8,0.9998913407325745,1.7377857375322493e-8,-0.014741219580173493]},{"p":[-136.46681213378907,990.2281494140625,-304.1547546386719,-0.014741219580173493,2.325573866812647e-8,-0.9998913407325745,-7.234260301913764e-9,1,2.3364918888546528e-8,0.9998913407325745,7.57790186156626e-9,-0.014741219580173493]},{"p":[-136.46681213378907,990.2281494140625,-304.1547546386719,-0.014741219580173493,-6.53101572822834e-9,-0.9998913407325745,2.1171628894478546e-9,1,-6.562938636989202e-9,0.9998913407325745,-2.213678351736803e-9,-0.014741219580173493]},{"p":[-136.46681213378907,990.2281494140625,-304.1547546386719,-0.014741219580173493,-3.629231670743138e-8,-0.9998913407325745,1.1460593363210592e-8,1,-3.6465220176751248e-8,0.9998913407325745,-1.1996889703880243e-8,-0.014741219580173493]},{"p":[-136.46681213378907,990.2281494140625,-304.1547546386719,-0.014741219580173493,-6.602818558576473e-8,-0.9998913407325745,2.0796036892534177e-8,1,-6.634195415244904e-8,0.9998913407325745,-2.177173819006839e-8,-0.014741219580173493]},{"p":[-136.46681213378907,990.2281494140625,-304.1547546386719,-0.014741219580173493,-9.573864190315362e-8,-0.9998913407325745,3.012350191511359e-8,1,-9.619315477493729e-8,0.9998913407325745,-3.15382351345761e-8,-0.014741219580173493]},{"p":[-136.46681213378907,990.2281494140625,-304.1547546386719,-0.014741219580173493,-9.235986198063984e-8,-0.9998913407325745,2.9046516303310456e-8,1,-9.279812474005667e-8,0.9998913407325745,-3.041131790837426e-8,-0.014741219580173493]},{"p":[-136.46681213378907,990.2281494140625,-304.1547546386719,-0.014741219580173493,-5.593423679783882e-8,-0.9998913407325745,1.757840983884762e-8,1,-5.619947174295703e-8,0.9998913407325745,-1.8404948676220557e-8,-0.014741219580173493]},{"p":[-136.4447784423828,990.2281494140625,-304.07568359375,-0.16850727796554566,-1.951921113629851e-8,-0.9857004284858704,1.7457925105546224e-9,1,-2.010082233994126e-8,0.9857004284858704,-5.1079633855977139e-9,-0.16850727796554566]},{"p":[-136.4038848876953,990.2281494140625,-303.9156188964844,-0.31848299503326418,1.5965524013950018e-8,-0.9479285478591919,-6.706417199353609e-9,1,1.9095747205710724e-8,0.9479285478591919,1.2438875707232455e-8,-0.31848299503326418]},{"p":[-136.3600311279297,990.2281494140625,-303.6936950683594,-0.44933587312698367,4.9937316504156118e-8,-0.8933628797531128,-7.915252453472022e-9,1,5.987927664818926e-8,0.8933628797531128,3.397709846808539e-8,-0.44933587312698367]},{"p":[-136.3197479248047,990.2281494140625,-303.43310546875,-0.5601266026496887,8.200873224950556e-8,-0.8284069895744324,-2.9510567323143279e-9,1,1.0099105196559322e-7,0.8284069895744324,5.9012453590412409e-8,-0.5601266026496887]},{"p":[-136.28927612304688,990.2281494140625,-303.16827392578127,-0.6525886654853821,8.25670340987017e-8,-0.7577123641967773,6.226918536356152e-9,1,1.0360582081148095e-7,0.7577123641967773,6.28937684155062e-8,-0.6525886654853821]},{"p":[-136.26527404785157,990.2281494140625,-302.9026794433594,-0.7277669906616211,5.4586617892482539e-8,-0.6858245134353638,1.1106613406752786e-8,1,6.780684458362885e-8,0.6858245134353638,4.173039513943877e-8,-0.7277669906616211]},{"p":[-136.2445526123047,990.2281494140625,-302.6368103027344,-0.7875136733055115,2.8411824004592746e-8,-0.61629718542099,1.077905231738896e-8,1,3.2327214682936759e-8,0.61629718542099,1.8815024205309784e-8,-0.7875136733055115]},{"p":[-136.22666931152345,990.2281494140625,-302.3707580566406,-0.8346574306488037,3.938890991150856e-9,-0.5507693886756897,6.305689304042517e-9,1,-2.404272780864858e-9,0.5507693886756897,-5.479725118107126e-9,-0.8346574306488037]},{"p":[-136.20767211914063,990.2281494140625,-302.1047668457031,-0.8708020448684692,-1.8974862570075858e-8,-0.491633802652359,-1.3572468704481367e-9,1,-3.619150845679542e-8,0.491633802652359,-3.0848372745140298e-8,-0.8708020448684692]},{"p":[-136.18896484375,990.2281494140625,-301.8387756347656,-0.8987412452697754,-4.050267676802832e-8,-0.4384794533252716,-1.1392035759172359e-8,1,-6.902075710968347e-8,0.4384794533252716,-5.703662608880222e-8,-0.8987412452697754]},{"p":[-136.15728759765626,990.2281494140625,-301.4400329589844,-0.9293418526649475,-7.055365358610288e-8,-0.36922046542167666,-2.958943134956371e-8,1,-1.166104439676019e-7,0.36922046542167666,-9.744594109406535e-8,-0.9293418526649475]},{"p":[-136.15077209472657,990.2281494140625,-301.35845947265627,-0.9308652877807617,-5.896060883969767e-8,-0.3653625249862671,-2.5012935722656949e-8,1,-9.764804076439759e-8,0.3653625249862671,-8.17583867274152e-8,-0.9308652877807617]},{"p":[-136.1480255126953,990.2281494140625,-301.323974609375,-0.9311588406562805,-3.588420582900653e-8,-0.3646138608455658,-1.5054625990273963e-8,1,-5.997017638037505e-8,0.3646138608455658,-5.035263228592157e-8,-0.9311588406562805]},{"p":[-136.14797973632813,990.2281494140625,-301.3232727050781,-0.93116694688797,-1.2837420015898715e-8,-0.36459314823150637,-5.038018002778699e-9,1,-2.2343217054299204e-8,0.36459314823150637,-1.8968437487387747e-8,-0.93116694688797]},{"p":[-136.14797973632813,990.2281494140625,-301.3232727050781,-0.9311671257019043,1.0189397769977404e-8,-0.3645925521850586,4.9710617844311859e-9,1,1.525129356139132e-8,0.3645925521850586,1.2389092418629844e-8,-0.9311671257019043]},{"p":[-136.14797973632813,990.2281494140625,-301.3232727050781,-0.9311671853065491,3.319652464028877e-8,-0.3645925521850586,1.4971591966173038e-8,1,5.2813671658213937e-8,0.3645925521850586,4.371982598172508e-8,-0.9311671853065491]},{"p":[-136.14797973632813,990.2281494140625,-301.3232727050781,-0.9311671853065491,5.618400322759953e-8,-0.3645925521850586,2.496358320058789e-8,1,9.034395986873278e-8,0.3645925521850586,7.50237916236074e-8,-0.9311671853065491]},{"p":[-136.14797973632813,990.2281494140625,-301.3232727050781,-0.9311671853065491,5.79181929083461e-8,-0.3645925521850586,2.5585647378534305e-8,1,9.351172280958053e-8,0.3645925521850586,7.774671217930518e-8,-0.9311671853065491]},{"p":[-136.14797973632813,990.2281494140625,-301.3232727050781,-0.9311671853065491,3.842631457473544e-8,-0.3645925521850586,1.6849782014105587e-8,1,6.236098926137856e-8,0.3645925521850586,5.192519836327847e-8,-0.9311671853065491]},{"p":[-136.14797973632813,990.2281494140625,-301.3232727050781,-0.9311671853065491,1.8951086033780485e-8,-0.3645925521850586,8.121375572045509e-9,1,3.123686198591713e-8,0.3645925521850586,2.612574689919711e-8,-0.9311671853065491]},{"p":[-136.14797973632813,990.2281494140625,-301.3232727050781,-0.9311671853065491,-5.075108666652284e-10,-0.3645925521850586,-5.995777763168064e-10,1,1.3932341391686976e-10,0.3645925521850586,3.4833497197794829e-10,-0.9311671853065491]},{"p":[-136.14797973632813,990.2281494140625,-301.3232727050781,-0.9311671853065491,-1.9949489171722236e-8,-0.3645925521850586,-9.313085413964473e-9,1,-3.093165190648506e-8,0.3645925521850586,-2.5407056014614683e-8,-0.9311671853065491]},{"p":[-136.14797973632813,990.2281494140625,-301.3232727050781,-0.9311671853065491,-3.9374860705265749e-8,-0.3645925521850586,-1.8019152392412253e-8,1,-6.197608115598996e-8,0.3645925521850586,-5.1140442991481908e-8,-0.9311671853065491]},{"p":[-136.14797973632813,990.2281494140625,-301.3232727050781,-0.9311671853065491,-5.878364106592926e-8,-0.3645925521850586,-2.671778531748714e-8,1,-9.29939929505963e-8,0.3645925521850586,-7.685184755246155e-8,-0.9311671853065491]},{"p":[-136.14797973632813,990.2281494140625,-301.3232727050781,-0.9311671853065491,-7.817584446456749e-8,-0.3645925521850586,-3.54089912946165e-8,1,-1.2398540150115878e-7,0.3645925521850586,-1.0254128568476517e-7,-0.9311671853065491]},{"p":[-136.14797973632813,990.2281494140625,-301.3232727050781,-0.9311671853065491,-3.814183813233285e-8,-0.3645925521850586,-1.719532072286256e-8,1,-6.069822688914428e-8,0.3645925521850586,-5.025090743515648e-8,-0.9311671853065491]},{"p":[-136.14797973632813,990.2281494140625,-301.3232727050781,-0.9311671853065491,-2.4808569420997629e-8,-0.3645925521850586,-1.1129283272737212e-8,1,-3.9620520198013767e-8,0.3645925521850586,-3.2835675511933007e-8,-0.9311671853065491]},{"p":[-136.14797973632813,990.2281494140625,-301.3232727050781,-0.9311671853065491,-1.1480996597867943e-8,-0.3645925521850586,-5.065837083151337e-9,1,-1.8551821412415849e-8,0.3645925521850586,-1.542787941843926e-8,-0.9311671853065491]},{"p":[-136.14797973632813,990.2281494140625,-301.3232727050781,-0.9311671853065491,2.8467571411283644e-8,-0.3645925521850586,1.3108965468688894e-8,1,4.460029146002853e-8,0.3645925521850586,3.675089743637727e-8,-0.9311671853065491]},{"p":[-136.14797973632813,990.2281494140625,-301.3232727050781,-0.9311671853065491,6.836496879714105e-8,-0.3645925521850586,3.1260487531881157e-8,1,1.076715037129361e-7,0.3645925521850586,8.88628264306135e-8,-0.9311671853065491]},{"p":[-136.14797973632813,990.2281494140625,-301.3232727050781,-0.9311671853065491,5.9497310189726707e-8,-0.3645925521850586,2.7187821771690325e-8,1,9.375096965413832e-8,0.3645925521850586,7.73853443547523e-8,-0.9311671853065491]},{"p":[-136.14797973632813,990.2281494140625,-301.3232727050781,-0.9311671853065491,4.1773358105956507e-8,-0.3645925521850586,1.9047703858632304e-8,1,6.592774326463769e-8,0.3645925521850586,5.444509554308752e-8,-0.9311671853065491]},{"p":[-136.14797973632813,990.2281494140625,-301.3232727050781,-0.9311671853065491,2.4064540582457995e-8,-0.3645925521850586,1.0914533277173178e-8,1,3.812827742422087e-8,0.3645925521850586,3.1524443500074997e-8,-0.9311671853065491]},{"p":[-136.14797973632813,990.2281494140625,-301.3232727050781,-0.9311671853065491,6.370849181536187e-9,-0.3645925521850586,2.788309139134526e-9,1,1.0352562362925255e-8,0.3645925521850586,8.62336957396792e-9,-0.9311671853065491]},{"p":[-136.14797973632813,990.2281494140625,-301.3232727050781,-0.9311671853065491,-1.1307730751752843e-8,-0.3645925521850586,-5.330975660911008e-9,1,-1.739942590006649e-8,0.3645925521850586,-1.4258139557909999e-8,-0.9311671853065491]},{"p":[-136.0966033935547,990.2281494140625,-301.2588806152344,-0.9173954725265503,-2.9187402716956968e-8,-0.3979768455028534,-1.2029837570537439e-8,1,-4.5608892662585279e-8,0.3979768455028534,-3.7053794699204448e-8,-0.9173954725265503]},{"p":[-136.03538513183595,990.2281494140625,-301.1851501464844,-0.9095792770385742,-3.837766016090427e-8,-0.41553038358688357,-1.4828064998084756e-8,1,-5.990020923718476e-8,0.41553038358688357,-4.832248023944885e-8,-0.9095792770385742]},{"p":[-135.78530883789063,990.2281494140625,-300.880859375,-0.8866665959358215,-6.691306708717093e-8,-0.4624093174934387,-2.1606986422284537e-8,1,-1.0327402577559042e-7,0.4624093174934387,-8.157835651445566e-8,-0.8866665959358215]},{"p":[-135.61878967285157,990.2281494140625,-300.6725769042969,-0.8740905523300171,-6.374532546260525e-8,-0.4857630133628845,-1.86147577352358e-8,1,-9.773148690328526e-8,0.4857630133628845,-7.638380594698902e-8,-0.8740905523300171]},{"p":[-135.45314025878907,990.2281494140625,-300.463623046875,-0.8631448745727539,-3.7348204529052967e-8,-0.5049563646316528,-9.77161640491886e-9,1,-5.726016283347235e-8,0.5049563646316528,-4.448957469094239e-8,-0.8631448745727539]},{"p":[-135.2884979248047,990.2281494140625,-300.25384521484377,-0.8536880612373352,-1.0450239784631777e-8,-0.5207847356796265,-2.1762240898226539e-9,1,-1.6499010158099737e-8,0.5207847356796265,-1.295167084691684e-8,-0.8536880612373352]},{"p":[-135.12525939941407,990.2281494140625,-300.04296875,-0.8457521796226502,1.685522299510467e-8,-0.5335758924484253,4.502215489310402e-9,1,2.4452864622048766e-8,0.5335758924484253,1.8278786484415833e-8,-0.8457521796226502]},{"p":[-134.96331787109376,990.2281494140625,-299.83111572265627,-0.8391868472099304,4.4484881556172698e-8,-0.5438432097434998,1.0547512196978915e-8,1,6.552172493456965e-8,0.5438432097434998,4.924877217149515e-8,-0.8391868472099304]},{"p":[-134.8015899658203,990.2281494140625,-299.61907958984377,-0.833500862121582,7.237422039452213e-8,-0.5525181293487549,1.612406386186649e-8,1,1.0666580863016861e-7,0.5525181293487549,7.999720708085079e-8,-0.833500862121582]},{"p":[-134.64041137695313,990.2281494140625,-299.4066467285156,-0.8287044763565064,5.345687981161973e-8,-0.5596863627433777,1.1262607735318398e-8,1,7.883613051262728e-8,0.5596863627433777,5.9028327115129289e-8,-0.8287044763565064]},{"p":[-134.47927856445313,991.1012573242188,-299.1941223144531,-0.8239196538925171,3.441229523559741e-8,-0.5667065978050232,6.7187433394622079e-9,1,5.095509791885888e-8,0.5667065978050232,3.8175350880464978e-8,-0.8239196538925171]},{"p":[-134.31759643554688,991.9232788085938,-298.9820556640625,-0.8198348879814148,1.5253652563274046e-8,-0.5726000070571899,2.522698272500179e-9,1,2.3027341811143743e-8,0.5726000070571899,1.7434121701853657e-8,-0.8198348879814148]},{"p":[-134.15646362304688,992.6907958984375,-298.7695617675781,-0.81658536195755,-3.993339436902943e-9,-0.5772247314453125,-1.4063835651612067e-9,1,-4.928595753739273e-9,0.5772247314453125,-3.212819787989929e-9,-0.81658536195755]},{"p":[-133.95606994628907,993.5735473632813,-298.5032043457031,-0.8134977221488953,-2.814098110093255e-8,-0.5815681219100952,-6.077292891149e-9,1,-3.988719043945821e-8,0.5815681219100952,-2.891377803848627e-8,-0.8134977221488953]},{"p":[-133.79669189453126,994.2184448242188,-298.2894287109375,-0.811745285987854,-4.7507818123904147e-8,-0.5840116739273071,-9.71142899430788e-9,1,-6.784900818956885e-8,0.5840116739273071,-4.940451958646008e-8,-0.811745285987854]},{"p":[-133.67828369140626,994.6663208007813,-298.12823486328127,-0.8109905123710632,-6.204797386999417e-8,-0.5850592851638794,-1.2442630037412528e-8,1,-8.880659407850544e-8,0.5850592851638794,-6.474162717040599e-8,-0.8109905123710632]},{"p":[-133.52301025390626,995.2158813476563,-297.91143798828127,-0.8110150098800659,-8.14312954844354e-8,-0.5850253105163574,-1.6216814557878935e-8,1,-1.1671155419890056e-7,0.5850253105163574,-8.516757077359216e-8,-0.8110150098800659]},{"p":[-133.37034606933595,995.7109375,-297.69281005859377,-0.8120179772377014,-1.007836019084607e-7,-0.5836324691772461,-2.0214125484585567e-8,1,-1.4455908114996419e-7,0.5836324691772461,-1.0558694185647255e-7,-0.8120179772377014]},{"p":[-133.2211151123047,996.1514282226563,-297.4718017578125,-0.8140908479690552,-1.0806871131308071e-7,-0.5807375311851502,-2.2126814158696108e-8,1,-1.5507087880450855e-7,0.5807375311851502,-1.1339191274828409e-7,-0.8140908479690552]},{"p":[-133.07554626464845,996.5374145507813,-297.2483825683594,-0.8171790242195129,-7.938911750215994e-8,-0.5763838887214661,-1.6872700570047529e-8,1,-1.1381494147144622e-7,0.5763838887214661,-8.328203193741501e-8,-0.8171790242195129]},{"p":[-132.9340362548828,996.8689575195313,-297.0223388671875,-0.8212398886680603,-5.088283927534576e-8,-0.5705831050872803,-1.149602013583717e-8,1,-7.263069790042209e-8,0.5705831050872803,-5.3087791940242826e-8,-0.8212398886680603]},{"p":[-132.79742431640626,997.14599609375,-296.7933654785156,-0.8263387084007263,-2.2593896531475367e-8,-0.5631734132766724,-5.841905625914023e-9,1,-3.154712402420046e-8,0.5631734132766724,-2.2778605668349884e-8,-0.8263387084007263]},{"p":[-132.66574096679688,997.3685302734375,-296.56146240234377,-0.8323346376419067,5.432359007073728e-9,-0.5542734265327454,2.6720312074068888e-10,1,9.399615308325338e-9,0.5542734265327454,7.675521551675502e-9,-0.8323346376419067]},{"p":[-132.53916931152345,997.5365600585938,-296.3267517089844,-0.8390848636627197,3.315515328949914e-8,-0.5440005660057068,6.985002354298331e-9,1,5.017300708232142e-8,0.5440005660057068,3.829956440881688e-8,-0.8390848636627197]},{"p":[-132.41798400878907,997.6500854492188,-296.0892028808594,-0.8464847207069397,6.053645051906642e-8,-0.5324130654335022,1.4445594054279809e-8,1,9.073495732536685e-8,0.5324130654335022,6.911472638648775e-8,-0.8464847207069397]},{"p":[-132.30166625976563,997.7091064453125,-295.8492431640625,-0.8542501330375671,8.754376068509373e-8,-0.5198622345924377,2.2726997173094788e-8,1,1.3105244534017403e-7,0.5198622345924377,1.0013666695840584e-7,-0.8542501330375671]},{"p":[-132.19090270996095,997.713623046875,-295.606689453125,-0.8623772263526917,9.117687227444549e-8,-0.5062662363052368,2.5610550125065857e-8,1,1.3647151320128615e-7,0.5062662363052368,1.0472416533957585e-7,-0.8623772263526917]},{"p":[-132.08499145507813,997.6636352539063,-295.3619689941406,-0.8706181645393372,7.196174323098603e-8,-0.4919593334197998,2.2017999867784966e-8,1,1.0731063326829826e-7,0.4919593334197998,8.259462447313126e-8,-0.8706181645393372]},{"p":[-131.98373413085938,997.5591430664063,-295.11529541015627,-0.8788061141967773,5.306055683718114e-8,-0.47717899084091189,1.785442194091047e-8,1,7.8314386087186e-8,0.47717899084091189,6.030340671259182e-8,-0.8788061141967773]},{"p":[-131.8863983154297,997.4002075195313,-294.8670349121094,-0.8867248892784119,3.447814833634766e-8,-0.4622975289821625,1.3072765980837176e-8,1,4.950534915337812e-8,0.4622975289821625,3.785411806234151e-8,-0.8867248892784119]},{"p":[-131.79367065429688,997.1867065429688,-294.61700439453127,-0.8944576382637024,1.6215974341093898e-8,-0.4471527338027954,7.684366920557295e-9,1,2.0893605068295075e-8,0.4471527338027954,1.525235937549496e-8,-0.8944576382637024]},{"p":[-131.7040252685547,996.918701171875,-294.36590576171877,-0.9017326831817627,-1.7263351859142518e-9,-0.43229401111602785,1.6834950100630409e-9,1,-7.50507300750769e-9,0.43229401111602785,-7.495335019314098e-9,-0.9017326831817627]},{"p":[-131.61715698242188,996.59619140625,-294.1138000488281,-0.9084639549255371,-1.9359161385068547e-8,-0.4179631769657135,-4.890454707862091e-9,1,-3.5688216826201827e-8,0.4179631769657135,-3.037742857259218e-8,-0.9084639549255371]},{"p":[-131.5324249267578,996.21923828125,-293.8609619140625,-0.9145869612693787,-3.669652670623691e-8,-0.40438923239707949,-1.1975342495418318e-8,1,-6.36615240523497e-8,0.40438923239707949,-5.3381306486244287e-8,-0.9145869612693787]},{"p":[-131.4288787841797,995.67138671875,-293.54412841796877,-0.9214324355125427,-5.7979278267339399e-8,-0.388538658618927,-2.1452263965215935e-8,1,-9.834920433604566e-8,0.388538658618927,-8.228710868252165e-8,-0.9214324355125427]},{"p":[-131.34718322753907,995.1718139648438,-293.2902526855469,-0.9261531829833984,-7.47173274362467e-8,-0.3771476149559021,-2.9404329637827688e-8,1,-1.2590406583967707e-7,0.3771476149559021,-1.0551667628533323e-7,-0.9261531829833984]},{"p":[-131.26649475097657,994.61767578125,-293.0361022949219,-0.9302670359611511,-9.122646815740154e-8,-0.36688315868377688,-3.7601818547727819e-8,1,-1.533096707362347e-7,0.36688315868377688,-1.2882345856723988e-7,-0.9302670359611511]},{"p":[-131.18646240234376,994.009033203125,-292.78173828125,-0.9338521957397461,-8.693324105024658e-8,-0.35765916109085085,-3.7222353199695138e-8,1,-1.458736988979581e-7,0.35765916109085085,-1.2291155826460455e-7,-0.9338521957397461]},{"p":[-131.10650634765626,993.345947265625,-292.52734375,-0.9369030594825745,-6.220106740784104e-8,-0.3495892882347107,-2.7627111265360328e-8,1,-1.0388517068804504e-7,0.3495892882347107,-8.767219128458237e-8,-0.9369030594825745]},{"p":[-131.02655029296876,992.6283569335938,-292.27294921875,-0.9394749999046326,-3.7713455469656768e-8,-0.3426175117492676,-1.748833966530583e-8,1,-6.212057712673413e-8,0.3426175117492676,-5.2368918090905939e-8,-0.9394749999046326]},{"p":[-130.9550018310547,991.8562622070313,-292.0451965332031,-0.9416437745094299,-1.343904010298047e-8,-0.3366110026836395,-6.926841322751898e-9,1,-2.054722614275306e-8,0.3366110026836395,-1.701651797247905e-8,-0.9416437745094299]},{"p":[-130.89971923828126,991.2413940429688,-291.86920166015627,-0.9430365562438965,4.64341143313618e-9,-0.3326891362667084,1.2108766211937905e-9,1,1.0524871640882339e-8,0.3326891362667084,9.52249301633401e-9,-0.9430365562438965]},{"p":[-130.81234741210938,990.6295776367188,-291.5910949707031,-0.9450249075889587,3.4577055885165467e-8,-0.3269983232021332,1.50877426108309e-8,1,6.213721093217828e-8,0.3269983232021332,5.3787548637274088e-8,-0.9450249075889587]},{"p":[-130.73477172851563,990.6627197265625,-291.34417724609377,-0.9463536739349365,5.836018246441199e-8,-0.32313263416290285,2.6399131769494489e-8,1,1.0329277699838713e-7,0.32313263416290285,8.922107497255638e-8,-0.9463536739349365]},{"p":[-130.656494140625,990.6943969726563,-291.09503173828127,-0.9474717974662781,4.3858101150817677e-8,-0.31983938813209536,2.0280820578477689e-8,1,7.704678495201733e-8,0.31983938813209536,6.651304573779271e-8,-0.9474717974662781]},{"p":[-130.6168975830078,990.7283935546875,-290.968994140625,-0.9478029608726502,2.941071919337901e-8,-0.3188566565513611,1.3907022200498887e-8,1,5.089936649937954e-8,0.3188566565513611,4.3808224603480997e-8,-0.9478029608726502]},{"p":[-130.61448669433595,990.7551879882813,-290.9613037109375,-0.9478411674499512,1.4983394081014013e-8,-0.3187430202960968,7.470067231452049e-9,1,2.4794134745320663e-8,0.3187430202960968,2.111987029707052e-8,-0.9478411674499512]},{"p":[-130.61444091796876,990.7685546875,-290.961181640625,-0.9478451609611511,4.171641254657743e-9,-0.3187311291694641,2.6421451693181554e-9,1,5.231044042375288e-9,0.3187311291694641,4.1160856945055e-9,-0.9478451609611511]},{"p":[-130.61444091796876,990.7796020507813,-290.961181640625,-0.9478460550308228,-1.0233134339898698e-8,-0.3187285363674164,-3.7906153771416488e-9,1,-2.0833448743928785e-8,0.3187285363674164,-1.853872433343895e-8,-0.9478460550308228]},{"p":[-130.61444091796876,990.7857666015625,-290.961181640625,-0.9478461742401123,-2.462558512661417e-8,-0.3187282085418701,-1.0217889645502965e-8,1,-4.687566601546678e-8,0.3187282085418701,-4.117418939131312e-8,-0.9478461742401123]},{"p":[-130.61444091796876,990.7896728515625,-290.961181640625,-0.9478461742401123,-4.259885955093523e-8,-0.31872817873954775,-1.824425410745789e-8,1,-7.93971679513561e-8,0.31872817873954775,-6.944134156583459e-8,-0.9478461742401123]},{"p":[-130.61444091796876,990.7909545898438,-290.961181640625,-0.9478461742401123,-5.3373611308416e-8,-0.31872817873954775,-2.305595714346964e-8,1,-9.889340191193696e-8,0.31872817873954775,-8.63871463252508e-8,-0.9478461742401123]},{"p":[-130.61444091796876,990.7919311523438,-290.961181640625,-0.9478461742401123,-5.843903139179929e-8,-0.31872817873954775,-2.5412726145646049e-8,1,-1.0777733905342757e-7,0.31872817873954775,-9.405658829564345e-8,-0.9478461742401123]},{"p":[-130.61444091796876,990.7925415039063,-290.961181640625,-0.9478461742401123,-2.994511305587366e-8,-0.31872817873954775,-1.316131292838918e-8,1,-5.481226494907787e-8,0.31872817873954775,-4.7758714316614717e-8,-0.9478461742401123]},{"p":[-130.61444091796876,990.7927856445313,-290.961181640625,-0.9478461742401123,-7.171881755141385e-9,-0.31872817873954775,-3.3695994883231607e-9,1,-1.248091763272896e-8,0.31872817873954775,-1.0756003199219322e-8,-0.9478461742401123]},{"p":[-130.61444091796876,990.7929077148438,-290.961181640625,-0.9478461742401123,1.558189843819946e-8,-0.31872817873954775,6.413749975564542e-9,1,2.9814277269224479e-8,0.31872817873954775,2.621510653000314e-8,-0.9478461742401123]},{"p":[-130.61444091796876,990.7929077148438,-290.961181640625,-0.9478461742401123,3.2634478230875177e-8,-0.31872817873954775,1.3745776072937588e-8,1,6.151196885184618e-8,0.31872817873954775,5.392271873461141e-8,-0.9478461742401123]},{"p":[-130.61444091796876,990.7929077148438,-290.961181640625,-0.9478461742401123,5.193820484805656e-8,-0.31872817873954775,2.2080465456042476e-8,1,9.729080829856685e-8,0.31872817873954775,8.517905314420205e-8,-0.9478461742401123]},{"p":[-130.61444091796876,990.7929077148438,-290.961181640625,-0.9478461742401123,4.169441680801356e-8,-0.31872817873954775,1.7780187988591935e-8,1,7.793956058321783e-8,0.31872817873954775,6.820766884629848e-8,-0.9478461742401123]},{"p":[-130.61444091796876,990.7929077148438,-290.961181640625,-0.9478461742401123,2.8046239108903138e-8,-0.31872817873954775,1.205077193588977e-8,1,5.215717280293575e-8,0.31872817873954775,4.559605670806377e-8,-0.9478461742401123]},{"p":[-130.61444091796876,990.7929077148438,-290.961181640625,-0.9478461742401123,1.4409718751551282e-8,-0.31872817873954775,6.326250190369365e-9,1,2.6396808294748554e-8,0.31872817873954775,2.3003758897743866e-8,-0.9478461742401123]},{"p":[-130.61444091796876,990.7929077148438,-290.961181640625,-0.9478461742401123,-2.6195550173468975e-9,-0.31872817873954775,-8.225258807392777e-10,1,-5.772715194751754e-9,0.31872817873954775,-5.2094835112370678e-9,-0.9478461742401123]},{"p":[-130.61444091796876,990.7929077148438,-290.961181640625,-0.9478461742401123,-1.622988499150324e-8,-0.31872817873954775,-6.5360516998680399e-9,1,-3.148360860905086e-8,0.31872817873954775,-2.7758394693933043e-8,-0.9478461742401123]},{"p":[-130.61444091796876,990.7929077148438,-290.961181640625,-0.9478461742401123,-2.9828591152636366e-8,-0.31872817873954775,-1.2244696812047096e-8,1,-5.717254580872577e-8,0.31872817873954775,-5.028804750395466e-8,-0.9478461742401123]},{"p":[-130.61444091796876,990.7929077148438,-290.961181640625,-0.9478461742401123,-4.001999798219913e-8,-0.31872817873954775,-1.6522983870004283e-8,1,-7.642484689540652e-8,0.31872817873954775,-6.717265677025353e-8,-0.9478461742401123]},{"p":[-130.61444091796876,990.7929077148438,-290.961181640625,-0.9478461742401123,-5.699116911728197e-8,-0.31872817873954775,-2.3647364955081686e-8,1,-1.0848462039803053e-7,0.31872817873954775,-9.528964994842681e-8,-0.9478461742401123]},{"p":[-130.61444091796876,990.7929077148438,-290.961181640625,-0.9478461742401123,-5.8001734970503097e-8,-0.31872817873954775,-2.410527244478544e-8,1,-1.1029349167301916e-7,0.31872817873954775,-9.685823698646345e-8,-0.9478461742401123]},{"p":[-130.61444091796876,990.7929077148438,-290.961181640625,-0.9478461742401123,-2.9156078440450984e-8,-0.31872817873954775,-1.2164353080379442e-8,1,-5.5301491386217097e-8,0.31872817873954775,-4.854018342825839e-8,-0.9478461742401123]},{"p":[-130.61444091796876,990.7929077148438,-290.961181640625,-0.9478461742401123,-6.10172756765337e-9,-0.31872817873954775,-2.6207982450898727e-9,1,-1.1350154593969819e-8,0.31872817873954775,-9.922877630685889e-9,-0.9478461742401123]},{"p":[-130.61444091796876,990.7929077148438,-290.961181640625,-0.9478461742401123,1.693293327775791e-8,-0.31872817873954775,6.914605332752899e-9,1,3.256364422554725e-8,0.31872817873954775,2.8661446549449466e-8,-0.9478461742401123]},{"p":[-130.61444091796876,990.7929077148438,-290.961181640625,-0.9478461742401123,3.9947920527083627e-8,-0.31872817873954775,1.644186298221939e-8,1,7.643993882311406e-8,0.31872817873954775,6.721281664567869e-8,-0.9478461742401123]},{"p":[-130.61444091796876,990.7929077148438,-290.961181640625,-0.9478461742401123,5.3597222660073388e-8,-0.31872817873954775,2.2103650465510328e-8,1,1.0242697356943609e-7,0.31872817873954775,9.003996126466518e-8,-0.9478461742401123]},{"p":[-130.61444091796876,990.7929077148438,-290.961181640625,-0.9478461742401123,3.9208760682640789e-8,-0.31872817873954775,1.6193538954212273e-8,1,7.4859322296561e-8,0.31872817873954775,6.579378464266483e-8,-0.9478461742401123]},{"p":[-130.61444091796876,990.7929077148438,-290.961181640625,-0.9478461742401123,2.1240460057470046e-8,-0.31872817873954775,8.813000107465996e-9,1,4.0432858838812538e-8,0.31872817873954775,3.551517835376217e-8,-0.9478461742401123]},{"p":[-130.61444091796876,990.7929077148438,-290.961181640625,-0.9478461742401123,1.0468688138587368e-8,-0.31872817873954775,4.388459373672049e-9,1,1.9794622829749643e-8,0.31872817873954775,1.736353105741273e-8,-0.9478461742401123]},{"p":[-130.61444091796876,990.7929077148438,-290.961181640625,-0.9478461742401123,-3.882939747512637e-9,-0.31872817873954775,-1.5065186875773407e-9,1,-7.702462667680266e-9,0.31872817873954775,-6.820579212529765e-9,-0.9478461742401123]},{"p":[-130.61444091796876,990.7929077148438,-290.961181640625,-0.9478461742401123,-2.180523850370264e-8,-0.31872817873954775,-8.868160428221472e-9,1,-4.204079573355557e-8,0.31872817873954775,-3.702167461483441e-8,-0.9478461742401123]},{"p":[-130.61444091796876,990.7929077148438,-290.961181640625,-0.9478461742401123,-3.612930044027962e-8,-0.31872817873954775,-1.475181399257508e-8,1,-6.948506836579327e-8,0.31872817873954775,-6.115934070294316e-8,-0.9478461742401123]},{"p":[-130.61444091796876,990.7929077148438,-290.961181640625,-0.9478461742401123,-5.0441126830946817e-8,-0.31872817873954775,-2.0630443131608446e-8,1,-9.69059072986056e-8,0.31872817873954775,-8.527639039357382e-8,-0.9478461742401123]},{"p":[-130.61444091796876,990.7929077148438,-290.961181640625,-0.9478461742401123,-6.116697903735258e-8,-0.31872817873954775,-2.503611895576796e-8,1,-1.1745616745884036e-7,0.31872817873954775,-1.0335065780964215e-7,-0.9478461742401123]},{"p":[-130.61444091796876,990.7929077148438,-290.961181640625,-0.9478461742401123,-3.977736895421913e-8,-0.31872817873954775,-1.6293229876396255e-8,1,-7.634685061930213e-8,0.31872817873954775,-6.717196043837248e-8,-0.9478461742401123]},{"p":[-130.61444091796876,990.7929077148438,-290.961181640625,-0.9478461742401123,-1.3066041582021626e-8,-0.31872817873954775,-5.3751176842808949e-9,1,-2.5009576631873643e-8,0.31872817873954775,-2.1992029530792935e-8,-0.9478461742401123]},{"p":[-130.61444091796876,990.7929077148438,-290.961181640625,-0.9478461742401123,2.9470648144069857e-9,-0.31872817873954775,1.17015275247212e-9,1,5.766481070423879e-9,0.31872817873954775,5.092776422799261e-9,-0.9478461742401123]},{"p":[-130.61444091796876,990.7929077148438,-290.961181640625,-0.9478461742401123,2.428191692160908e-8,-0.31872817873954775,9.890657182154428e-9,1,4.6770558981279467e-8,0.31872817873954775,4.117886476251442e-8,-0.9478461742401123]},{"p":[-130.61444091796876,990.7929077148438,-290.961181640625,-0.9478461742401123,4.559854716035261e-8,-0.31872817873954775,1.8603714124765248e-8,1,8.7739621790206e-8,0.31872817873954775,7.72341337551552e-8,-0.9478461742401123]},{"p":[-130.61444091796876,990.7929077148438,-290.961181640625,-0.9478461742401123,4.506023643102708e-8,-0.31872817873954775,1.839623386956646e-8,1,8.666768991361096e-8,0.31872817873954775,7.628424469885431e-8,-0.9478461742401123]},{"p":[-130.61444091796876,990.7929077148438,-290.961181640625,-0.9478461742401123,3.015165717101809e-8,-0.31872817873954775,1.2319161690754754e-8,1,5.796471569396999e-8,0.31872817873954775,5.101516720174004e-8,-0.9478461742401123]},{"p":[-130.61444091796876,990.7929077148438,-290.961181640625,-0.9478461742401123,1.8978578708583883e-8,-0.31872817873954775,7.764762166573292e-9,1,3.645356727588478e-8,0.31872817873954775,3.20775228601633e-8,-0.9478461742401123]},{"p":[-130.61444091796876,990.7929077148438,-290.961181640625,-0.9478461742401123,3.7268643726662278e-10,-0.31872817873954775,1.8058186890268502e-10,1,6.322710688344557e-10,0.31872817873954775,5.417391535367244e-10,-0.9478461742401123]},{"p":[-130.61444091796876,990.7929077148438,-290.961181640625,-0.9478461742401123,-1.0781313619645516e-8,-0.31872817873954775,-4.3660395299127689e-9,1,-2.0842149339728168e-8,0.31872817873954775,-1.8363571996360407e-8,-0.9478461742401123]},{"p":[-130.61444091796876,990.7929077148438,-290.961181640625,-0.9478461742401123,-2.564219947487345e-8,-0.31872817873954775,-1.0423669927206447e-8,1,-4.945331255612473e-8,0.31872817873954775,-4.3551814599140928e-8,-0.9478461742401123]},{"p":[-130.61444091796876,990.7929077148438,-290.961181640625,-0.9478461742401123,-4.049039148412703e-8,-0.31872817873954775,-1.6476123576580904e-8,1,-7.804004553690902e-8,0.31872817873954775,-6.871854907330999e-8,-0.9478461742401123]},{"p":[-130.61444091796876,990.7929077148438,-290.961181640625,-0.9478461742401123,-5.9032803534364578e-8,-0.31872817873954775,-2.403442600495964e-8,1,-1.1373912656154062e-7,0.31872817873954775,-1.0014674245439892e-7,-0.9478461742401123]},{"p":[-130.61444091796876,990.7929077148438,-290.961181640625,-0.9478461742401123,-4.635214878589977e-8,-0.31872817873954775,-1.887595324490121e-8,1,-8.929441719374154e-8,0.31872817873954775,-7.862107764822213e-8,-0.9478461742401123]},{"p":[-130.61444091796876,990.7929077148438,-290.961181640625,-0.9478461742401123,-2.451946379267156e-8,-0.31872817873954775,-9.990380966939938e-9,1,-4.72192951406214e-8,0.31872817873954775,-4.157240951485619e-8,-0.9478461742401123]},{"p":[-130.61444091796876,990.7929077148438,-290.961181640625,-0.9478461742401123,2.7451694251112714e-9,-0.31872817873954775,1.1059101412413952e-9,1,5.3240882813554439e-9,0.31872817873954775,4.693931909827143e-9,-0.9478461742401123]},{"p":[-130.61444091796876,990.7929077148438,-290.961181640625,-0.9478461742401123,1.908997759869635e-8,-0.31872817873954775,7.757996911550436e-9,1,3.6823191607027186e-8,0.31872817873954775,3.243003021680124e-8,-0.9478461742401123]},{"p":[-130.61444091796876,990.7929077148438,-290.961181640625,-0.9478461742401123,4.086676241854548e-8,-0.31872817873954775,1.662081494657741e-8,1,7.879060603954713e-8,0.31872817873954775,6.938385155308424e-8,-0.9478461742401123]},{"p":[-130.61444091796876,990.7929077148438,-290.961181640625,-0.9478461742401123,5.718714746194564e-8,-0.31872817873954775,2.326295955867863e-8,1,1.1024265234027553e-7,0.31872817873954775,9.707851233997644e-8,-0.9478461742401123]},{"p":[-130.61444091796876,990.7929077148438,-290.961181640625,-0.9478461742401123,4.207894477303853e-8,-0.31872817873954775,1.7119660356001988e-8,1,8.111031490898313e-8,0.31872817873954775,7.142357816292133e-8,-0.9478461742401123]},{"p":[-130.61444091796876,990.7929077148438,-290.961181640625,-0.9478461742401123,2.6983649092926499e-8,-0.31872817873954775,1.098160851142893e-8,1,5.200285002615601e-8,0.31872817873954775,4.579055357112338e-8,-0.9478461742401123]},{"p":[-130.61444091796876,990.7929077148438,-290.961181640625,-0.9478461742401123,1.1901245322576415e-8,-0.31872817873954775,4.8488004722457848e-9,1,2.29202452572963e-8,0.31872817873954775,2.0179417248300525e-8,-0.9478461742401123]},{"p":[-130.61444091796876,990.7929077148438,-290.961181640625,-0.9478461742401123,-3.1682774181973629e-9,-0.31872817873954775,-1.2787695347071804e-9,1,-6.1375198256996558e-9,0.31872817873954775,-5.4098450164019599e-9,-0.9478461742401123]},{"p":[-130.61444091796876,990.7929077148438,-290.961181640625,-0.9478461742401123,-1.8224929121402057e-8,-0.31872817873954775,-7.401105506232852e-9,1,-3.517046920364919e-8,0.31872817873954775,-3.097725453926614e-8,-0.9478461742401123]},{"p":[-130.61444091796876,990.7929077148438,-290.961181640625,-0.9478461742401123,-3.3268722887669358e-8,-0.31872817873954775,-1.351821143913412e-8,1,-6.417862863372648e-8,0.31872817873954775,-5.6522829083860418e-8,-0.9478461742401123]},{"p":[-130.61444091796876,990.7929077148438,-290.961181640625,-0.9478461742401123,-4.829966826491727e-8,-0.31872817873954775,-1.963009488292755e-8,1,-9.316200788589413e-8,0.31872817873954775,-8.204658996646686e-8,-0.9478461742401123]},{"p":[-130.61444091796876,990.7929077148438,-290.961181640625,-0.9478461742401123,-5.781153689099483e-8,-0.31872817873954775,-2.349896455200451e-8,1,-1.1149982270808323e-7,0.31872817873954775,-9.819489577012064e-8,-0.9478461742401123]},{"p":[-130.61444091796876,990.7929077148438,-290.961181640625,-0.9478461742401123,-4.129989150669644e-8,-0.31872817873954775,-1.6788465728723169e-8,1,-7.96509738165696e-8,0.31872817873954775,-7.01459157426143e-8,-0.9478461742401123]},{"p":[-130.61444091796876,990.7929077148438,-290.961181640625,-0.9478461742401123,-1.9300818721035286e-8,-0.31872817873954775,-7.847821059669969e-9,1,-3.721757835251083e-8,0.31872817873954775,-3.2775218983260859e-8,-0.9478461742401123]},{"p":[-130.61444091796876,990.7929077148438,-290.961181640625,-0.9478461742401123,8.17160206167955e-9,-0.31872817873954775,3.3172431468386778e-9,1,1.5773208517089189e-8,0.3187281787