{"a":[{"p":[-102.86325073242188,1018.7186889648438,-299.4031982421875,-0.3523755669593811,0,-0.9358586668968201,0,1,0,0.9358586668968201,0,-0.3523755669593811]},{"p":[-102.86325073242188,1018.7186889648438,-299.4031982421875,-0.3523755669593811,0,-0.9358586668968201,0,1,0,0.9358586668968201,0,-0.3523755669593811]},{"p":[-102.86325073242188,1018.7186889648438,-299.4031982421875,-0.3523755669593811,0,-0.9358586668968201,0,1,0,0.9358586668968201,0,-0.3523755669593811]},{"p":[-102.86325073242188,1018.7186889648438,-299.4031982421875,-0.3523755669593811,0,-0.9358586668968201,0,1,0,0.9358586668968201,0,-0.3523755669593811]},{"p":[-102.86325073242188,1018.7186889648438,-299.4031982421875,-0.3523755669593811,0,-0.9358586668968201,0,1,0,0.9358586668968201,0,-0.3523755669593811]},{"p":[-102.86325073242188,1018.7186889648438,-299.4031982421875,-0.3523755669593811,0,-0.9358586668968201,0,1,0,0.9358586668968201,0,-0.3523755669593811]},{"p":[-102.86325073242188,1018.7186889648438,-299.4031982421875,-0.3523755669593811,0,-0.9358586668968201,0,1,0,0.9358586668968201,0,-0.3523755669593811]},{"p":[-102.86325073242188,1018.7186889648438,-299.4031982421875,-0.3523755669593811,0,-0.9358586668968201,0,1,0,0.9358586668968201,0,-0.3523755669593811]},{"p":[-102.86325073242188,1018.7186889648438,-299.4031982421875,-0.3523755669593811,0,-0.9358586668968201,0,1,0,0.9358586668968201,0,-0.3523755669593811]},{"p":[-102.86325073242188,1018.7186889648438,-299.4031982421875,-0.3523755669593811,0,-0.9358586668968201,0,1,0,0.9358586668968201,0,-0.3523755669593811]},{"p":[-102.86325073242188,1018.7186889648438,-299.4031982421875,-0.3523755669593811,0,-0.9358586668968201,0,1,0,0.9358586668968201,0,-0.3523755669593811]},{"p":[-102.86325073242188,1018.7186889648438,-299.4031982421875,-0.3523755669593811,0,-0.9358586668968201,0,1,0,0.9358586668968201,0,-0.3523755669593811]},{"p":[-102.86325073242188,1018.7186889648438,-299.4031982421875,-0.3523755669593811,0,-0.9358586668968201,0,1,0,0.9358586668968201,0,-0.3523755669593811]},{"p":[-102.86325073242188,1018.7186889648438,-299.4031982421875,-0.3523755669593811,0,-0.9358586668968201,0,1,0,0.9358586668968201,0,-0.3523755669593811]},{"p":[-102.86325073242188,1018.7186889648438,-299.4031982421875,-0.3523755669593811,0,-0.9358586668968201,0,1,0,0.9358586668968201,0,-0.3523755669593811]},{"p":[-102.86325073242188,1018.7186889648438,-299.4031982421875,-0.3523755669593811,0,-0.9358586668968201,0,1,0,0.9358586668968201,0,-0.3523755669593811]},{"p":[-102.86325073242188,1018.7186889648438,-299.4031982421875,-0.3523755669593811,0,-0.9358586668968201,0,1,0,0.9358586668968201,0,-0.3523755669593811]},{"p":[-102.86325073242188,1018.7186889648438,-299.4031982421875,-0.3523755669593811,0,-0.9358586668968201,0,1,0,0.9358586668968201,0,-0.3523755669593811]},{"p":[-102.86325073242188,1018.7186889648438,-299.4031982421875,-0.3523755669593811,0,-0.9358586668968201,0,1,0,0.9358586668968201,0,-0.3523755669593811]},{"p":[-102.86325073242188,1018.7186889648438,-299.4031982421875,-0.3523755669593811,0,-0.9358586668968201,0,1,0,0.9358586668968201,0,-0.3523755669593811]},{"p":[-102.86325073242188,1018.7186889648438,-299.4031982421875,-0.3523755669593811,0,-0.9358586668968201,0,1,0,0.9358586668968201,0,-0.3523755669593811]},{"p":[-102.86325073242188,1018.7186889648438,-299.4031982421875,-0.3523755669593811,0,-0.9358586668968201,0,1,0,0.9358586668968201,0,-0.3523755669593811]},{"p":[-102.86325073242188,1018.7186889648438,-299.4031982421875,-0.3523755669593811,0,-0.9358586668968201,0,1,0,0.9358586668968201,0,-0.3523755669593811]},{"p":[-102.86325073242188,1018.7186889648438,-299.4031982421875,-0.3523755669593811,0,-0.9358586668968201,0,1,0,0.9358586668968201,0,-0.3523755669593811]},{"p":[-102.86325073242188,1018.7186889648438,-299.4031982421875,-0.3523755669593811,0,-0.9358586668968201,0,1,0,0.9358586668968201,0,-0.3523755669593811]},{"p":[-102.86325073242188,1018.7186889648438,-299.4031982421875,-0.3523755669593811,0,-0.9358586668968201,0,1,0,0.9358586668968201,0,-0.3523755669593811]},{"p":[-102.86325073242188,1018.7186889648438,-299.4031982421875,-0.3523755669593811,0,-0.9358586668968201,0,1,0,0.9358586668968201,0,-0.3523755669593811]},{"p":[-102.86325073242188,1018.7186889648438,-299.4031982421875,-0.3523755669593811,0,-0.9358586668968201,0,1,0,0.9358586668968201,0,-0.3523755669593811]},{"p":[-102.86325073242188,1018.7186889648438,-299.4031982421875,-0.3523755669593811,0,-0.9358586668968201,0,1,0,0.9358586668968201,0,-0.3523755669593811]},{"p":[-102.86325073242188,1018.7186889648438,-299.4031982421875,-0.3523755669593811,0,-0.9358586668968201,0,1,0,0.9358586668968201,0,-0.3523755669593811]},{"p":[-102.86325073242188,1018.7186889648438,-299.4031982421875,-0.3523755669593811,0,-0.9358586668968201,0,1,0,0.9358586668968201,0,-0.3523755669593811]},{"p":[-102.86325073242188,1018.7186889648438,-299.4031982421875,-0.3523755669593811,0,-0.9358586668968201,0,1,0,0.9358586668968201,0,-0.3523755669593811]},{"p":[-102.86325073242188,1018.7186889648438,-299.4031982421875,-0.3523755669593811,0,-0.9358586668968201,0,1,0,0.9358586668968201,0,-0.3523755669593811]},{"p":[-102.86325073242188,1018.7186889648438,-299.4031982421875,-0.3523755669593811,0,-0.9358586668968201,0,1,0,0.9358586668968201,0,-0.3523755669593811]},{"p":[-102.86325073242188,1018.7186889648438,-299.4031982421875,-0.3523755669593811,0,-0.9358586668968201,0,1,0,0.9358586668968201,0,-0.3523755669593811]},{"p":[-102.86325073242188,1018.7186889648438,-299.4031982421875,-0.3523755669593811,0,-0.9358586668968201,0,1,0,0.9358586668968201,0,-0.3523755669593811]},{"p":[-102.86325073242188,1018.7186889648438,-299.4031982421875,-0.3523755669593811,0,-0.9358586668968201,0,1,0,0.9358586668968201,0,-0.3523755669593811]},{"p":[-102.86325073242188,1018.7186889648438,-299.4031982421875,-0.3523755669593811,0,-0.9358586668968201,0,1,0,0.9358586668968201,0,-0.3523755669593811]},{"p":[-102.86325073242188,1018.7186889648438,-299.4031982421875,-0.3523755669593811,0,-0.9358586668968201,0,1,0,0.9358586668968201,0,-0.3523755669593811]},{"p":[-102.86325073242188,1018.7186889648438,-299.4031982421875,-0.3523755669593811,0,-0.9358586668968201,0,1,0,0.9358586668968201,0,-0.3523755669593811]},{"p":[-102.86325073242188,1018.7186889648438,-299.4031982421875,-0.3523755669593811,0,-0.9358586668968201,0,1,0,0.9358586668968201,0,-0.3523755669593811]},{"p":[-102.84495544433594,1018.7186889648438,-299.32354736328127,-0.4605846107006073,0,-0.8876157999038696,0,1,0,0.8876157999038696,0,-0.4605846107006073]},{"p":[-102.81619262695313,1018.7186889648438,-299.1802978515625,-0.5636405944824219,0,-0.8260201215744019,0,1,0,0.8260201215744019,0,-0.5636405944824219]},{"p":[-102.76728820800781,1018.7186889648438,-298.96917724609377,-0.6440233588218689,0,-0.7650058269500732,0,1,0,0.7650058269500732,0,-0.6440233588218689]},{"p":[-102.7025146484375,1018.7186889648438,-298.7142639160156,-0.7061901688575745,0,-0.7080221772193909,0,1,0,0.7080221772193909,0,-0.7061901688575745]},{"p":[-102.63848114013672,1018.7186889648438,-298.4554748535156,-0.7563586235046387,0,-0.6541572213172913,0,1,0,0.6541572213172913,0,-0.7563586235046387]},{"p":[-102.57198333740235,1018.7186889648438,-298.1972351074219,-0.7957090139389038,0,-0.6056790351867676,0,1,0,0.6056790351867676,0,-0.7957090139389038]},{"p":[-102.50459289550781,1018.7186889648438,-297.9392395019531,-0.8269587755203247,0,-0.5622625350952148,0,1,0,0.5622625350952148,0,-0.8269587755203247]},{"p":[-102.43665313720703,1018.7186889648438,-297.6813659667969,-0.8519191145896912,0,-0.523673415184021,0,1,0,0.523673415184021,0,-0.8519191145896912]},{"p":[-102.36856079101563,1018.7186889648438,-297.4235534667969,-0.8720108866691589,0,-0.4894865155220032,0,1,0,0.4894865155220032,0,-0.8720108866691589]},{"p":[-102.30101776123047,1018.7186889648438,-297.16558837890627,-0.8884061574935913,0,-0.45905831456184389,0,1,0,0.45905831456184389,0,-0.8884061574935913]},{"p":[-102.23534393310547,1018.7186889648438,-296.9071350097656,-0.9021386504173279,0,-0.43144625425338747,0,1,0,0.43144625425338747,0,-0.9021386504173279]},{"p":[-102.16986846923828,1018.7186889648438,-296.6486511230469,-0.9133759140968323,0,-0.40711718797683718,0,1,0,0.40711718797683718,0,-0.9133759140968323]},{"p":[-102.10746002197266,1018.7186889648438,-296.3893737792969,-0.9231626391410828,0,-0.384409636259079,0,1,0,0.384409636259079,0,-0.9231626391410828]},{"p":[-102.04593658447266,1018.7186889648438,-296.1299133300781,-0.9313509464263916,0,-0.36412283778190615,0,1,0,0.36412283778190615,0,-0.9313509464263916]},{"p":[-101.98755645751953,1018.7186889648438,-295.8697204589844,-0.9386244416236877,0,-0.34494078159332278,0,1,0,0.34494078159332278,0,-0.9386244416236877]},{"p":[-101.92943572998047,1018.7186889648438,-295.6094665527344,-0.9446561932563782,0,-0.3280620276927948,0,1,0,0.3280620276927948,0,-0.9446561932563782]},{"p":[-101.87281036376953,1018.7186889648438,-295.348876953125,-0.9498633742332459,0,-0.3126652240753174,0,1,0,0.3126652240753174,0,-0.9498633742332459]},{"p":[-101.84902954101563,1018.7186889648438,-295.2392883300781,-0.9503514170646668,0,-0.31117868423461916,0,1,0,0.31117868423461916,0,-0.9503514170646668]},{"p":[-101.8479995727539,1018.7186889648438,-295.2345275878906,-0.950364887714386,0,-0.3111375868320465,0,1,0,0.3111375868320465,0,-0.950364887714386]},{"p":[-101.84798431396485,1018.7186889648438,-295.23443603515627,-0.9503652453422546,0,-0.3111364543437958,0,1,0,0.3111364543437958,0,-0.9503652453422546]},{"p":[-101.84798431396485,1018.7186889648438,-295.23443603515627,-0.9503652453422546,0,-0.3111364245414734,0,1,0,0.3111364245414734,0,-0.9503652453422546]},{"p":[-101.84798431396485,1018.7186889648438,-295.23443603515627,-0.9503652453422546,0,-0.3111364245414734,0,1,0,0.3111364245414734,0,-0.9503652453422546]},{"p":[-101.84798431396485,1018.7186889648438,-295.23443603515627,-0.9503652453422546,0,-0.3111364245414734,0,1,0,0.3111364245414734,0,-0.9503652453422546]},{"p":[-101.84798431396485,1018.7186889648438,-295.23443603515627,-0.9503652453422546,0,-0.3111364245414734,0,1,0,0.3111364245414734,0,-0.9503652453422546]},{"p":[-101.84798431396485,1018.7186889648438,-295.23443603515627,-0.9503652453422546,0,-0.3111364245414734,0,1,0,0.3111364245414734,0,-0.9503652453422546]},{"p":[-101.84798431396485,1018.7186889648438,-295.23443603515627,-0.9503652453422546,0,-0.3111364245414734,0,1,0,0.3111364245414734,0,-0.9503652453422546]},{"p":[-101.84798431396485,1018.7186889648438,-295.23443603515627,-0.9503652453422546,0,-0.3111364245414734,0,1,0,0.3111364245414734,0,-0.9503652453422546]},{"p":[-101.84798431396485,1018.7186889648438,-295.23443603515627,-0.9503652453422546,0,-0.3111364245414734,0,1,0,0.3111364245414734,0,-0.9503652453422546]},{"p":[-101.84798431396485,1018.7186889648438,-295.23443603515627,-0.9503652453422546,0,-0.3111364245414734,0,1,0,0.3111364245414734,0,-0.9503652453422546]},{"p":[-101.84798431396485,1018.7186889648438,-295.23443603515627,-0.9503652453422546,0,-0.3111364245414734,0,1,0,0.3111364245414734,0,-0.9503652453422546]},{"p":[-101.84798431396485,1018.7186889648438,-295.23443603515627,-0.9503652453422546,0,-0.3111364245414734,0,1,0,0.3111364245414734,0,-0.9503652453422546]},{"p":[-101.84798431396485,1018.7186889648438,-295.23443603515627,-0.9503652453422546,0,-0.3111364245414734,0,1,0,0.3111364245414734,0,-0.9503652453422546]},{"p":[-101.84798431396485,1018.7186889648438,-295.23443603515627,-0.9503652453422546,0,-0.3111364245414734,0,1,0,0.3111364245414734,0,-0.9503652453422546]},{"p":[-101.84798431396485,1018.7186889648438,-295.23443603515627,-0.9503652453422546,0,-0.3111364245414734,0,1,0,0.3111364245414734,0,-0.9503652453422546]},{"p":[-101.84798431396485,1018.7186889648438,-295.23443603515627,-0.9503652453422546,0,-0.3111364245414734,0,1,0,0.3111364245414734,0,-0.9503652453422546]},{"p":[-101.84798431396485,1018.7186889648438,-295.23443603515627,-0.9503652453422546,0,-0.3111364245414734,0,1,0,0.3111364245414734,0,-0.9503652453422546]},{"p":[-101.84798431396485,1018.7186889648438,-295.23443603515627,-0.9503652453422546,0,-0.3111364245414734,0,1,0,0.3111364245414734,0,-0.9503652453422546]},{"p":[-101.84798431396485,1018.7186889648438,-295.23443603515627,-0.9503652453422546,0,-0.3111364245414734,0,1,0,0.3111364245414734,0,-0.9503652453422546]},{"p":[-101.88925170898438,1018.7186889648438,-295.22125244140627,-0.9739564657211304,0,-0.22673510015010835,0,1,0,0.22673510015010835,0,-0.9739564657211304]},{"p":[-102.07389068603516,1018.7186889648438,-295.1817626953125,-0.9998037219047546,0,-0.01981242746114731,0,1,0,0.01981242746114731,0,-0.9998037219047546]},{"p":[-102.33429718017578,1018.7186889648438,-295.1625671386719,-0.9830667972564697,0,0.18324749171733857,0,1,0,-0.18324749171733857,0,-0.9830667972564697]},{"p":[-102.60038757324219,1018.7186889648438,-295.1754455566406,-0.9294366836547852,0,0.36898157000541689,0,1,0,-0.36898157000541689,0,-0.9294366836547852]},{"p":[-102.86322784423828,1018.7186889648438,-295.2196044921875,-0.8465320467948914,0,0.5323377847671509,0,1,0,-0.5323377847671509,0,-0.8465320467948914]},{"p":[-103.1229248046875,1018.7186889648438,-295.2799987792969,-0.7460900545120239,0,0.6658450961112976,0,1,0,-0.6658450961112976,0,-0.7460900545120239]},{"p":[-103.381103515625,1018.7186889648438,-295.3467102050781,-0.6396706700325012,0,0.7686491012573242,0,1,0,-0.7686491012573242,0,-0.6396706700325012]},{"p":[-103.6382827758789,1018.7186889648438,-295.4172058105469,-0.5345582365989685,0,0.8451316356658936,0,1,0,-0.8451316356658936,0,-0.5345582365989685]},{"p":[-103.8949203491211,1018.7186889648438,-295.4896545410156,-0.4353722929954529,0,0.9002504944801331,0,1,0,-0.9002504944801331,0,-0.4353722929954529]},{"p":[-104.15074157714844,1018.7186889648438,-295.5649108886719,-0.34364989399909975,0,0.9390978217124939,0,1,0,-0.9390978217124939,0,-0.34364989399909975]},{"p":[-104.40589141845703,1018.7186889648438,-295.6424255371094,-0.2603978216648102,0,0.9655014276504517,0,1,0,-0.9655014276504517,0,-0.2603978216648102]},{"p":[-104.65979766845703,1018.7186889648438,-295.7239074707031,-0.18474167585372926,0,0.9827871322631836,0,1,0,-0.9827871322631836,0,-0.18474167585372926]},{"p":[-104.9123764038086,1018.7186889648438,-295.8094177246094,-0.11628201603889466,0,0.9932162165641785,0,1,0,-0.9932162165641785,0,-0.11628201603889466]},{"p":[-105.16411590576172,1018.7186889648438,-295.89739990234377,-0.05528690293431282,0,0.9984704852104187,0,1,0,-0.9984704852104187,0,-0.05528690293431282]},{"p":[-105.41548156738281,1018.7186889648438,-295.9864501953125,-0.0017668918007984758,0,0.9999984502792358,0,1,0,-0.9999984502792358,0,-0.0017668918007984758]},{"p":[-105.66661071777344,1018.7186889648438,-296.0761413574219,0.04488533362746239,0,0.9989921450614929,0,1,0,-0.9989921450614929,0,0.04488533362746239]},{"p":[-105.91746520996094,1018.7186889648438,-296.1665954589844,0.08555363863706589,0,0.9963335394859314,0,1,0,-0.9963335394859314,0,0.08555363863706589]},{"p":[-106.16797637939453,1018.7186889648438,-296.2580261230469,0.12110529839992523,0,0.9926396608352661,0,1,0,-0.9926396608352661,0,0.12110529839992523]},{"p":[-106.41779327392578,1018.7186889648438,-296.3513488769531,0.15271790325641633,0,0.9882698059082031,0,1,0,-0.9882698059082031,0,0.15271790325641633]},{"p":[-106.66587829589844,1018.7186889648438,-296.44915771484377,0.18228450417518617,0,0.983245849609375,0,1,0,-0.983245849609375,0,0.18228450417518617]},{"p":[-106.91284942626953,1018.7186889648438,-296.54974365234377,0.20923320949077607,0,0.9778657555580139,0,1,0,-0.9778657555580139,0,0.20923320949077607]},{"p":[-107.15855407714844,1018.7186889648438,-296.65338134765627,0.23403432965278626,0,0.9722283482551575,0,1,0,-0.9722283482551575,0,0.23403432965278626]},{"p":[-107.40254211425781,1018.7186889648438,-296.760986328125,0.25746920704841616,0,0.9662864804267883,0,1,0,-0.9662864804267883,0,0.25746920704841616]},{"p":[-107.64431762695313,1018.7186889648438,-296.87347412109377,0.2801966071128845,0,0.959942638874054,0,1,0,-0.959942638874054,0,0.2801966071128845]},{"p":[-107.88347625732422,1018.7186889648438,-296.9914245605469,0.3026426434516907,0,0.9531040787696838,0,1,0,-0.9531040787696838,0,0.3026426434516907]},{"p":[-108.11958312988281,1018.7186889648438,-297.1153869628906,0.32514333724975588,0,0.9456647634506226,0,1,0,-0.9456647634506226,0,0.32514333724975588]},{"p":[-108.35197448730469,1018.7186889648438,-297.24615478515627,0.34813398122787478,0,0.937444806098938,0,1,0,-0.937444806098938,0,0.34813398122787478]},{"p":[-108.58154296875,1018.7186889648438,-297.3818359375,0.3705455958843231,0,0.9288142919540405,0,1,0,-0.9288142919540405,0,0.3705455958843231]},{"p":[-108.80805969238281,1018.7186889648438,-297.52252197265627,0.39250198006629946,0,0.9197511672973633,0,1,0,-0.9197511672973633,0,0.39250198006629946]},{"p":[-109.0323715209961,1018.7186889648438,-297.6667175292969,0.4132425785064697,0,0.9106209874153137,0,1,0,-0.9106209874153137,0,0.4132425785064697]},{"p":[-109.25384521484375,1018.7186889648438,-297.81524658203127,0.4333561956882477,0,0.9012227058410645,0,1,0,-0.9012227058410645,0,0.4333561956882477]},{"p":[-109.47130584716797,1018.7186889648438,-297.9695739746094,0.45374593138694765,0,0.8911311030387878,0,1,0,-0.8911311030387878,0,0.45374593138694765]},{"p":[-109.6800765991211,1018.7186889648438,-298.1354064941406,0.4775291085243225,0,0.8786159157752991,0,1,0,-0.8786159157752991,0,0.4775291085243225]},{"p":[-109.87541198730469,1018.7186889648438,-298.3168640136719,0.506759762763977,0,0.8620873093605042,0,1,0,-0.8620873093605042,0,0.506759762763977]},{"p":[-110.05732727050781,1018.7186889648438,-298.51177978515627,0.5397467613220215,0,0.841827392578125,0,1,0,-0.841827392578125,0,0.5397467613220215]},{"p":[-110.22676086425781,1018.7186889648438,-298.7176513671875,0.5745723843574524,0,0.8184537887573242,0,1,0,-0.8184537887573242,0,0.5745723843574524]},{"p":[-110.38409423828125,1018.7186889648438,-298.93292236328127,0.6100749373435974,0,0.7923437356948853,0,1,0,-0.7923437356948853,0,0.6100749373435974]},{"p":[-110.54045104980469,1018.7186889648438,-299.14892578125,0.6404805183410645,0,0.7679744362831116,0,1,0,-0.7679744362831116,0,0.6404805183410645]},{"p":[-110.67662811279297,1018.7186889648438,-299.37811279296877,0.6747811436653137,0,0.7380178570747376,0,1,0,-0.7380178570747376,0,0.6747811436653137]},{"p":[-110.79931640625,1018.7186889648438,-299.6148376464844,0.7089722752571106,0,0.7052363157272339,0,1,0,-0.7052363157272339,0,0.7089722752571106]},{"p":[-110.90717315673828,1018.7186889648438,-299.8586730957031,0.7428610920906067,0,0.6694456338882446,0,1,0,-0.6694456338882446,0,0.7428610920906067]},{"p":[-110.99797058105469,1018.7186889648438,-300.1093444824219,0.7766023874282837,0,0.6299910545349121,0,1,0,-0.6299910545349121,0,0.7766023874282837]},{"p":[-111.06621551513672,1018.7186889648438,-300.3670349121094,0.8111143112182617,0,0.584887683391571,0,1,0,-0.584887683391571,0,0.8111143112182617]},{"p":[-111.11065673828125,1018.7186889648438,-300.6298828125,0.8455133438110352,0,0.5339542627334595,0,1,0,-0.5339542627334595,0,0.8455133438110352]},{"p":[-111.13309478759766,1018.7186889648438,-300.8955383300781,0.878147304058075,0,0.47839033603668215,0,1,0,-0.47839033603668215,0,0.878147304058075]},{"p":[-111.13221740722656,1018.7186889648438,-301.1621398925781,0.9084400534629822,0,0.4180152118206024,0,1,0,-0.4180152118206024,0,0.9084400534629822]},{"p":[-111.10639190673828,1018.7186889648438,-301.4274597167969,0.9358320832252502,0,0.35244622826576235,0,1,0,-0.35244622826576235,0,0.9358320832252502]},{"p":[-111.05735778808594,1018.7186889648438,-301.68951416015627,0.9591548442840576,0,0.28288164734840395,0,1,0,-0.28288164734840395,0,0.9591548442840576]},{"p":[-110.99263763427735,1018.7186889648438,-301.9481506347656,0.9769615530967712,0,0.21341532468795777,0,1,0,-0.21341532468795777,0,0.9769615530967712]},{"p":[-110.91242980957031,1018.7186889648438,-302.20245361328127,0.9895229339599609,0,0.14437562227249146,0,1,0,-0.14437562227249146,0,0.9895229339599609]},{"p":[-110.81729125976563,1018.7186889648438,-302.4515380859375,0.9971013069152832,0,0.07608573883771897,0,1,0,-0.07608573883771897,0,0.9971013069152832]},{"p":[-110.70958709716797,1018.7186889648438,-302.6954650878906,0.999951958656311,0,0.009803817607462407,0,1,0,-0.009803817607462407,0,0.999951958656311]},{"p":[-110.59049224853516,1018.7186889648438,-302.93402099609377,0.9985437393188477,0,-0.053947776556015018,0,1,0,0.053947776556015018,0,0.9985437393188477]},{"p":[-110.455078125,1018.7186889648438,-303.1636962890625,0.9929919242858887,0,-0.11818236112594605,0,1,0,0.11818236112594605,0,0.9929919242858887]},{"p":[-110.2997055053711,1018.7186889648438,-303.3803405761719,0.9827082753181458,0,-0.18516062200069428,0,1,0,0.18516062200069428,0,0.9827082753181458]},{"p":[-110.12252044677735,1018.7186889648438,-303.5794982910156,0.9666552543640137,0,-0.2560811936855316,0,1,0,0.2560811936855316,0,0.9666552543640137]},{"p":[-109.92618560791016,1018.7186889648438,-303.7597961425781,0.9442404508590698,0,-0.32925671339035036,0,1,0,0.32925671339035036,0,0.9442404508590698]},{"p":[-109.59810638427735,1018.7186889648438,-303.9883117675781,0.8953636288642883,0,-0.4453358054161072,0,1,0,0.4453358054161072,0,0.8953636288642883]},{"p":[-109.47969818115235,1018.7186889648438,-304.0492248535156,0.8752014636993408,0,-0.4837586581707001,0,1,0,0.4837586581707001,0,0.8752014636993408]},{"p":[-109.22332000732422,1018.7186889648438,-304.1207580566406,0.8190714716911316,0,-0.5736915469169617,0,1,0,0.5736915469169617,0,0.8190714716911316]},{"p":[-108.8242416381836,1018.7186889648438,-304.13848876953127,0.7003918886184692,0,-0.7137585282325745,0,1,0,0.7137585282325745,0,0.7003918886184692]},{"p":[-108.69371795654297,1018.7186889648438,-304.1139221191406,0.652036190032959,0,-0.7581878304481506,0,1,0,0.7581878304481506,0,0.652036190032959]},{"p":[-108.45692443847656,1018.7186889648438,-303.9934997558594,0.5248202681541443,0,-0.8512130975723267,0,1,0,0.8512130975723267,0,0.5248202681541443]},{"p":[-108.25074768066406,1018.7186889648438,-303.82513427734377,0.3765433132648468,0,-0.9263989925384522,0,1,0,0.9263989925384522,0,0.3765433132648468]},{"p":[-108.07063293457031,1018.7186889648438,-303.6287841796875,0.2205125391483307,0,-0.9753841161727905,0,1,0,0.9753841161727905,0,0.2205125391483307]},{"p":[-107.90859985351563,1018.7186889648438,-303.4170837402344,0.0684221088886261,0,-0.9976564645767212,0,1,0,0.9976564645767212,0,0.0684221088886261]},{"p":[-107.7700424194336,1018.7186889648438,-303.18939208984377,-0.07883886992931366,0,-0.9968873858451843,0,1,0,0.9968873858451843,0,-0.07883886992931366]},{"p":[-107.65921020507813,1018.7186889648438,-302.947021484375,-0.2204331010580063,0,-0.9754021167755127,0,1,0,0.9754021167755127,0,-0.2204331010580063]},{"p":[-107.5724868774414,1018.7186889648438,-302.6949768066406,-0.35179367661476138,0,-0.9360775947570801,0,1,0,0.9360775947570801,0,-0.35179367661476138]},{"p":[-107.53663635253906,1018.7186889648438,-302.5887451171875,-0.3641739785671234,0,-0.9313309192657471,0,1,0,0.9313309192657471,0,-0.3641739785671234]},{"p":[-107.53507995605469,1018.7186889648438,-302.5841369628906,-0.3645152151584625,0,-0.9311974048614502,0,1,0,0.9311974048614502,0,-0.3645152151584625]},{"p":[-107.53504943847656,1018.7186889648438,-302.58404541015627,-0.3645246624946594,0,-0.9311937093734741,0,1,0,0.9311937093734741,0,-0.3645246624946594]},{"p":[-107.53504943847656,1018.7186889648438,-302.58404541015627,-0.3645249307155609,0,-0.9311936497688294,0,1,0,0.9311936497688294,0,-0.3645249307155609]},{"p":[-107.53504943847656,1018.7186889648438,-302.58404541015627,-0.3645249307155609,0,-0.9311936497688294,0,1,0,0.9311936497688294,0,-0.3645249307155609]},{"p":[-107.53504943847656,1018.7186889648438,-302.58404541015627,-0.3645249307155609,0,-0.9311936497688294,0,1,0,0.9311936497688294,0,-0.3645249307155609]},{"p":[-107.53504943847656,1018.7186889648438,-302.58404541015627,-0.3645249307155609,0,-0.9311936497688294,0,1,0,0.9311936497688294,0,-0.3645249307155609]},{"p":[-107.53504943847656,1018.7186889648438,-302.58404541015627,-0.3645249307155609,0,-0.9311936497688294,0,1,0,0.9311936497688294,0,-0.3645249307155609]},{"p":[-107.53504943847656,1018.7186889648438,-302.58404541015627,-0.3645249307155609,0,-0.9311936497688294,0,1,0,0.9311936497688294,0,-0.3645249307155609]},{"p":[-107.53504943847656,1018.7186889648438,-302.58404541015627,-0.3645249307155609,0,-0.9311936497688294,0,1,0,0.9311936497688294,0,-0.3645249307155609]},{"p":[-107.53504943847656,1018.7186889648438,-302.58404541015627,-0.3645249307155609,0,-0.9311936497688294,0,1,0,0.9311936497688294,0,-0.3645249307155609]},{"p":[-107.53504943847656,1018.7186889648438,-302.58404541015627,-0.3645249307155609,0,-0.9311936497688294,0,1,0,0.9311936497688294,0,-0.3645249307155609]},{"p":[-107.53504943847656,1018.7186889648438,-302.58404541015627,-0.3645249307155609,0,-0.9311936497688294,0,1,0,0.9311936497688294,0,-0.3645249307155609]},{"p":[-107.53504943847656,1018.7186889648438,-302.58404541015627,-0.3645249307155609,0,-0.9311936497688294,0,1,0,0.9311936497688294,0,-0.3645249307155609]},{"p":[-107.53504943847656,1018.7186889648438,-302.58404541015627,-0.3645249307155609,0,-0.9311936497688294,0,1,0,0.9311936497688294,0,-0.3645249307155609]},{"p":[-107.53504943847656,1018.7186889648438,-302.58404541015627,-0.3645249307155609,0,-0.9311936497688294,0,1,0,0.9311936497688294,0,-0.3645249307155609]},{"p":[-107.53504943847656,1018.7186889648438,-302.58404541015627,-0.3645249307155609,0,-0.9311936497688294,0,1,0,0.9311936497688294,0,-0.3645249307155609]},{"p":[-107.53504943847656,1018.7186889648438,-302.58404541015627,-0.3645249307155609,0,-0.9311936497688294,0,1,0,0.9311936497688294,0,-0.3645249307155609]},{"p":[-107.56395721435547,1018.7186889648438,-302.4453430175781,-0.5158400535583496,0,-0.8566849231719971,0,1,0,0.8566849231719971,0,-0.5158400535583496]},{"p":[-107.60912322998047,1018.7186889648438,-302.19012451171877,-0.647478461265564,0,-0.7620837688446045,0,1,0,0.7620837688446045,0,-0.647478461265564]},{"p":[-107.65076446533203,1018.7186889648438,-301.9268798828125,-0.7465408444404602,0,-0.6653395891189575,0,1,0,0.6653395891189575,0,-0.7465408444404602]},{"p":[-107.69071960449219,1018.7186889648438,-301.6632385253906,-0.8202027082443237,0,-0.5720729827880859,0,1,0,0.5720729827880859,0,-0.8202027082443237]},{"p":[-107.72923278808594,1018.7186889648438,-301.3993835449219,-0.8742275834083557,0,-0.48551639914512637,0,1,0,0.48551639914512637,0,-0.8742275834083557]},{"p":[-107.76325988769531,1018.7186889648438,-301.1348876953125,-0.9127057790756226,0,-0.40861740708351138,0,1,0,0.40861740708351138,0,-0.9127057790756226]},{"p":[-107.79722595214844,1018.7186889648438,-300.8703918457031,-0.9405074715614319,0,-0.339773029088974,0,1,0,0.339773029088974,0,-0.9405074715614319]},{"p":[-107.82843017578125,1018.7186889648438,-300.6055603027344,-0.9599905610084534,0,-0.28003230690956118,0,1,0,0.28003230690956118,0,-0.9599905610084534]},{"p":[-107.85956573486328,1018.7186889648438,-300.3407287597656,-0.9737645983695984,0,-0.22755762934684754,0,1,0,0.22755762934684754,0,-0.9737645983695984]},{"p":[-107.88941955566406,1018.7186889648438,-300.07574462890627,-0.983249843120575,0,-0.18226280808448792,0,1,0,0.18226280808448792,0,-0.983249843120575]},{"p":[-107.91633605957031,1018.7186889648438,-299.8104553222656,-0.9895431995391846,0,-0.1442366987466812,0,1,0,0.1442366987466812,0,-0.9895431995391846]},{"p":[-107.92757415771485,1018.7186889648438,-299.6988525390625,-0.9900677800178528,0,-0.14059105515480042,0,1,0,0.14059105515480042,0,-0.9900677800178528]},{"p":[-107.92806243896485,1018.7186889648438,-299.6940002441406,-0.9900820851325989,0,-0.14049027860164643,0,1,0,0.14049027860164643,0,-0.9900820851325989]},{"p":[-107.92807006835938,1018.7186889648438,-299.69390869140627,-0.9900824427604675,0,-0.14048749208450318,0,1,0,0.14048749208450318,0,-0.9900824427604675]},{"p":[-107.92807006835938,1018.7186889648438,-299.69390869140627,-0.9900824427604675,0,-0.1404874175786972,0,1,0,0.1404874175786972,0,-0.9900824427604675]},{"p":[-107.92807006835938,1018.7186889648438,-299.69390869140627,-0.9900824427604675,0,-0.1404874175786972,0,1,0,0.1404874175786972,0,-0.9900824427604675]},{"p":[-107.92807006835938,1018.7186889648438,-299.69390869140627,-0.9900824427604675,0,-0.1404874175786972,0,1,0,0.1404874175786972,0,-0.9900824427604675]},{"p":[-107.92807006835938,1018.7186889648438,-299.69390869140627,-0.9900824427604675,0,-0.1404874175786972,0,1,0,0.1404874175786972,0,-0.9900824427604675]},{"p":[-107.92807006835938,1018.7186889648438,-299.69390869140627,-0.9900824427604675,0,-0.1404874175786972,0,1,0,0.1404874175786972,0,-0.9900824427604675]},{"p":[-107.92807006835938,1018.7186889648438,-299.69390869140627,-0.9900824427604675,0,-0.1404874175786972,0,1,0,0.1404874175786972,0,-0.9900824427604675]},{"p":[-107.92807006835938,1018.7186889648438,-299.69390869140627,-0.9900824427604675,0,-0.1404874175786972,0,1,0,0.1404874175786972,0,-0.9900824427604675]},{"p":[-107.92807006835938,1018.7186889648438,-299.69390869140627,-0.9900824427604675,0,-0.1404874175786972,0,1,0,0.1404874175786972,0,-0.9900824427604675]},{"p":[-107.92807006835938,1018.7186889648438,-299.69390869140627,-0.9900824427604675,0,-0.1404874175786972,0,1,0,0.1404874175786972,0,-0.9900824427604675]},{"p":[-107.92807006835938,1018.7186889648438,-299.69390869140627,-0.9900824427604675,0,-0.1404874175786972,0,1,0,0.1404874175786972,0,-0.9900824427604675]},{"p":[-107.92807006835938,1018.7186889648438,-299.69390869140627,-0.9900824427604675,0,-0.1404874175786972,0,1,0,0.1404874175786972,0,-0.9900824427604675]},{"p":[-107.92807006835938,1018.7186889648438,-299.69390869140627,-0.9900824427604675,0,-0.1404874175786972,0,1,0,0.1404874175786972,0,-0.9900824427604675]},{"p":[-107.92807006835938,1018.7186889648438,-299.69390869140627,-0.9900824427604675,0,-0.1404874175786972,0,1,0,0.1404874175786972,0,-0.9900824427604675]},{"p":[-107.92807006835938,1018.7186889648438,-299.69390869140627,-0.9900824427604675,0,-0.1404874175786972,0,1,0,0.1404874175786972,0,-0.9900824427604675]},{"p":[-107.92807006835938,1018.7186889648438,-299.69390869140627,-0.9900824427604675,0,-0.1404874175786972,0,1,0,0.1404874175786972,0,-0.9900824427604675]},{"p":[-107.92807006835938,1018.7186889648438,-299.69390869140627,-0.9900824427604675,0,-0.1404874175786972,0,1,0,0.1404874175786972,0,-0.9900824427604675]},{"p":[-107.92807006835938,1018.7186889648438,-299.69390869140627,-0.9900824427604675,0,-0.1404874175786972,0,1,0,0.1404874175786972,0,-0.9900824427604675]},{"p":[-107.92807006835938,1018.7186889648438,-299.69390869140627,-0.9900824427604675,0,-0.1404874175786972,0,1,0,0.1404874175786972,0,-0.9900824427604675]},{"p":[-107.92807006835938,1018.7186889648438,-299.69390869140627,-0.9900824427604675,0,-0.1404874175786972,0,1,0,0.1404874175786972,0,-0.9900824427604675]},{"p":[-107.92807006835938,1018.7186889648438,-299.69390869140627,-0.9900824427604675,0,-0.1404874175786972,0,1,0,0.1404874175786972,0,-0.9900824427604675]},{"p":[-107.92807006835938,1018.7186889648438,-299.69390869140627,-0.9900824427604675,0,-0.1404874175786972,0,1,0,0.1404874175786972,0,-0.9900824427604675]},{"p":[-107.92807006835938,1018.7186889648438,-299.69390869140627,-0.9900824427604675,0,-0.1404874175786972,0,1,0,0.1404874175786972,0,-0.9900824427604675]},{"p":[-107.92807006835938,1018.7186889648438,-299.69390869140627,-0.9900824427604675,0,-0.1404874175786972,0,1,0,0.1404874175786972,0,-0.9900824427604675]},{"p":[-107.92807006835938,1018.7186889648438,-299.69390869140627,-0.9900824427604675,0,-0.1404874175786972,0,1,0,0.1404874175786972,0,-0.9900824427604675]},{"p":[-107.92807006835938,1018.7186889648438,-299.69390869140627,-0.9900824427604675,0,-0.1404874175786972,0,1,0,0.1404874175786972,0,-0.9900824427604675]},{"p":[-107.92807006835938,1018.7186889648438,-299.69390869140627,-0.9900824427604675,0,-0.1404874175786972,0,1,0,0.1404874175786972,0,-0.9900824427604675]},{"p":[-107.92807006835938,1018.7186889648438,-299.69390869140627,-0.9900824427604675,0,-0.1404874175786972,0,1,0,0.1404874175786972,0,-0.9900824427604675]},{"p":[-107.92807006835938,1018.7186889648438,-299.69390869140627,-0.9900824427604675,0,-0.1404874175786972,0,1,0,0.1404874175786972,0,-0.9900824427604675]},{"p":[-107.92807006835938,1018.7186889648438,-299.69390869140627,-0.9900824427604675,0,-0.1404874175786972,0,1,0,0.1404874175786972,0,-0.9900824427604675]},{"p":[-107.92807006835938,1018.7186889648438,-299.69390869140627,-0.9900824427604675,0,-0.1404874175786972,0,1,0,0.1404874175786972,0,-0.9900824427604675]},{"p":[-107.92807006835938,1018.7186889648438,-299.69390869140627,-0.9900824427604675,0,-0.1404874175786972,0,1,0,0.1404874175786972,0,-0.9900824427604675]}],"d":3.5239627361297609}