{"data":[{"pos":[19.999980926513673,251.85169982910157,-2633.550537109375,1,0,0,0,1,0,0,0,1]},{"pos":[19.999980926513673,251.85169982910157,-2633.550537109375,1,0,0,0,1,0,0,0,1]},{"pos":[19.999980926513673,251.85169982910157,-2633.550537109375,1,0,0,0,1,0,0,0,1]},{"pos":[19.999980926513673,251.85169982910157,-2633.550537109375,1,0,0,0,1,0,0,0,1]},{"pos":[19.999980926513673,251.85169982910157,-2633.550537109375,1,0,0,0,1,0,0,0,1]},{"pos":[19.999980926513673,251.85169982910157,-2633.550537109375,1,0,0,0,1,0,0,0,1]},{"pos":[19.999980926513673,251.85169982910157,-2633.550537109375,1,0,0,0,1,0,0,0,1]},{"pos":[19.999980926513673,251.85169982910157,-2633.550537109375,1,0,0,0,1,0,0,0,1]},{"pos":[19.999980926513673,251.85169982910157,-2633.550537109375,1,0,0,0,1,0,0,0,1]},{"pos":[19.999980926513673,251.85169982910157,-2633.550537109375,1,0,0,0,1,0,0,0,1]},{"pos":[19.999980926513673,251.85169982910157,-2633.550537109375,1,0,0,0,1,0,0,0,1]},{"pos":[19.999980926513673,251.85169982910157,-2633.550537109375,1,0,0,0,1,0,0,0,1]},{"pos":[19.999980926513673,251.85169982910157,-2633.550537109375,1,0,0,0,1,0,0,0,1]},{"pos":[19.999980926513673,251.85169982910157,-2633.550537109375,1,0,0,0,1,0,0,0,1]},{"pos":[19.999980926513673,251.85169982910157,-2633.550537109375,1,0,0,0,1,0,0,0,1]},{"pos":[19.999980926513673,251.85169982910157,-2633.550537109375,1,0,0,0,1,0,0,0,1]},{"pos":[19.999980926513673,251.85169982910157,-2633.550537109375,1,0,0,0,1,0,0,0,1]},{"pos":[19.999980926513673,251.85169982910157,-2633.550537109375,1,0,0,0,1,0,0,0,1]},{"pos":[19.999980926513673,251.85169982910157,-2633.550537109375,1,0,0,0,1,0,0,0,1]},{"pos":[19.999980926513673,251.85169982910157,-2633.550537109375,1,0,0,0,1,0,0,0,1]},{"pos":[19.999980926513673,251.85169982910157,-2633.550537109375,1,0,0,0,1,0,0,0,1]},{"pos":[19.999980926513673,251.85169982910157,-2633.550537109375,1,0,0,0,1,0,0,0,1]},{"pos":[19.999980926513673,251.85169982910157,-2633.550537109375,1,0,0,0,1,0,0,0,1]},{"pos":[19.999980926513673,251.85169982910157,-2633.550537109375,1,0,0,0,1,0,0,0,1]},{"pos":[19.999980926513673,251.85169982910157,-2633.550537109375,1,0,0,0,1,0,0,0,1]},{"pos":[19.999980926513673,251.85169982910157,-2633.550537109375,1,0,0,0,1,0,0,0,1]},{"pos":[19.999980926513673,251.85169982910157,-2633.550537109375,1,0,0,0,1,0,0,0,1]},{"pos":[19.999980926513673,251.85169982910157,-2633.550537109375,1,0,0,0,1,0,0,0,1]},{"pos":[19.999980926513673,251.85169982910157,-2633.550537109375,1,0,0,0,1,0,0,0,1]},{"pos":[19.999980926513673,251.85169982910157,-2633.550537109375,1,0,0,0,1,0,0,0,1]},{"pos":[19.999980926513673,251.85169982910157,-2633.550537109375,1,0,0,0,1,0,0,0,1]},{"pos":[19.999980926513673,251.85169982910157,-2633.550537109375,1,0,0,0,1,0,0,0,1]},{"pos":[19.999980926513673,251.85169982910157,-2633.550537109375,1,0,0,0,1,0,0,0,1]},{"pos":[19.999980926513673,251.85169982910157,-2633.550537109375,1,0,0,0,1,0,0,0,1]},{"pos":[19.999980926513673,251.85169982910157,-2633.550537109375,1,0,0,0,1,0,0,0,1]},{"pos":[19.999980926513673,251.85169982910157,-2633.550537109375,1,0,0,0,1,0,0,0,1]},{"pos":[19.999980926513673,251.85169982910157,-2633.550537109375,1,0,0,0,1,0,0,0,1]},{"pos":[19.999980926513673,251.85169982910157,-2633.550537109375,1,0,0,0,1,0,0,0,1]},{"pos":[19.999980926513673,251.85169982910157,-2633.550537109375,1,0,0,0,1,0,0,0,1]},{"pos":[19.999980926513673,251.85169982910157,-2633.550537109375,1,0,0,0,1,0,0,0,1]},{"pos":[19.999980926513673,251.85169982910157,-2633.550537109375,1,0,0,0,1,0,0,0,1]},{"pos":[19.999980926513673,251.85169982910157,-2633.550537109375,1,0,0,0,1,0,0,0,1]},{"pos":[19.999980926513673,251.85169982910157,-2633.550537109375,1,0,0,0,1,0,0,0,1]},{"pos":[19.999980926513673,251.85169982910157,-2633.550537109375,1,0,0,0,1,0,0,0,1]},{"pos":[19.999980926513673,251.85169982910157,-2633.550537109375,1,0,0,0,1,0,0,0,1]},{"pos":[19.999980926513673,251.85169982910157,-2633.550537109375,1,0,0,0,1,0,0,0,1]},{"pos":[19.999980926513673,251.85169982910157,-2633.550537109375,1,0,0,0,1,0,0,0,1]},{"pos":[19.999980926513673,251.85169982910157,-2633.550537109375,1,0,0,0,1,0,0,0,1]},{"pos":[19.999980926513673,251.85169982910157,-2633.550537109375,1,0,0,0,1,0,0,0,1]},{"pos":[19.999980926513673,251.85169982910157,-2633.550537109375,1,0,0,0,1,0,0,0,1]},{"pos":[19.999980926513673,251.85169982910157,-2633.550537109375,1,0,0,0,1,0,0,0,1]},{"pos":[19.999980926513673,251.85169982910157,-2633.550537109375,1,0,0,0,1,0,0,0,1]},{"pos":[19.999980926513673,251.85169982910157,-2633.550537109375,1,0,0,0,1,0,0,0,1]},{"pos":[19.999980926513673,251.85169982910157,-2633.550537109375,1,0,0,0,1,0,0,0,1]},{"pos":[19.999980926513673,251.85169982910157,-2633.550537109375,1,0,0,0,1,0,0,0,1]},{"pos":[19.999980926513673,251.85169982910157,-2633.550537109375,1,0,0,0,1,0,0,0,1]},{"pos":[19.999980926513673,251.85169982910157,-2633.550537109375,1,0,0,0,1,0,0,0,1]},{"pos":[19.999980926513673,251.85169982910157,-2633.550537109375,1,0,0,0,1,0,0,0,1]},{"pos":[19.999980926513673,251.85169982910157,-2633.550537109375,1,0,0,0,1,0,0,0,1]},{"pos":[19.999980926513673,251.85169982910157,-2633.550537109375,1,0,0,0,1,0,0,0,1]},{"pos":[19.999980926513673,251.85169982910157,-2633.550537109375,1,0,0,0,1,0,0,0,1]},{"pos":[19.999980926513673,251.85169982910157,-2633.550537109375,1,0,0,0,1,0,0,0,1]},{"pos":[19.999980926513673,251.85169982910157,-2633.550537109375,1,0,0,0,1,0,0,0,1]},{"pos":[19.999980926513673,251.85169982910157,-2633.550537109375,1,0,0,0,1,0,0,0,1]},{"pos":[19.999980926513673,251.85169982910157,-2633.550537109375,1,0,0,0,1,0,0,0,1]},{"pos":[19.999980926513673,251.85169982910157,-2633.550537109375,1,0,0,0,1,0,0,0,1]},{"pos":[19.999980926513673,251.85169982910157,-2633.550537109375,1,0,0,0,1,0,0,0,1]},{"pos":[19.999980926513673,251.85169982910157,-2633.550537109375,1,0,0,0,1,0,0,0,1]},{"pos":[19.999980926513673,251.85169982910157,-2633.550537109375,1,0,0,0,1,0,0,0,1]},{"pos":[19.999980926513673,251.85169982910157,-2633.550537109375,1,0,0,0,1,0,0,0,1]},{"pos":[19.999980926513673,251.85169982910157,-2633.550537109375,1,0,0,0,1,0,0,0,1]},{"pos":[19.999980926513673,251.85169982910157,-2633.550537109375,1,0,0,0,1,0,0,0,1]},{"pos":[19.999980926513673,251.85169982910157,-2633.550537109375,1,0,0,0,1,0,0,0,1]},{"pos":[19.999980926513673,251.85169982910157,-2633.550537109375,1,0,0,0,1,0,0,0,1]},{"pos":[19.999980926513673,251.85169982910157,-2633.550537109375,1,0,0,0,1,0,0,0,1]},{"pos":[19.999980926513673,251.85169982910157,-2633.550537109375,1,0,0,0,1,0,0,0,1]},{"pos":[19.999980926513673,251.85169982910157,-2633.550537109375,1,0,0,0,1,0,0,0,1]},{"pos":[19.999980926513673,251.85169982910157,-2633.550537109375,1,0,0,0,1,0,0,0,1]},{"pos":[19.999980926513673,251.85169982910157,-2633.550537109375,1,0,0,0,1,0,0,0,1]},{"pos":[19.999980926513673,251.85169982910157,-2633.550537109375,1,0,0,0,1,0,0,0,1]},{"pos":[19.999980926513673,251.85169982910157,-2633.550537109375,1,0,0,0,1,0,0,0,1]},{"pos":[19.999980926513673,251.85169982910157,-2633.550537109375,1,0,0,0,1,0,0,0,1]},{"pos":[19.999980926513673,251.85169982910157,-2633.550537109375,1,0,0,0,1,0,0,0,1]},{"pos":[19.999980926513673,251.85169982910157,-2633.550537109375,1,0,0,0,1,0,0,0,1]},{"pos":[19.999980926513673,251.85169982910157,-2633.550537109375,1,0,0,0,1,0,0,0,1]},{"pos":[19.999980926513673,251.85169982910157,-2633.550537109375,1,0,0,0,1,0,0,0,1]},{"pos":[19.999980926513673,251.85169982910157,-2633.550537109375,1,0,0,0,1,0,0,0,1]},{"pos":[19.999980926513673,251.85169982910157,-2633.550537109375,1,0,0,0,1,0,0,0,1]},{"pos":[19.999980926513673,251.85169982910157,-2633.550537109375,1,0,0,0,1,0,0,0,1]},{"pos":[19.999980926513673,251.85169982910157,-2633.550537109375,1,0,0,0,1,0,0,0,1]},{"pos":[19.999980926513673,251.85169982910157,-2633.550537109375,1,0,0,0,1,0,0,0,1]},{"pos":[19.999980926513673,251.85169982910157,-2633.550537109375,1,0,0,0,1,0,0,0,1]},{"pos":[19.999980926513673,251.85169982910157,-2633.550537109375,1,0,0,0,1,0,0,0,1]},{"pos":[19.999980926513673,251.85169982910157,-2633.550537109375,1,0,0,0,1,0,0,0,1]},{"pos":[19.999980926513673,251.85169982910157,-2633.550537109375,1,0,0,0,1,0,0,0,1]},{"pos":[19.999980926513673,251.85169982910157,-2633.550537109375,1,0,0,0,1,0,0,0,1]},{"pos":[19.999980926513673,251.85169982910157,-2633.550537109375,1,0,0,0,1,0,0,0,1]},{"pos":[19.999980926513673,251.85169982910157,-2633.550537109375,1,0,0,0,1,0,0,0,1]},{"pos":[19.999980926513673,251.85169982910157,-2633.550537109375,1,0,0,0,1,0,0,0,1]},{"pos":[19.999980926513673,251.85169982910157,-2633.550537109375,1,0,0,0,1,0,0,0,1]},{"pos":[19.999980926513673,251.85169982910157,-2633.550537109375,1,0,0,0,1,0,0,0,1]},{"pos":[19.999980926513673,251.85169982910157,-2633.550537109375,1,0,0,0,1,0,0,0,1]},{"pos":[19.999980926513673,251.85169982910157,-2633.550537109375,1,0,0,0,1,0,0,0,1]},{"pos":[19.999980926513673,251.85169982910157,-2633.550537109375,1,0,0,0,1,0,0,0,1]},{"pos":[19.999980926513673,251.85169982910157,-2633.550537109375,1,0,0,0,1,0,0,0,1]},{"pos":[19.999980926513673,251.85169982910157,-2633.550537109375,1,0,0,0,1,0,0,0,1]},{"pos":[19.999980926513673,251.85169982910157,-2633.550537109375,1,0,0,0,1,0,0,0,1]},{"pos":[19.999980926513673,251.85169982910157,-2633.550537109375,1,0,0,0,1,0,0,0,1]},{"pos":[19.999980926513673,251.85169982910157,-2633.550537109375,1,0,0,0,1,0,0,0,1]},{"pos":[19.999980926513673,251.85169982910157,-2633.550537109375,1,0,0,0,1,0,0,0,1]},{"pos":[19.999980926513673,251.85169982910157,-2633.550537109375,1,0,0,0,1,0,0,0,1]},{"pos":[19.999980926513673,251.85169982910157,-2633.550537109375,1,0,0,0,1,0,0,0,1]},{"pos":[19.999980926513673,251.85169982910157,-2633.550537109375,1,0,0,0,1,0,0,0,1]},{"pos":[19.999980926513673,251.85169982910157,-2633.550537109375,1,0,0,0,1,0,0,0,1]},{"pos":[19.999980926513673,251.85169982910157,-2633.550537109375,1,0,0,0,1,0,0,0,1]},{"pos":[19.999980926513673,251.85169982910157,-2633.550537109375,1,0,0,0,1,0,0,0,1]},{"pos":[19.999980926513673,251.85169982910157,-2633.550537109375,1,0,0,0,1,0,0,0,1]},{"pos":[19.999980926513673,251.85169982910157,-2633.550537109375,1,0,0,0,1,0,0,0,1]},{"pos":[19.999980926513673,251.85169982910157,-2633.550537109375,1,0,0,0,1,0,0,0,1]},{"pos":[19.999980926513673,251.85169982910157,-2633.550537109375,1,0,0,0,1,0,0,0,1]},{"pos":[19.999980926513673,251.85169982910157,-2633.550537109375,1,0,0,0,1,0,0,0,1]},{"pos":[19.999980926513673,251.85169982910157,-2633.550537109375,1,0,0,0,1,0,0,0,1]},{"pos":[19.999980926513673,251.85169982910157,-2633.550537109375,1,0,0,0,1,0,0,0,1]},{"pos":[19.999980926513673,251.85169982910157,-2633.550537109375,1,0,0,0,1,0,0,0,1]},{"pos":[19.999980926513673,251.85169982910157,-2633.550537109375,1,0,0,0,1,0,0,0,1]},{"pos":[19.999980926513673,251.85169982910157,-2633.550537109375,1,0,0,0,1,0,0,0,1]},{"pos":[19.999980926513673,251.85169982910157,-2633.550537109375,1,0,0,0,1,0,0,0,1]},{"pos":[19.999980926513673,251.85169982910157,-2633.550537109375,1,0,0,0,1,0,0,0,1]},{"pos":[19.999980926513673,251.85169982910157,-2633.550537109375,1,0,0,0,1,0,0,0,1]},{"pos":[19.999980926513673,251.85169982910157,-2633.550537109375,1,0,0,0,1,0,0,0,1]},{"pos":[19.999980926513673,251.85169982910157,-2633.550537109375,1,0,0,0,1,0,0,0,1]},{"pos":[19.999980926513673,251.85169982910157,-2633.550537109375,1,0,0,0,1,0,0,0,1]},{"pos":[19.999980926513673,251.85169982910157,-2633.550537109375,1,0,0,0,1,0,0,0,1]},{"pos":[19.999980926513673,251.85169982910157,-2633.550537109375,1,0,0,0,1,0,0,0,1]},{"pos":[19.999980926513673,251.85169982910157,-2633.550537109375,1,0,0,0,1,0,0,0,1]},{"pos":[19.999980926513673,251.85169982910157,-2633.550537109375,1,0,0,0,1,0,0,0,1]},{"pos":[19.999980926513673,251.85169982910157,-2633.550537109375,1,0,0,0,1,0,0,0,1]},{"pos":[19.999980926513673,251.85169982910157,-2633.550537109375,1,0,0,0,1,0,0,0,1]},{"pos":[19.999980926513673,251.85169982910157,-2633.550537109375,1,0,0,0,1,0,0,0,1]},{"pos":[19.999980926513673,251.85169982910157,-2633.550537109375,1,0,0,0,1,0,0,0,1]},{"pos":[19.999980926513673,251.85169982910157,-2633.550537109375,1,0,0,0,1,0,0,0,1]},{"pos":[19.999980926513673,251.85169982910157,-2633.550537109375,1,0,0,0,1,0,0,0,1]},{"pos":[19.999980926513673,251.85169982910157,-2633.550537109375,1,0,0,0,1,0,0,0,1]},{"pos":[19.999980926513673,251.85169982910157,-2633.550537109375,1,0,0,0,1,0,0,0,1]},{"pos":[19.999980926513673,251.85169982910157,-2633.550537109375,1,0,0,0,1,0,0,0,1]},{"pos":[19.999980926513673,251.85169982910157,-2633.550537109375,1,0,0,0,1,0,0,0,1]},{"pos":[19.999980926513673,251.85169982910157,-2633.550537109375,1,0,0,0,1,0,0,0,1]},{"pos":[19.999980926513673,251.85169982910157,-2633.550537109375,1,0,0,0,1,0,0,0,1]},{"pos":[19.999980926513673,251.85169982910157,-2633.550537109375,1,0,0,0,1,0,0,0,1]},{"pos":[19.999980926513673,251.85169982910157,-2633.550537109375,1,0,0,0,1,0,0,0,1]},{"pos":[19.999980926513673,251.85169982910157,-2633.550537109375,1,0,0,0,1,0,0,0,1]},{"pos":[19.999980926513673,251.85169982910157,-2633.550537109375,1,0,0,0,1,0,0,0,1]},{"pos":[19.999980926513673,251.85169982910157,-2633.550537109375,1,0,0,0,1,0,0,0,1]},{"pos":[19.999980926513673,251.85169982910157,-2633.550537109375,1,0,0,0,1,0,0,0,1]},{"pos":[19.999980926513673,251.85169982910157,-2633.550537109375,1,0,0,0,1,0,0,0,1]},{"pos":[19.999980926513673,251.85169982910157,-2633.550537109375,1,0,0,0,1,0,0,0,1]},{"pos":[19.999980926513673,251.85169982910157,-2633.550537109375,1,0,0,0,1,0,0,0,1]},{"pos":[19.999980926513673,251.85169982910157,-2633.550537109375,1,0,0,0,1,0,0,0,1]},{"pos":[19.999980926513673,251.85169982910157,-2633.550537109375,1,0,0,0,1,0,0,0,1]},{"pos":[19.999980926513673,251.85169982910157,-2633.550537109375,1,0,0,0,1,0,0,0,1]},{"pos":[19.999980926513673,251.85169982910157,-2633.550537109375,1,0,0,0,1,0,0,0,1]},{"pos":[19.999980926513673,251.85169982910157,-2633.550537109375,1,0,0,0,1,0,0,0,1]},{"pos":[19.999980926513673,251.85169982910157,-2633.550537109375,1,0,0,0,1,0,0,0,1]},{"pos":[19.999980926513673,251.85169982910157,-2633.550537109375,1,0,0,0,1,0,0,0,1]},{"pos":[19.999980926513673,251.85169982910157,-2633.550537109375,1,0,0,0,1,0,0,0,1]},{"pos":[19.999980926513673,251.85169982910157,-2633.550537109375,1,0,0,0,1,0,0,0,1]},{"pos":[19.999980926513673,251.85169982910157,-2633.550537109375,1,0,0,0,1,0,0,0,1]},{"pos":[19.999980926513673,251.85169982910157,-2633.550537109375,1,0,0,0,1,0,0,0,1]},{"pos":[19.999980926513673,251.85169982910157,-2633.550537109375,1,0,0,0,1,0,0,0,1]},{"pos":[19.999980926513673,251.85169982910157,-2633.550537109375,1,0,0,0,1,0,0,0,1]},{"pos":[19.999980926513673,251.85169982910157,-2633.550537109375,1,0,0,0,1,0,0,0,1]},{"pos":[19.999980926513673,251.85169982910157,-2633.550537109375,1,0,0,0,1,0,0,0,1]},{"pos":[19.999980926513673,251.85169982910157,-2633.550537109375,1,0,0,0,1,0,0,0,1]},{"pos":[19.999980926513673,251.85169982910157,-2633.550537109375,1,0,0,0,1,0,0,0,1]},{"pos":[19.999980926513673,251.85169982910157,-2633.550537109375,1,0,0,0,1,0,0,0,1]},{"pos":[19.999980926513673,251.85169982910157,-2633.550537109375,1,0,0,0,1,0,0,0,1]},{"pos":[19.999980926513673,251.85169982910157,-2633.550537109375,1,0,0,0,1,0,0,0,1]},{"pos":[19.999980926513673,251.85169982910157,-2633.550537109375,1,0,0,0,1,0,0,0,1]},{"pos":[19.999980926513673,251.85169982910157,-2633.550537109375,1,0,0,0,1,0,0,0,1]},{"pos":[19.999980926513673,251.85169982910157,-2633.550537109375,1,0,0,0,1,0,0,0,1]},{"pos":[19.999980926513673,251.85169982910157,-2633.550537109375,1,0,0,0,1,0,0,0,1]},{"pos":[19.999980926513673,251.85169982910157,-2633.550537109375,1,0,0,0,1,0,0,0,1]},{"pos":[19.999980926513673,251.85169982910157,-2633.550537109375,1,0,0,0,1,0,0,0,1]},{"pos":[19.999980926513673,251.85169982910157,-2633.550537109375,1,0,0,0,1,0,0,0,1]},{"pos":[19.999980926513673,251.85169982910157,-2633.550537109375,1,0,0,0,1,0,0,0,1]},{"pos":[19.999980926513673,251.85169982910157,-2633.550537109375,1,0,0,0,1,0,0,0,1]},{"pos":[19.999980926513673,251.85169982910157,-2633.550537109375,1,0,0,0,1,0,0,0,1]},{"pos":[19.999980926513673,251.85169982910157,-2633.550537109375,1,0,0,0,1,0,0,0,1]},{"pos":[19.999980926513673,251.85169982910157,-2633.550537109375,1,0,0,0,1,0,0,0,1]},{"pos":[19.999980926513673,251.85169982910157,-2633.550537109375,1,0,0,0,1,0,0,0,1]},{"pos":[19.999980926513673,251.85169982910157,-2633.550537109375,1,0,0,0,1,0,0,0,1]},{"pos":[19.999980926513673,251.85169982910157,-2633.550537109375,1,0,0,0,1,0,0,0,1]},{"pos":[19.999980926513673,251.85169982910157,-2633.550537109375,1,0,0,0,1,0,0,0,1]},{"pos":[19.999980926513673,251.85169982910157,-2633.550537109375,1,0,0,0,1,0,0,0,1]},{"pos":[19.999980926513673,251.85169982910157,-2633.550537109375,1,0,0,0,1,0,0,0,1]},{"pos":[19.999980926513673,251.85169982910157,-2633.550537109375,1,0,0,0,1,0,0,0,1]},{"pos":[19.999980926513673,251.85169982910157,-2633.550537109375,1,0,0,0,1,0,0,0,1]},{"pos":[19.999980926513673,251.85169982910157,-2633.550537109375,1,0,0,0,1,0,0,0,1]},{"pos":[19.999980926513673,251.85169982910157,-2633.550537109375,1,0,0,0,1,0,0,0,1]},{"pos":[19.999980926513673,251.85169982910157,-2633.550537109375,1,0,0,0,1,0,0,0,1]},{"pos":[19.999980926513673,251.85169982910157,-2633.550537109375,1,0,0,0,1,0,0,0,1]},{"pos":[19.999980926513673,251.85169982910157,-2633.550537109375,1,0,0,0,1,0,0,0,1]},{"pos":[19.999980926513673,251.85169982910157,-2633.550537109375,1,0,0,0,1,0,0,0,1]},{"pos":[19.999980926513673,251.85169982910157,-2633.550537109375,1,0,0,0,1,0,0,0,1]},{"pos":[19.999980926513673,251.85169982910157,-2633.550537109375,1,0,0,0,1,0,0,0,1]},{"pos":[19.999980926513673,251.85169982910157,-2633.550537109375,1,0,0,0,1,0,0,0,1]},{"pos":[19.999980926513673,251.85169982910157,-2633.550537109375,1,0,0,0,1,0,0,0,1]},{"pos":[19.999980926513673,251.85169982910157,-2633.550537109375,1,0,0,0,1,0,0,0,1]},{"pos":[19.999980926513673,251.85169982910157,-2633.550537109375,1,0,0,0,1,0,0,0,1]},{"pos":[19.999980926513673,251.85169982910157,-2633.550537109375,1,0,0,0,1,0,0,0,1]},{"pos":[19.999980926513673,251.85169982910157,-2633.550537109375,1,0,0,0,1,0,0,0,1]},{"pos":[19.999980926513673,251.85169982910157,-2633.550537109375,1,0,0,0,1,0,0,0,1]},{"pos":[19.999980926513673,251.85169982910157,-2633.550537109375,1,0,0,0,1,0,0,0,1]},{"pos":[19.999980926513673,251.85169982910157,-2633.550537109375,1,0,0,0,1,0,0,0,1]},{"pos":[19.999980926513673,251.85169982910157,-2633.550537109375,1,0,0,0,1,0,0,0,1]},{"pos":[19.999980926513673,251.85169982910157,-2633.550537109375,1,0,0,0,1,0,0,0,1]},{"pos":[19.999980926513673,251.85169982910157,-2633.550537109375,1,0,0,0,1,0,0,0,1]},{"pos":[19.999980926513673,251.85169982910157,-2633.550537109375,1,0,0,0,1,0,0,0,1]},{"pos":[19.999980926513673,251.85169982910157,-2633.550537109375,1,0,0,0,1,0,0,0,1]},{"pos":[19.999980926513673,251.85169982910157,-2633.550537109375,1,0,0,0,1,0,0,0,1]},{"pos":[19.999980926513673,251.85169982910157,-2633.550537109375,1,0,0,0,1,0,0,0,1]},{"pos":[19.999980926513673,251.85169982910157,-2633.550537109375,1,0,0,0,1,0,0,0,1]},{"pos":[19.999980926513673,251.85169982910157,-2633.550537109375,1,0,0,0,1,0,0,0,1]},{"pos":[19.999980926513673,251.85169982910157,-2633.550537109375,1,0,0,0,1,0,0,0,1]},{"pos":[19.999980926513673,251.85169982910157,-2633.550537109375,1,0,0,0,1,0,0,0,1]},{"pos":[19.999980926513673,251.85169982910157,-2633.550537109375,1,0,0,0,1,0,0,0,1]},{"pos":[19.999980926513673,251.85169982910157,-2633.550537109375,1,0,0,0,1,0,0,0,1]},{"pos":[19.999980926513673,251.85169982910157,-2633.550537109375,1,0,0,0,1,0,0,0,1]},{"pos":[19.999980926513673,251.85169982910157,-2633.550537109375,1,0,0,0,1,0,0,0,1]},{"pos":[19.999980926513673,251.85169982910157,-2633.550537109375,1,0,0,0,1,0,0,0,1]},{"pos":[19.999980926513673,251.85169982910157,-2633.550537109375,1,0,0,0,1,0,0,0,1]},{"pos":[19.999980926513673,251.85169982910157,-2633.550537109375,1,0,0,0,1,0,0,0,1]},{"pos":[19.999980926513673,251.85169982910157,-2633.550537109375,1,0,0,0,1,0,0,0,1]},{"pos":[19.999980926513673,251.85169982910157,-2633.550537109375,1,0,0,0,1,0,0,0,1]},{"pos":[19.999980926513673,251.85169982910157,-2633.550537109375,1,0,0,0,1,0,0,0,1]},{"pos":[19.999980926513673,251.85169982910157,-2633.550537109375,1,0,0,0,1,0,0,0,1]},{"pos":[19.999980926513673,251.85169982910157,-2633.550537109375,1,0,0,0,1,0,0,0,1]},{"pos":[19.999980926513673,251.85169982910157,-2633.550537109375,1,0,0,0,1,0,0,0,1]},{"pos":[19.999980926513673,251.85169982910157,-2633.550537109375,1,0,0,0,1,0,0,0,1]},{"pos":[19.999980926513673,251.85169982910157,-2633.550537109375,1,0,0,0,1,0,0,0,1]},{"pos":[19.999980926513673,251.85169982910157,-2633.550537109375,1,0,0,0,1,0,0,0,1]},{"pos":[19.999980926513673,251.85169982910157,-2633.550537109375,1,0,0,0,1,0,0,0,1]},{"pos":[19.999980926513673,251.85169982910157,-2633.550537109375,1,0,0,0,1,0,0,0,1]},{"pos":[19.999980926513673,251.85169982910157,-2633.550537109375,1,0,0,0,1,0,0,0,1]},{"pos":[19.999980926513673,251.85169982910157,-2633.550537109375,1,0,0,0,1,0,0,0,1]},{"pos":[19.999980926513673,251.85169982910157,-2633.550537109375,1,0,0,0,1,0,0,0,1]},{"pos":[19.999980926513673,251.85169982910157,-2633.550537109375,1,0,0,0,1,0,0,0,1]},{"pos":[19.999980926513673,251.85169982910157,-2633.550537109375,1,0,0,0,1,0,0,0,1]},{"pos":[19.90823745727539,251.85169982910157,-2633.5634765625,0.964580237865448,-1.7406824426302593e-8,0.2637895941734314,-1.1789691889418919e-8,1,1.0909804615266694e-7,-0.2637895941734314,-1.0834381924951231e-7,0.964580237865448]},{"pos":[19.710468292236329,251.85169982910157,-2633.57275390625,0.9058136343955994,-3.9048558164722638e-8,0.42367634177207949,-2.539607102391983e-8,1,1.4646242618709949e-7,-0.42367634177207949,-1.4342737131300965e-7,0.9058136343955994]},{"pos":[19.18033218383789,251.85169982910157,-2633.5810546875,0.7401262521743774,-7.170737603701127e-8,0.6724679470062256,-1.7251291950515225e-8,1,1.2562013296246733e-7,-0.6724679470062256,-1.0457570454036613e-7,0.7401262521743774]},{"pos":[18.780330657958986,251.85169982910157,-2633.58349609375,0.61622154712677,-9.930709410355121e-8,0.7875728607177734,-6.999143487007586e-9,1,1.3156893885479804e-7,-0.7875728607177734,-8.658795280780396e-8,0.61622154712677]},{"pos":[18.380355834960939,251.85169982910157,-2633.57861328125,0.5026417970657349,-8.66269260768604e-8,0.8644947409629822,2.228787376878927e-9,1,9.890938201806421e-8,-0.8644947409629822,-4.7789217916260898e-8,0.5026417970657349]},{"pos":[18.11374282836914,251.85169982910157,-2633.5732421875,0.43673545122146609,-1.1365171559418741e-7,0.899590015411377,1.017125583757661e-8,1,1.2139926752752218e-7,-0.899590015411377,-4.386940233302994e-8,0.43673545122146609]},{"pos":[17.847177505493165,251.85169982910157,-2633.56591796875,0.3774508833885193,-8.963411346485373e-8,0.926029622554779,7.83658826719602e-9,1,9.359980168710536e-8,-0.926029622554779,-2.807241727964538e-8,0.3774508833885193]},{"pos":[17.447345733642579,251.85169982910157,-2633.55419921875,0.29828837513923647,-8.203404888718069e-8,0.9544758200645447,7.899397580501955e-9,1,8.347802094021972e-8,-0.9544758200645447,-1.736073862446119e-8,0.29828837513923647]},{"pos":[17.047582626342775,251.85169982910157,-2633.540283203125,0.2322174459695816,-1.0053056342940181e-7,0.9726638793945313,8.896614112074986e-9,1,1.0123189753130646e-7,-0.9726638793945313,-1.4854396823693606e-8,0.2322174459695816]},{"pos":[16.781078338623048,251.85169982910157,-2633.531005859375,0.19626812636852265,-1.230432360443956e-7,0.9805502891540527,9.351527552325934e-9,1,1.23612053926081e-7,-0.9805502891540527,-1.5091462302052606e-8,0.19626812636852265]},{"pos":[15.981622695922852,251.85169982910157,-2633.501708984375,0.10313662886619568,-8.405867113481236e-9,0.9946671724319458,-8.013477659218893e-10,1,8.534025042195026e-9,-0.9946671724319458,-1.677244898523611e-9,0.10313662886619568]},{"pos":[15.71506404876709,251.85169982910157,-2633.494140625,0.0844198539853096,2.2282886646962653e-8,0.9964302778244019,-1.5846214340697884e-9,1,-2.2228462626117108e-8,-0.9964302778244019,2.975507062963345e-10,0.0844198539853096]},{"pos":[15.31528091430664,251.85169982910157,-2633.48095703125,0.06073601171374321,6.582711620239934e-8,0.9981538653373718,-1.6540148140009592e-9,1,-6.584821932165141e-8,-0.9981538653373718,2.3483919253664e-9,0.06073601171374321]},{"pos":[15.048761367797852,251.85169982910157,-2633.47216796875,0.04792310297489166,9.359337838077409e-8,0.9988510012626648,-1.2439208552095238e-9,1,-9.364136133171996e-8,-0.9988510012626648,3.2450901965574987e-9,0.04792310297489166]},{"pos":[14.782241821289063,251.85169982910157,-2633.46337890625,0.03694454953074455,1.2068555577116059e-7,0.9993172883987427,-5.951902859457903e-10,1,-1.2074599453626434e-7,-0.9993172883987427,3.866120756867986e-9,0.03694454953074455]},{"pos":[14.382462501525879,251.85169982910157,-2633.4501953125,0.022775916382670404,5.5672696674946567e-8,0.9997406005859375,5.337578157238454e-10,1,-5.569929939497342e-8,-0.9997406005859375,1.802223703606387e-9,0.022775916382670404]},{"pos":[14.270364761352539,251.85169982910157,-2633.446533203125,0.021869108080863954,1.205628219480559e-8,0.9997608661651611,4.429355771051746e-10,1,-1.2068855248514865e-8,-0.9997608661651611,7.067647578296032e-10,0.021869108080863954]},{"pos":[14.26541805267334,251.85169982910157,-2633.4462890625,0.021843453869223596,-5.330128516334298e-8,0.9997614026069641,2.5180593721252367e-10,1,5.3308504277538307e-8,-0.9997614026069641,-9.126959743532836e-10,0.021843453869223596]},{"pos":[14.26540470123291,251.85169982910157,-2633.4462890625,0.021843336522579194,-1.1857510884283329e-7,0.9997614026069641,6.101904398425617e-11,1,1.1860207393965539e-7,-0.9997614026069641,-2.5296604810876035e-9,0.021843336522579194]},{"pos":[14.26540470123291,251.85169982910157,-2633.4462890625,0.021843336522579194,-7.016700465101167e-8,0.9997614026069641,-9.45660633133727e-11,1,7.018581271722724e-8,-0.9997614026069641,-1.627635803913563e-9,0.021843336522579194]},{"pos":[14.26540470123291,251.85169982910157,-2633.4462890625,0.021843336522579194,-5.7193476621364429e-9,0.9997614026069641,-3.017024130524959e-10,1,5.727304408509326e-9,-0.9997614026069641,-4.267338704622148e-10,0.021843336522579194]},{"pos":[14.26540470123291,251.85169982910157,-2633.4462890625,0.021843336522579194,2.6463181868052744e-8,0.9997614026069641,-4.051377289204794e-10,1,-2.646064523048608e-8,-0.9997614026069641,1.729477117073941e-10,0.021843336522579194]},{"pos":[14.26540470123291,251.85169982910157,-2633.4462890625,0.021843336522579194,5.8618208953475917e-8,0.9997614026069641,-5.084845322578246e-10,1,-5.862108665155574e-8,-0.9997614026069641,7.721169259511385e-10,0.021843336522579194]},{"pos":[14.26540470123291,251.85169982910157,-2633.4462890625,0.021843336522579194,1.0679923434508965e-7,0.9997614026069641,-6.633391058663563e-10,1,-1.0681023354663921e-7,-0.9997614026069641,1.6699109872675422e-9,0.021843336522579194]},{"pos":[14.26540470123291,251.85169982910157,-2633.4462890625,0.021843336522579194,6.135802976814375e-8,0.9997614026069641,-2.839948276545101e-10,1,-6.136646391041723e-8,-0.9997614026069641,1.0565213148794328e-9,0.021843336522579194]},{"pos":[14.26540470123291,251.85169982910157,-2633.4462890625,0.021843336522579194,-2.0503165387708578e-8,0.9997614026069641,2.8970356669155708e-10,1,2.0501728315025504e-8,-0.9997614026069641,-1.5819170973152553e-10,0.021843336522579194]},{"pos":[14.26540470123291,251.85169982910157,-2633.4462890625,0.021843336522579194,-1.0472261635641189e-7,0.9997614026069641,8.444391297324216e-10,1,1.0472916045500824e-7,-0.9997614026069641,-1.44339662444537e-9,0.021843336522579194]},{"pos":[14.26540470123291,251.85169982910157,-2633.4462890625,0.021843336522579194,-3.3157537160377618e-8,0.9997614026069641,2.0109211518182236e-10,1,3.3161057899633309e-8,-0.9997614026069641,-5.233040112351262e-10,0.021843336522579194]},{"pos":[14.26540470123291,251.85169982910157,-2633.4462890625,0.021843336522579194,2.0436029757320285e-8,0.9997614026069641,-2.8069666035968057e-10,1,-2.0434773873034829e-8,-0.9997614026069641,1.657339543381653e-10,0.021843336522579194]},{"pos":[14.26540470123291,251.85169982910157,-2633.4462890625,0.021843336522579194,7.396091206146593e-8,0.9997614026069641,-7.618678465881601e-10,1,-7.396192103215071e-8,-0.9997614026069641,8.538890150511236e-10,0.021843336522579194]},{"pos":[14.26540470123291,251.85169982910157,-2633.4462890625,0.021843336522579194,9.178729243330963e-8,0.9997614026069641,-9.221211016985365e-10,1,-9.178905457929432e-8,-0.9997614026069641,1.0830780716730715e-9,0.021843336522579194]},{"pos":[14.26540470123291,251.85169982910157,-2633.4462890625,0.021843336522579194,1.0682996531841127e-7,0.9997614026069641,-1.0337772859969619e-9,1,-1.0683287143820053e-7,-0.9997614026069641,1.300055729736016e-9,0.021843336522579194]},{"pos":[14.26540470123291,251.85169982910157,-2633.4462890625,0.021843336522579194,6.568186705635526e-8,0.9997614026069641,-6.167549804203532e-10,1,-6.568406973883612e-8,-0.9997614026069641,8.181514354888009e-10,0.021843336522579194]},{"pos":[14.26540470123291,251.85169982910157,-2633.4462890625,0.021843336522579194,4.025641597849017e-9,0.9997614026069641,8.110396035321266e-12,1,-4.026779354404653e-9,-0.9997614026069641,9.606676565354633e-11,0.021843336522579194]},{"pos":[14.26540470123291,251.85169982910157,-2633.4462890625,0.021843336522579194,-7.805976309782636e-8,0.9997614026069641,8.40018166137213e-10,1,7.806003310406595e-8,-0.9997614026069641,-8.652738525682935e-10,0.021843336522579194]},{"pos":[14.26540470123291,251.85169982910157,-2633.4462890625,0.021843336522579194,-1.0205825873299546e-7,0.9997614026069641,1.0713470111056723e-9,1,1.0205920375483402e-7,-0.9997614026069641,-1.1582221848271957e-9,0.021843336522579194]},{"pos":[14.26540470123291,251.85169982910157,-2633.4462890625,0.021843336522579194,-6.809683128494726e-8,0.9997614026069641,7.033996163308132e-10,1,6.80977123579396e-8,-0.9997614026069641,-7.842495541865446e-10,0.021843336522579194]},{"pos":[14.26540470123291,251.85169982910157,-2633.4462890625,0.021843336522579194,-3.416442950765486e-8,0.9997614026069641,3.357666922276792e-10,1,3.416524663180098e-8,-0.9997614026069641,-4.105963902212295e-10,0.021843336522579194]},{"pos":[14.26540470123291,251.85169982910157,-2633.4462890625,0.021843336522579194,1.6679807757213895e-8,0.9997614026069641,-2.150934846900654e-10,1,-1.6679088332693938e-8,-0.9997614026069641,1.4928479286080432e-10,0.021843336522579194]},{"pos":[14.26540470123291,251.85169982910157,-2633.4462890625,0.021843336522579194,5.053976082081135e-8,0.9997614026069641,-5.81941217436821e-10,1,-5.053910712149445e-8,-0.9997614026069641,5.221403309718653e-10,0.021843336522579194]},{"pos":[14.26540470123291,251.85169982910157,-2633.4462890625,0.021843336522579194,1.012754466955812e-7,0.9997614026069641,-1.1316250159154607e-9,1,-1.012748924722473e-7,-0.9997614026069641,1.0808265393791317e-9,0.021843336522579194]},{"pos":[14.26540470123291,251.85169982910157,-2633.4462890625,0.021843336522579194,9.929993183277475e-8,0.9997614026069641,-1.1018654877403833e-9,1,-9.929955524512479e-8,-0.9997614026069641,1.0674310324532144e-9,0.021843336522579194]},{"pos":[14.26540470123291,251.85169982910157,-2633.4462890625,0.021843336522579194,4.2729432436772188e-8,0.9997614026069641,-4.6391854247040955e-10,1,-4.2729492832904728e-8,-0.9997614026069641,4.695468458493224e-10,0.021843336522579194]},{"pos":[14.26540470123291,251.85169982910157,-2633.4462890625,0.021843336522579194,5.0560426956280939e-9,0.9997614026069641,-3.9074975893838018e-11,1,-5.056395746549924e-9,-0.9997614026069641,7.138289959129907e-11,0.021843336522579194]},{"pos":[14.26540470123291,251.85169982910157,-2633.4462890625,0.021843336522579194,-5.139368752793416e-8,0.9997614026069641,5.975094308219298e-10,1,5.139289527278379e-8,-0.9997614026069641,-5.252254742238449e-10,0.021843336522579194]},{"pos":[14.26540470123291,251.85169982910157,-2633.4462890625,0.021843336522579194,-1.2654747649776255e-7,0.9997614026069641,1.4450194374404646e-9,1,1.2654611225570989e-7,-0.9997614026069641,-1.3195146086886212e-9,0.021843336522579194]},{"pos":[14.26540470123291,251.85169982910157,-2633.4462890625,0.021843336522579194,-8.692955333344799e-8,0.9997614026069641,9.895275709936869e-10,1,8.6928679365883e-8,-0.9997614026069641,-9.095209585474606e-10,0.021843336522579194]},{"pos":[14.26540470123291,251.85169982910157,-2633.4462890625,0.021843336522579194,-2.7566132487777396e-8,0.9997614026069641,3.0701979847336249e-10,1,2.756600281372812e-8,-0.9997614026069641,-2.951869304546051e-10,0.021843336522579194]},{"pos":[14.26540470123291,251.85169982910157,-2633.4462890625,0.021843336522579194,-7.795236456331623e-9,0.9997614026069641,7.971170251641624e-11,1,7.795354584061443e-9,-0.9997614026069641,-9.058387373528376e-11,0.021843336522579194]},{"pos":[14.26540470123291,251.85169982910157,-2633.4462890625,0.021843336522579194,5.1466773953734449e-8,0.9997614026069641,-6.016298015332211e-10,1,-5.1465914197024179e-8,-0.9997614026069641,5.22700993599301e-10,0.021843336522579194]},{"pos":[14.26540470123291,251.85169982910157,-2633.4462890625,0.021843336522579194,9.09325805764638e-8,0.9997614026069641,-1.0553721230266433e-9,1,-9.09312234398385e-8,-0.9997614026069641,9.311210136253578e-10,0.021843336522579194]},{"pos":[14.26540470123291,251.85169982910157,-2633.4462890625,0.021843336522579194,4.9093348053474986e-8,0.9997614026069641,-5.647123879626292e-10,1,-4.9092722775867517e-8,-0.9997614026069641,5.077712694756542e-10,0.021843336522579194]},{"pos":[14.26540470123291,251.85169982910157,-2633.4462890625,0.021843336522579194,1.8353052411157479e-8,0.9997614026069641,-2.0647954179775497e-10,1,-1.8352920960751363e-8,-0.9997614026069641,1.9445874077650417e-10,0.021843336522579194]},{"pos":[14.26540470123291,251.85169982910157,-2633.4462890625,0.021843336522579194,-2.770814155894641e-8,0.9997614026069641,3.302956241846289e-10,1,2.7707537597621014e-8,-0.9997614026069641,-2.7500826615955989e-10,0.021843336522579194]},{"pos":[14.26540470123291,251.85169982910157,-2633.4462890625,0.021843336522579194,-7.371030363856335e-8,0.9997614026069641,8.663825767918354e-10,1,7.370896781822012e-8,-0.9997614026069641,-7.438739069165479e-10,0.021843336522579194]},{"pos":[14.26540470123291,251.85169982910157,-2633.4462890625,0.021843336522579194,-8.903125348069807e-8,0.9997614026069641,1.0449254794764329e-9,1,8.902967607582468e-8,-0.9997614026069641,-9.000289402649742e-10,0.021843336522579194]},{"pos":[14.26540470123291,251.85169982910157,-2633.4462890625,0.021843336522579194,-1.1965352086917847e-7,0.9997614026069641,1.4017823568579502e-9,1,1.1965144608439005e-7,-0.9997614026069641,-1.2121389447727893e-9,0.021843336522579194]},{"pos":[14.26540470123291,251.85169982910157,-2633.4462890625,0.021843336522579194,-5.920111334489775e-8,0.9997614026069641,6.919070316691034e-10,1,5.9200122137781366e-8,-0.9997614026069641,-6.013862741127696e-10,0.021843336522579194]},{"pos":[14.26540470123291,251.85169982910157,-2633.4462890625,0.021843336522579194,-1.8942552415524007e-8,0.9997614026069641,2.1916243819752879e-10,1,1.8942284185641257e-8,-0.9997614026069641,-1.9465253020545249e-10,0.021843336522579194]},{"pos":[14.26540470123291,251.85169982910157,-2633.4462890625,0.021843336522579194,6.147138975620692e-8,0.9997614026069641,-7.251148570475152e-10,1,-6.147021736069292e-8,-0.9997614026069641,6.177728328893295e-10,0.021843336522579194]},{"pos":[14.26540470123291,251.85169982910157,-2633.4462890625,0.021843336522579194,1.216916984958516e-7,0.9997614026069641,-1.4322638630659413e-9,1,-1.2168943896995189e-7,-0.9997614026069641,1.2261813786551557e-9,0.021843336522579194]},{"pos":[14.26540470123291,251.85169982910157,-2633.4462890625,0.021843336522579194,6.806884300658567e-8,0.9997614026069641,-8.002001283813343e-10,1,-6.806760666222545e-8,-0.9997614026069641,6.868143831439966e-10,0.021843336522579194]},{"pos":[14.26540470123291,251.85169982910157,-2633.4462890625,0.021843336522579194,3.2358460799741809e-8,0.9997614026069641,-3.792744729391728e-10,1,-3.2357899470980558e-8,-0.9997614026069641,3.2762048629564335e-10,0.021843336522579194]},{"pos":[14.26540470123291,251.85169982910157,-2633.4462890625,0.021843336522579194,-3.8970782156866338e-8,0.9997614026069641,4.6149781218751686e-10,1,3.896999700714332e-8,-0.9997614026069641,-3.8984707129152698e-10,0.021843336522579194]},{"pos":[14.26540470123291,251.85169982910157,-2633.4462890625,0.021843336522579194,-7.458969975004948e-8,0.9997614026069641,8.813450524947086e-10,1,7.458824313744117e-8,-0.9997614026069641,-7.481212871418563e-10,0.021843336522579194]},{"pos":[14.26540470123291,251.85169982910157,-2633.4462890625,0.021843336522579194,-1.0722508392291275e-7,0.9997614026069641,1.2655042569420517e-9,1,1.0722302334897904e-7,-0.9997614026069641,-1.0769063418791803e-9,0.021843336522579194]},{"pos":[14.26540470123291,251.85169982910157,-2633.4462890625,0.021843336522579194,-6.577982247790715e-8,0.9997614026069641,7.759405340479475e-10,1,6.577856481726485e-8,-0.9997614026069641,-6.61068033647183e-10,0.021843336522579194]},{"pos":[14.26540470123291,251.85169982910157,-2633.4462890625,0.021843336522579194,-3.6783287526986898e-9,0.9997614026069641,4.237950962382442e-11,1,3.678280569019421e-9,-0.9997614026069641,-3.797652470272084e-11,0.021843336522579194]},{"pos":[14.26540470123291,251.85169982910157,-2633.4462890625,0.021843336522579194,3.7678447029065867e-8,0.9997614026069641,-4.461386260423694e-10,1,-3.767769030105228e-8,-0.9997614026069641,3.769742851211788e-10,0.021843336522579194]},{"pos":[14.26540470123291,251.85169982910157,-2633.4462890625,0.021843336522579194,9.964735170342465e-8,0.9997614026069641,-1.1781329245508232e-9,1,-9.964539060547395e-8,-0.9997614026069641,9.987359828045328e-10,0.021843336522579194]},{"pos":[14.26540470123291,251.85169982910157,-2633.4462890625,0.021843336522579194,1.0308021103355714e-7,0.9997614026069641,-1.2184226960698652e-9,1,-1.0307819309218758e-7,-0.9997614026069641,1.0334396671751734e-9,0.021843336522579194]},{"pos":[14.26540470123291,251.85169982910157,-2633.4462890625,0.021843336522579194,6.869068158721348e-8,0.9997614026069641,-8.116839422811495e-10,1,-6.868933866144289e-8,-0.9997614026069641,6.889141479504701e-10,0.021843336522579194]},{"pos":[14.26540470123291,251.85169982910157,-2633.4462890625,0.021843336522579194,1.7161477572358309e-8,0.9997614026069641,-2.0222749863574308e-10,1,-1.7161156051770378e-8,-0.9997614026069641,1.7267764995665403e-10,0.021843336522579194]},{"pos":[14.26540470123291,251.85169982910157,-2633.4462890625,0.021843336522579194,-1.715463149309926e-8,0.9997614026069641,2.0364271380302058e-10,1,1.715427622173138e-8,-0.9997614026069641,-1.711125130476887e-10,0.021843336522579194]},{"pos":[14.26540470123291,251.85169982910157,-2633.4462890625,0.021843336522579194,-6.857382572889037e-8,0.9997614026069641,8.117976846300223e-10,1,6.857245438141035e-8,-0.9997614026069641,-6.862471702007156e-10,0.021843336522579194]},{"pos":[14.26540470123291,251.85169982910157,-2633.4462890625,0.021843336522579194,-1.1992712245501026e-7,0.9997614026069641,1.419173001337981e-9,1,1.199247350314181e-7,-0.9997614026069641,-1.2007219662990565e-9,0.021843336522579194]},{"pos":[14.26540470123291,251.85169982910157,-2633.4462890625,0.021843336522579194,-8.158497166732559e-8,0.9997614026069641,9.653218224769944e-10,1,8.158335162988806e-8,-0.9997614026069641,-8.169610543617978e-10,0.021843336522579194]},{"pos":[14.26540470123291,251.85169982910157,-2633.4462890625,0.021843336522579194,1.4127124359220034e-8,0.9997614026069641,-1.6760948184924019e-10,1,-1.4126833924876792e-8,-0.9997614026069641,1.4100769163416516e-10,0.021843336522579194]},{"pos":[14.26540470123291,251.85169982910157,-2633.4462890625,0.021843336522579194,5.235471789433177e-8,0.9997614026069641,-6.201041902187399e-10,1,-5.2353666291082848e-8,-0.9997614026069641,5.236224787097399e-10,0.021843336522579194]},{"pos":[14.26540470123291,251.85169982910157,-2633.4462890625,0.021843336522579194,9.054964777988062e-8,0.9997614026069641,-1.0722120968864602e-9,1,-9.054782879047707e-8,-0.9997614026069641,9.059105132713796e-10,0.021843336522579194]},{"pos":[14.26540470123291,251.85169982910157,-2633.4462890625,0.021843336522