{"data":[{"type":"position","time":0.0024726390838623049,"pos":[-3238.73486328125,387.6290588378906,-967.8977661132813,-0.5619227886199951,-9.973739878432753e-8,-0.8271896839141846,-7.181738226336165e-8,1,-7.178712735367299e-8,0.8271896839141846,1.9067776690917527e-8,-0.5619227886199951]},{"type":"position","time":0.018748998641967775,"pos":[-3238.73486328125,387.6290588378906,-967.8977661132813,-0.5619227886199951,-1.00398274582858e-7,-0.8271896839141846,-7.507451726951331e-8,1,-7.037345284288677e-8,0.8271896839141846,2.255642073123454e-8,-0.5619227886199951]},{"type":"position","time":0.035123586654663089,"pos":[-3238.73486328125,387.6290588378906,-967.8977661132813,-0.5619227886199951,-1.0105858905262721e-7,-0.8271896839141846,-7.832886694814079e-8,1,-6.896098625475133e-8,0.8271896839141846,2.604208049206136e-8,-0.5619227886199951]},{"type":"position","time":0.05162358283996582,"pos":[-3238.73486328125,387.6290588378906,-967.8977661132813,-0.5619227886199951,-1.0171834929906254e-7,-0.8271896839141846,-8.158043129924408e-8,1,-6.754973469469405e-8,0.8271896839141846,2.9524757749754828e-8,-0.5619227886199951]},{"type":"position","time":0.06839537620544434,"pos":[-3238.73486328125,387.6290588378906,-967.8977661132813,-0.5619227886199951,-1.023775340058819e-7,-0.8271896839141846,-8.482921742825056e-8,1,-6.61396839518602e-8,0.8271896839141846,3.300445428067178e-8,-0.5619227886199951]},{"type":"position","time":0.08503890037536621,"pos":[-3238.73486328125,387.6290588378906,-967.8977661132813,-0.5619227886199951,-1.0303615738394001e-7,-0.8271896839141846,-8.807521822973286e-8,1,-6.473084113167715e-8,0.8271896839141846,3.648117896659642e-8,-0.5619227886199951]},{"type":"position","time":0.10182857513427735,"pos":[-3238.73486328125,387.6290588378906,-967.8977661132813,-0.5619227886199951,-1.0369421943323687e-7,-0.8271896839141846,-9.131844791454569e-8,1,-6.332319912871753e-8,0.8271896839141846,3.99549300311719e-8,-0.5619227886199951]},{"type":"position","time":0.11837625503540039,"pos":[-3238.73486328125,387.6290588378906,-967.8977661132813,-0.5619227886199951,-1.0435171304834512e-7,-0.8271896839141846,-9.455890648268906e-8,1,-6.19167650484087e-8,0.8271896839141846,4.34257110271119e-8,-0.5619227886199951]},{"type":"position","time":0.13564109802246095,"pos":[-3238.73486328125,387.6290588378906,-967.8977661132813,-0.5619227886199951,-1.0500865244011948e-7,-0.8271896839141846,-9.779659393416296e-8,1,-6.051153178532332e-8,0.8271896839141846,4.6893529059843789e-8,-0.5619227886199951]},{"type":"position","time":0.1513047218322754,"pos":[-3238.73486328125,387.6290588378906,-967.8977661132813,-0.5619227886199951,-1.0566503050313259e-7,-0.8271896839141846,-1.0103151737439475e-7,1,-5.9107499339461359e-8,0.8271896839141846,5.035838057665387e-8,-0.5619227886199951]},{"type":"position","time":0.16907882690429688,"pos":[-3238.73486328125,387.6290588378906,-967.8977661132813,-0.5619227886199951,-1.0632084723738444e-7,-0.8271896839141846,-1.0426367680338444e-7,1,-5.770467126353651e-8,0.8271896839141846,5.3820272682969519e-8,-0.5619227886199951]},{"type":"position","time":0.18518614768981934,"pos":[-3238.73486328125,387.6290588378906,-967.8977661132813,-0.5619227886199951,-1.0697609553744769e-7,-0.8271896839141846,-1.0749307222113203e-7,1,-5.6303036899407746e-8,0.8271896839141846,5.727920182607704e-8,-0.5619227886199951]},{"type":"position","time":0.2020549774169922,"pos":[-3238.73486328125,387.6290588378906,-967.8977661132813,-0.5619227886199951,-1.0763078961417705e-7,-0.8271896839141846,-1.1071969652221014e-7,1,-5.490260335250241e-8,0.8271896839141846,6.073516800597645e-8,-0.5619227886199951]},{"type":"position","time":0.21817731857299806,"pos":[-3238.73486328125,387.6290588378906,-967.8977661132813,-0.5619227886199951,-1.0828492236214515e-7,-0.8271896839141846,-1.1394356391747351e-7,1,-5.350336707010683e-8,0.8271896839141846,6.418817832809509e-8,-0.5619227886199951]},{"type":"position","time":0.23526692390441895,"pos":[-3238.73486328125,387.6290588378906,-967.8977661132813,-0.5619227886199951,-1.0893849378135201e-7,-0.8271896839141846,-1.1716468151234949e-7,1,-5.210533160493469e-8,0.8271896839141846,6.763823989786033e-8,-0.5619227886199951]},{"type":"position","time":0.25324249267578127,"pos":[-3238.73486328125,387.6290588378906,-967.8977661132813,-0.5619227886199951,-1.0975467290563756e-7,-0.8271896839141846,-1.211871989426072e-7,1,-5.035945704889855e-8,0.8271896839141846,7.194667261956056e-8,-0.5619227886199951]},{"type":"position","time":0.27011537551879885,"pos":[-3238.73486328125,387.6290588378906,-967.8977661132813,-0.5619227886199951,-1.1024396684433668e-7,-0.8271896839141846,-1.2359865309008456e-7,1,-4.93128311518376e-8,0.8271896839141846,7.452952388575796e-8,-0.5619227886199951]},{"type":"position","time":0.2859647274017334,"pos":[-3238.73486328125,387.6290588378906,-967.8977661132813,-0.5619227886199951,-1.1089586138268715e-7,-0.8271896839141846,-1.2681149996751629e-7,1,-4.791837682205369e-8,0.8271896839141846,7.797073919846298e-8,-0.5619227886199951]},{"type":"position","time":0.3020203113555908,"pos":[-3238.73486328125,387.6290588378906,-967.8977661132813,-0.5619227886199951,-1.1154720169770371e-7,-0.8271896839141846,-1.300216183608427e-7,1,-4.6525109098638498e-8,0.8271896839141846,8.140901996966932e-8,-0.5619227886199951]},{"type":"position","time":0.3181760311126709,"pos":[-3238.73486328125,387.6290588378906,-967.8977661132813,-0.5619227886199951,-1.1219798778938639e-7,-0.8271896839141846,-1.3322899405920908e-7,1,-4.513303508701938e-8,0.8271896839141846,8.484436619937697e-8,-0.5619227886199951]},{"type":"position","time":0.3352925777435303,"pos":[-3238.73486328125,387.6290588378906,-967.8977661132813,-0.5619227886199951,-5.8054020257714e-8,-0.8271896839141846,-7.03547442526542e-8,1,-2.238916252395029e-8,0.8271896839141846,4.5615738741844328e-8,-0.5619227886199951]},{"type":"position","time":0.3513972759246826,"pos":[-3238.73486328125,387.6290588378906,-967.8977661132813,-0.5619227886199951,-3.9563148312993238e-9,-0.8271896839141846,-7.534233681383285e-9,1,3.352832733671818e-10,0.8271896839141846,6.4206440164582549e-9,-0.5619227886199951]},{"type":"position","time":0.36886048316955569,"pos":[-3238.73486328125,387.6290588378906,-967.8977661132813,-0.5619227886199951,5.009516002019154e-8,-0.8271896839141846,5.5232597162557798e-8,1,2.3040309216071365e-8,0.8271896839141846,-3.274096016525618e-8,-0.5619227886199951]},{"type":"position","time":0.38509702682495119,"pos":[-3238.73486328125,387.6290588378906,-967.8977661132813,-0.5619227886199951,7.411088631670282e-8,-0.8271896839141846,8.383515393006746e-8,1,3.2643061587123159e-8,0.8271896839141846,-5.100469380181494e-8,-0.5619227886199951]},{"type":"position","time":0.4039113521575928,"pos":[-3238.73486328125,387.6290588378906,-967.8977661132813,-0.5619227886199951,6.663478302471049e-8,-0.8271896839141846,7.69384982390875e-8,1,2.829010981031388e-8,0.8271896839141846,-4.774587836209321e-8,-0.5619227886199951]},{"type":"position","time":0.418717622756958,"pos":[-3238.73486328125,387.6290588378906,-967.8977661132813,-0.5619227886199951,6.215294945377537e-8,-0.8271896839141846,7.280404190623813e-8,1,2.5680567006247658e-8,0.8271896839141846,-4.5792258873689209e-8,-0.5619227886199951]},{"type":"position","time":0.43543314933776858,"pos":[-3238.73486328125,387.6290588378906,-967.8977661132813,-0.5619227886199951,5.618164067300313e-8,-0.8271896839141846,6.729555934725795e-8,1,2.2203776595119963e-8,0.8271896839141846,-4.3189380960484416e-8,-0.5619227886199951]},{"type":"position","time":0.45119452476501467,"pos":[-3238.73486328125,387.6290588378906,-967.8977661132813,-0.5619227886199951,5.0215437141787336e-8,-0.8271896839141846,6.17917805811885e-8,1,1.8729958028984585e-8,0.8271896839141846,-4.058873415146991e-8,-0.5619227886199951]},{"type":"position","time":0.4700191020965576,"pos":[-3192.9697265625,387.7496643066406,-667.8499145507813,0.4638744592666626,-7.757510900319176e-8,-0.8859009146690369,6.830952514746969e-8,1,-5.179818884926135e-8,0.8859009146690369,-3.6487616483782406e-8,0.4638744592666626]},{"type":"position","time":0.4855971336364746,"pos":[-3192.9697265625,387.7496643066406,-667.8499145507813,0.46377837657928469,-1.0509708658901218e-7,-0.8859512805938721,9.194096151077247e-8,1,-7.049694517036187e-8,0.8859512805938721,-4.876024917166433e-8,0.46377837657928469]},{"type":"position","time":0.502976655960083,"pos":[-3192.9697265625,387.7496643066406,-667.8499145507813,0.46377837657928469,-8.318860977851728e-8,-0.8859512805938721,7.250761768773373e-8,1,-5.594116814222616e-8,0.8859512805938721,-3.829390848864023e-8,0.46377837657928469]},{"type":"position","time":0.5192022323608398,"pos":[-3192.9697265625,387.7496643066406,-667.8499145507813,0.4636823832988739,-4.483142390654393e-8,-0.8860015273094177,3.875156906474331e-8,1,-3.0319366572939546e-8,0.8860015273094177,-2.027539558469016e-8,0.4636823832988739]},{"type":"position","time":0.5366442203521729,"pos":[-3192.9697265625,387.7496643066406,-667.8499145507813,0.4635862410068512,-6.5089658107808649e-9,-0.8860517740249634,5.027156468884186e-9,1,-4.715802859323048e-9,0.8860517740249634,-2.2681396760759755e-9,0.4635862410068512]},{"type":"position","time":0.5517356395721436,"pos":[-3192.9697265625,387.7496643066406,-667.8499145507813,0.4635862410068512,3.177848739710498e-8,-0.8860517740249634,-2.866839743376204e-8,1,2.086583705818157e-8,0.8860517740249634,1.572856866971506e-8,0.4635862410068512]},{"type":"position","time":0.569058895111084,"pos":[-3192.9697265625,387.7496643066406,-667.8499145507813,0.4634901285171509,7.003149704587486e-8,-0.8861020803451538,-6.233236149455479e-8,1,4.642925333087078e-8,0.8861020803451538,3.37133343464302e-8,0.4634901285171509]},{"type":"position","time":0.5847048759460449,"pos":[-3192.9697265625,387.7496643066406,-667.8499145507813,0.4634901285171509,9.22775669209841e-8,-0.8861020803451538,-8.182311717064295e-8,1,6.133983276868094e-8,0.8861020803451538,4.407322862221008e-8,0.4634901285171509]},{"type":"position","time":0.6026291847229004,"pos":[-3192.9697265625,387.7496643066406,-667.8499145507813,0.4632892310619354,6.65872192939787e-8,-0.8862071633338928,-5.8885866849323068e-8,1,4.435310074768495e-8,0.8862071633338928,3.163676254303027e-8,0.4632892310619354]},{"type":"position","time":0.6182327270507813,"pos":[-3192.9697265625,387.7496643066406,-667.8499145507813,0.46319299936294558,4.092536087796361e-8,-0.8862574696540833,-3.597004294420003e-8,1,2.7378375122566468e-8,0.8862574696540833,1.9197246459157215e-8,0.46319299936294558]},{"type":"position","time":0.6357455253601074,"pos":[-3192.9697265625,387.7496643066406,-667.8499145507813,0.46319299936294558,1.5288840415905726e-8,-0.8862574696540833,-1.3073791826911929e-8,1,1.0418137463830135e-8,0.8862574696540833,6.761137427702124e-9,0.46319299936294558]},{"type":"position","time":0.6519978046417236,"pos":[-3192.9697265625,387.7496643066406,-667.8499145507813,0.46319299936294558,-1.0325791777177074e-8,-0.8862574696540833,9.802902489752796e-9,1,-6.527625107111135e-9,0.8862574696540833,-5.664344993050463e-9,0.46319299936294558]},{"type":"position","time":0.669243335723877,"pos":[-3192.9697265625,387.7496643066406,-667.8499145507813,0.46309694647789,-3.591792818724571e-8,-0.8863075971603394,3.26582210163906e-8,1,-2.3461385723066998e-8,0.8863075971603394,-1.8080331898318037e-8,0.46309694647789]},{"type":"position","time":0.6864809989929199,"pos":[-3192.9697265625,387.7496643066406,-667.8499145507813,0.46309694647789,-6.148879094780568e-8,-0.8863075971603394,5.549399162418922e-8,1,-4.038066592215728e-8,0.8863075971603394,-3.048458552257216e-8,0.46309694647789]},{"type":"position","time":0.7031111717224121,"pos":[-3192.9697265625,387.7496643066406,-667.8499145507813,0.46309694647789,-8.703778320295896e-8,-0.8863075971603394,7.831023651760916e-8,1,-5.7285468813006449e-8,0.8863075971603394,-4.287823074378139e-8,0.46309694647789]},{"type":"position","time":0.7188053131103516,"pos":[-3192.9697265625,387.7496643066406,-667.8499145507813,0.46309694647789,-1.125649120581329e-7,-0.8863075971603394,1.0110696280207776e-7,1,-7.417580860646922e-8,0.8863075971603394,-5.526127822008675e-8,0.46309694647789]},{"type":"position","time":0.7360274791717529,"pos":[-3192.9697265625,387.7496643066406,-667.8499145507813,0.46309694647789,-7.273924751416416e-8,-0.8863075971603394,6.525821305558566e-8,1,-4.7972470440527107e-8,0.8863075971603394,-3.562294992320858e-8,0.46309694647789]},{"type":"position","time":0.7536165714263916,"pos":[-3192.9697265625,387.7496643066406,-667.8499145507813,0.4630008041858673,-2.3001183180326735e-8,-0.886357843875885,2.0493940766641573e-8,1,-1.5244939532976788e-8,0.886357843875885,-1.1106545905192889e-8,0.4630008041858673]},{"type":"position","time":0.7695908546447754,"pos":[-3192.9697265625,387.7496643066406,-667.8499145507813,0.4630008041858673,6.8138272801832049e-9,-0.886357843875885,-6.3416583095943228e-9,1,4.374795636863382e-9,0.886357843875885,3.5954448307506938e-9,0.4630008041858673]},{"type":"position","time":0.7851781845092773,"pos":[-3192.9697265625,387.7496643066406,-667.8499145507813,0.4630008041858673,4.653743701510393e-8,-0.886357843875885,-4.2095688712606719e-8,1,3.0514875959397617e-8,0.886357843875885,2.3183430286621843e-8,0.4630008041858673]},{"type":"position","time":0.8027312755584717,"pos":[-3192.9697265625,387.7496643066406,-667.8499145507813,0.4630008041858673,8.622708946859348e-8,-0.886357843875885,-7.781914490578856e-8,1,5.663261504196271e-8,0.886357843875885,4.275466380931903e-8,0.4630008041858673]},{"type":"position","time":0.8178658485412598,"pos":[-3192.9697265625,387.7496643066406,-667.8499145507813,0.4630008041858673,7.8443996187616e-8,-0.886357843875885,-7.073773389265625e-8,1,5.155070326168243e-8,0.886357843875885,3.8830926030186677e-8,0.4630008041858673]},{"type":"position","time":0.8360311985015869,"pos":[-2941.071044921875,397.7496643066406,-741.4069213867188,0.8658033013343811,5.047061790719454e-8,-0.500384509563446,-1.2861761433669017e-8,1,7.860927553338115e-8,0.500384509563446,-6.1624348290934e-8,0.8658033013343811]},{"type":"position","time":0.8519842624664307,"pos":[-2941.071044921875,397.7496643066406,-741.4069213867188,0.8646680116653442,2.040598090502499e-8,-0.5023437738418579,-6.185182144236023e-9,1,2.9975193882592069e-8,0.5023437738418579,-2.2811502020658737e-8,0.8646680116653442]},{"type":"position","time":0.8688924312591553,"pos":[-2941.071044921875,397.7496643066406,-741.4069213867188,0.8635596036911011,-9.722076477203246e-9,-0.5042467713356018,3.786615188072773e-10,1,-1.8631908460520209e-8,0.5042467713356018,1.5898825367344217e-8,0.8635596036911011]},{"type":"position","time":0.8844408988952637,"pos":[-2941.071044921875,397.7496643066406,-741.4069213867188,0.862694263458252,-3.990176722368233e-8,-0.5057258605957031,6.853669187734113e-9,1,-6.720863865439242e-8,0.5057258605957031,5.451442675052931e-8,0.862694263458252]},{"type":"position","time":0.9015545845031738,"pos":[-2941.071044921875,397.7496643066406,-741.4069213867188,0.8618581295013428,-5.937422997703834e-8,-0.5071494579315186,1.1162190283187101e-8,1,-9.8105211066013e-8,0.5071494579315186,7.889187259024766e-8,0.8618581295013428]},{"type":"position","time":0.9180493354797363,"pos":[-2941.071044921875,397.7496643066406,-741.4069213867188,0.8610197901725769,-4.6651550178467008e-8,-0.508571445941925,9.263637856804508e-9,1,-7.60470797445123e-8,0.508571445941925,6.076682268485456e-8,0.8610197901725769]},{"type":"position","time":0.9350869655609131,"pos":[-2941.071044921875,397.7496643066406,-741.4069213867188,0.860427737236023,-3.3880340311043258e-8,-0.5095725059509277,7.392340517498042e-9,1,-5.400559288659679e-8,0.5095725059509277,4.2700975200204996e-8,0.860427737236023]},{"type":"position","time":0.9513418674468994,"pos":[-2941.071044921875,397.7496643066406,-741.4069213867188,0.8598344326019287,-2.109910290926109e-8,-0.5105729103088379,5.548261405863286e-9,1,-3.1980771808548528e-8,0.5105729103088379,2.4665377296173575e-8,0.8598344326019287]},{"type":"position","time":0.9684388637542725,"pos":[-2941.071044921875,397.7496643066406,-741.4069213867188,0.8592721819877625,-8.306314747130728e-9,-0.5115185976028442,3.729969666466104e-9,1,-9.972766612520445e-9,0.5115185976028442,6.6613727867093079e-9,0.8592721819877625]},{"type":"position","time":0.9853677749633789,"pos":[-2941.071044921875,397.7496643066406,-741.4069213867188,0.8587090969085693,4.495312566632492e-9,-0.5124633312225342,1.937414007002758e-9,1,1.2018396944313281e-8,0.5124633312225342,-1.131316018643247e-8,0.8587090969085693]},{"type":"position","time":1.0013401508331299,"pos":[-2941.071044921875,397.7496643066406,-741.4069213867188,0.858144998550415,1.7305755051211237e-8,-0.5134074091911316,1.70551128775287e-10,1,3.3992716197417397e-8,0.5134074091911316,-2.925824027499857e-8,0.858144998550415]},{"type":"position","time":1.0181715488433838,"pos":[-2941.071044921875,397.7496643066406,-741.4069213867188,0.8578300476074219,3.011075477843406e-8,-0.5139334797859192,-1.5813385045859719e-9,1,5.5949328725546368e-8,0.5139334797859192,-4.7182311391225087e-8,0.8578300476074219]},{"type":"position","time":1.035079002380371,"pos":[-2941.071044921875,397.7496643066406,-741.4069213867188,0.8575146794319153,4.2915822007216778e-8,-0.514459490776062,-3.3182838699019614e-9,1,7.788824518684123e-8,0.514459490776062,-6.508319216891323e-8,0.8575146794319153]},{"type":"position","time":1.0523335933685303,"pos":[-2941.071044921875,397.7496643066406,-741.4069213867188,0.8570139408111572,5.5744315829997507e-8,-0.5152931809425354,-5.0324251432698478e-9,1,9.981008730619578e-8,0.5152931809425354,-8.294546205434017e-8,0.8570139408111572]},{"type":"position","time":1.0681018829345704,"pos":[-2941.071044921875,397.7496643066406,-741.4069213867188,0.8566977977752686,6.854946832390852e-8,-0.5158185958862305,-6.731667223647264e-9,1,1.217142369114299e-7,0.5158185958862305,-1.0080000123480204e-7,0.8566977977752686]},{"type":"position","time":1.0850956439971924,"pos":[-2941.071044921875,397.7496643066406,-741.4069213867188,0.8564141988754273,5.119703061495784e-8,-0.5162894129753113,-5.283169901559859e-9,1,9.03997801060541e-8,0.5162894129753113,-7.469201079857157e-8,0.8564141988754273]},{"type":"position","time":1.1024699211120606,"pos":[-2941.071044921875,397.7496643066406,-741.4069213867188,0.8563812971115112,2.3762698475593426e-8,-0.5163439512252808,-2.7947206771017365e-9,1,4.1385884941291809e-8,0.5163439512252808,-3.399906134404773e-8,0.8563812971115112]},{"type":"position","time":1.1188585758209229,"pos":[-2941.071044921875,397.7496643066406,-741.4069213867188,0.856097400188446,-3.634258449736194e-9,-0.5168145298957825,-3.353161359687107e-10,1,-7.587483530357986e-9,0.5168145298957825,6.668920971009129e-9,0.856097400188446]},{"type":"position","time":1.1354341506958008,"pos":[-2941.071044921875,397.7496643066406,-741.4069213867188,0.855813205242157,-3.103013668237509e-8,-0.5172849893569946,2.095098761145664e-9,1,-5.6520342184285258e-8,0.5172849893569946,4.728709157575395e-8,0.855813205242157]},{"type":"position","time":1.1525053977966309,"pos":[-2941.071044921875,397.7496643066406,-741.4069213867188,0.8557802438735962,-5.8401958824561009e-8,-0.5173395276069641,4.5203170095931e-9,1,-1.0541155148757753e-7,0.5173395276069641,8.787058192183395e-8,0.8557802438735962]},{"type":"position","time":1.178917646408081,"pos":[-2941.071044921875,397.7496643066406,-741.4069213867188,0.8555288314819336,-4.599220915224578e-8,-0.5177552103996277,3.723087393936453e-9,1,-8.267806350659157e-8,0.5177552103996277,6.880581793211604e-8,0.8555288314819336]},{"type":"position","time":1.1865737438201905,"pos":[-2941.071044921875,397.7496643066406,-741.4069213867188,0.8552441596984863,-3.3588214876090208e-8,-0.5182252526283264,2.9390203604151567e-9,1,-5.996356833293248e-8,0.5182252526283264,4.97604162319476e-8,0.8552441596984863]},{"type":"position","time":1.2010624408721924,"pos":[-2941.071044921875,397.7496643066406,-741.4069213867188,0.8552441596984863,-2.1157051222076008e-8,-0.5182252526283264,2.1556256779575735e-9,1,-3.726847452867332e-8,0.5182252526283264,3.075654575468434e-8,0.8552441596984863]},{"type":"position","time":1.218122959136963,"pos":[-2941.071044921875,397.7496643066406,-741.4069213867188,0.8552110195159912,-8.738477497161057e-9,-0.5182799100875855,1.3743484128525552e-9,1,-1.4592731467644171e-8,0.5182799100875855,1.1767568253162608e-8,0.8552110195159912]},{"type":"position","time":1.2362797260284424,"pos":[-2941.071044921875,397.7496643066406,-741.4069213867188,0.8549593091011047,3.6657361590641814e-9,-0.518695056438446,6.047358169780637e-10,1,8.064007239738658e-9,0.518695056438446,-7.208071473030486e-9,0.8549593091011047]},{"type":"position","time":1.2521352767944337,"pos":[-2893.990478515625,389.26416015625,-876.0581665039063,-0.8722732663154602,3.8460907347825926e-8,-0.4890187084674835,7.63139507142796e-9,1,6.503686478254167e-8,0.4890187084674835,5.299802197100689e-8,-0.8722732663154602]},{"type":"position","time":1.2681405544281006,"pos":[-2893.990478515625,389.26416015625,-876.0581665039063,-0.8758885860443115,2.399684895237897e-8,-0.4825133681297302,4.140237486183196e-9,1,4.221740468324242e-8,0.4825133681297302,3.498002598689709e-8,-0.8758885860443115]},{"type":"position","time":1.2848587036132813,"pos":[-2893.990478515625,389.2642822265625,-876.0581665039063,-0.8812660574913025,9.544930179572475e-9,-0.4726204574108124,3.955657190690687e-10,1,1.9458173738939878e-8,0.4726204574108124,1.6960877147198518e-8,-0.8812660574913025]},{"type":"position","time":1.301344871520996,"pos":[-2893.990478515625,389.264404296875,-876.0581665039063,-0.8881182074546814,-4.7499315591892358e-9,-0.4596151113510132,-3.6797664915155794e-9,1,-3.2241405101274269e-9,0.4596151113510132,-1.1721416059984336e-9,-0.8881182074546814]},{"type":"position","time":1.317566156387329,"pos":[-2893.990478515625,389.2647399902344,-876.0581665039063,-0.8987970352172852,-1.8753224750867049e-8,-0.43836501240730288,-8.289406494554897e-9,1,-2.578383373474935e-8,0.43836501240730288,-1.954064821063639e-8,-0.8987970352172852]},{"type":"position","time":1.3358464241027833,"pos":[-2893.990478515625,389.2652282714844,-876.0581665039063,-0.9127039909362793,-3.212212007497328e-8,-0.4086213707923889,-1.363262569498147e-8,1,-4.816089216319597e-8,0.4086213707923889,-3.8386055223327278e-8,-0.9127039909362793]},{"type":"position","time":1.351262092590332,"pos":[-2893.990478515625,389.2660217285156,-876.0581665039063,-0.9300416111946106,-4.438437528619943e-8,-0.36745429039001467,-1.9964412345530037e-8,1,-7.025811044059083e-8,0.36745429039001467,-5.800695390689725e-8,-0.9300416111946106]},{"type":"position","time":1.3677458763122559,"pos":[-2893.990478515625,389.2671203613281,-876.0581665039063,-0.9452701210975647,-5.5792767739148988e-8,-0.3262888193130493,-2.7253516776681864e-8,1,-9.203758111198113e-8,0.3262888193130493,-7.81078526301826e-8,-0.9452701210975647]},{"type":"position","time":1.3856027126312256,"pos":[-2893.990478515625,389.2684020996094,-876.0581665039063,-0.9568448662757874,-6.680804176539823e-8,-0.29059919714927676,-3.534757908596475e-8,1,-1.1350991968583912e-7,0.29059919714927676,-9.833940595171953e-8,-0.9568448662757874]},{"type":"position","time":1.4018943309783936,"pos":[-2893.990478515625,389.2696838378906,-876.0581665039063,-0.9659214615821838,-4.87007945082496e-8,-0.2588353753089905,-2.7705583605097673e-8,1,-8.4761907714892e-8,0.2588353753089905,-7.470215734883823e-8,-0.9659214615821838]},{"type":"position","time":1.418294906616211,"pos":[-2893.990478515625,389.2708740234375,-876.0581665039063,-0.9724727272987366,-2.2289651013807089e-8,-0.23301680386066438,-1.3391249886751666e-8,1,-3.976977680508753e-8,0.23301680386066438,-3.5554638344592607e-8,-0.9724727272987366]},{"type":"position","time":1.4348204135894776,"pos":[-2893.990478515625,389.2718811035156,-876.0581665039063,-0.9774418473243713,2.894638972961161e-9,-0.21120484173297883,1.9128654216160614e-9,1,4.852750201678191e-9,0.21120484173297883,4.339274717324315e-9,-0.9774418473243713]},{"type":"position","time":1.4515881538391114,"pos":[-2893.990478515625,389.27276611328127,-876.0581665039063,-0.9811251163482666,2.7177696537705743e-8,-0.19337399303913117,1.8013093239233059e-8,1,4.915138163141819e-8,0.19337399303913117,4.474038917123835e-8,-0.9811251163482666]},{"type":"position","time":1.468158483505249,"pos":[-2893.990478515625,389.2735595703125,-876.0581665039063,-0.9846421480178833,5.065924213454309e-8,-0.17458468675613404,3.494264788628243e-8,1,9.309657400535798e-8,0.17458468675613404,8.556636288403752e-8,-0.9846421480178833]},{"type":"position","time":1.4850773811340333,"pos":[-2995.316650390625,389.7239990234375,-943.81103515625,0.8031018376350403,5.347545073419724e-9,0.5958417654037476,-2.2535186161576349e-8,1,2.139914556664735e-8,-0.5958417654037476,-3.061309783447541e-8,0.8031018376350403]},{"type":"position","time":1.5013892650604249,"pos":[-2995.316650390625,389.7353515625,-943.81103515625,0.8034696578979492,1.2110745295501602e-8,0.595345675945282,-2.3472786381262268e-8,1,1.1336146243934309e-8,-0.595345675945282,-2.308267177397738e-8,0.8034696578979492]},{"type":"position","time":1.517258882522583,"pos":[-2995.316650390625,389.74188232421877,-943.81103515625,0.8035572171211243,1.885267231216403e-8,0.5952275395393372,-2.4411065169260838e-8,1,1.2818888173171672e-9,-0.5952275395393372,-1.5560209121190384e-8,0.8035572171211243]},{"type":"position","time":1.5347015857696534,"pos":[-2995.316650390625,389.7454528808594,-943.81103515625,0.8038808703422546,2.5593909214194356e-8,0.5947903394699097,-2.5354008670319673e-8,1,-8.763265668676468e-9,-0.5947903394699097,-8.035698328967556e-9,0.8038808703422546]},{"type":"position","time":1.552539348602295,"pos":[-2995.316650390625,389.7474365234375,-943.81103515625,0.8041607141494751,3.23247100197932e-8,0.5944119095802307,-2.6300872590923065e-8,1,-1.879939226512306e-8,-0.5944119095802307,-5.158195537369181e-10,0.8041607141494751]},{"type":"position","time":1.567570447921753,"pos":[-2995.316650390625,389.7485046386719,-943.81103515625,0.804248034954071,3.904605705429276e-8,0.5942938327789307,-2.7248393763557034e-8,1,-2.8826804054915557e-8,-0.5942938327789307,6.990347412028086e-9,0.804248034954071]},{"type":"position","time":1.5842411518096924,"pos":[-2995.316650390625,389.74908447265627,-943.81103515625,0.8045276999473572,4.5758294930919877e-8,0.5939151644706726,-2.8199824697594523e-8,1,-3.884520793917545e-8,-0.5939151644706726,1.4503741319060737e-8,0.8045276999473572]},{"type":"position","time":1.60101318359375,"pos":[-2995.316650390625,389.7494201660156,-943.81103515625,0.804614782333374,5.246596757046973e-8,0.5937971472740173,-2.915191110730575e-8,1,-4.8854911227635969e-8,-0.5937971472740173,2.199906390387696e-8,0.804614782333374]},{"type":"position","time":1.6175529956817628,"pos":[-2995.316650390625,389.7496032714844,-943.81103515625,0.8046584129333496,5.916841061548439e-8,0.5937380790710449,-3.0103915804602369e-8,1,-5.885599207999803e-8,-0.5937380790710449,2.9485127228667808e-8,0.8046584129333496]},{"type":"position","time":1.6344521045684815,"pos":[-2995.316650390625,389.7497253417969,-943.81103515625,0.8049378991127014,6.585285206028857e-8,0.593359112739563,-3.1059816052447789e-8,1,-6.884808101403905e-8,-0.593359112739563,3.698880135516447e-8,0.8049378991127014]},{"type":"position","time":1.651151180267334,"pos":[-2995.316650390625,389.7497253417969,-943.81103515625,0.8049813508987427,7.254276113144442e-8,0.5933001637458801,-3.2015627482451239e-8,1,-7.883156172283634e-8,-0.5933001637458801,4.44630607887575e-8,0.8049813508987427]},{"type":"position","time":1.667849063873291,"pos":[-2995.316650390625,389.7497253417969,-943.81103515625,0.8050248026847839,7.922640321567087e-8,0.5932412147521973,-3.2971353647326399e-8,1,-8.880645907538565e-8,-0.5932412147521973,5.1931433375784766e-8,0.8050248026847839]},{"type":"position","time":1.684262990951538,"pos":[-2995.316650390625,389.7497253417969,-943.81103515625,0.8052607178688049,8.58869384501304e-8,0.5929208993911743,-3.393023462194833e-8,1,-9.877246043288324e-8,-0.5929208993911743,5.941963721056709e-8,0.8052607178688049]},{"type":"position","time":1.7014756202697755,"pos":[-2995.316650390625,389.7497253417969,-943.81103515625,0.8053041100502014,9.255808208763483e-8,0.5928619503974915,-3.4889019673300939e-8,1,-1.0872987843413284e-7,-0.5928619503974915,6.687624676260384e-8,0.8053041100502014]},{"type":"position","time":1.7196383476257325,"pos":[-3045.63330078125,397.7497253417969,-917.85205078125,-0.6902779340744019,-3.472848320029698e-8,0.7235442996025086,6.9189458606899738e-9,1,5.4598562115870666e-8,-0.7235442996025086,4.269434583648035e-8,-0.6902779340744019]},{"type":"position","time":1.736114501953125,"pos":[-3045.63330078125,397.7497253417969,-917.85205078125,-0.6890837550163269,-5.550270287812964e-8,0.7246816754341126,1.3640272022996669e-8,1,8.95593075256329e-8,-0.7246816754341126,7.159871984185884e-8,-0.6890837550163269]},{"type":"position","time":1.7521350383758546,"pos":[-3045.63330078125,397.7497253417969,-917.85205078125,-0.6880159378051758,-6.549606723638135e-8,0.7256955504417419,1.7427927545554668e-8,1,1.0677585038365578e-7,-0.7256955504417419,8.611085888787784e-8,-0.6880159378051758]},{"type":"position","time":1.7701761722564698,"pos":[-3045.63330078125,397.7497253417969,-917.85205078125,-0.6869468092918396,-4.3121669790480158e-8,0.7267076969146729,1.222531409439398e-8,1,7.08948206806781e-8,-0.7267076969146729,5.758520060794581e-8,-0.6869468092918396]},{"type":"position","time":1.785951852798462,"pos":[-3045.63330078125,397.7497253417969,-917.85205078125,-0.6843641996383667,-2.0843820891514043e-8,0.7291403412818909,6.899985027786215e-9,1,3.506310264356216e-8,-0.7291403412818909,2.9026990588931768e-8,-0.6843641996383667]},{"type":"position","time":1.8048007488250733,"pos":[-3045.63330078125,397.7497253417969,-917.85205078125,-0.6813326478004456,1.4985789276167339e-9,0.7319739460945129,1.430685570014134e-9,1,-7.156076287095914e-10,-0.7319739460945129,5.596577090649646e-10,-0.6813326478004456]},{"type":"position","time":1.818831443786621,"pos":[-3045.63330078125,397.7497253417969,-917.85205078125,-0.6805636882781982,2.3941474580624346e-8,0.7326889038085938,-4.071471160216333e-9,1,-3.6457997509842247e-8,-0.7326889038085938,-2.7795110213446607e-8,-0.6805636882781982]},{"type":"position","time":1.8358526229858399,"pos":[-3045.63330078125,397.7497253417969,-917.85205078125,-0.6799910664558411,4.638749473429016e-8,0.7332203984260559,-9.596811345602419e-9,1,-7.216553399302939e-8,-0.7332203984260559,-5.610849385107031e-8,-0.6799910664558411]},{"type":"position","time":1.8522717952728272,"pos":[-3045.63330078125,397.7497253417969,-917.85205078125,-0.6794178485870361,6.883648495659145e-8,0.7337515950202942,-1.5145300125141149e-8,1,-1.0783823256588221e-7,-0.7337515950202942,-8.438010468125867e-8,-0.6794178485870361]},{"type":"position","time":1.869504451751709,"pos":[-3326.149169921875,404.6188659667969,-819.0391235351563,-0.46313154697418215,6.248192363500493e-8,-0.8862895369529724,-6.4980425484861829e-9,1,7.389387945977433e-8,0.8862895369529724,3.998173525587845e-8,-0.46313154697418215]},{"type":"position","time":1.8861486911773682,"pos":[-3326.149169921875,404.6188659667969,-819.0391235351563,-0.46391066908836367,8.386848548980197e-8,-0.8858819603919983,-1.3756599415160054e-8,1,1.0187623189494843e-7,0.8858819603919983,5.944819392311729e-8,-0.46391066908836367]},{"type":"position","time":1.9025962352752686,"pos":[-3326.149169921875,404.6188659667969,-819.0391235351563,-0.46459338068962099,9.085894703275699e-8,-0.8855241537094116,-1.7903330373769678e-8,1,1.1199775684644919e-7,0.8855241537094116,6.788724959960746e-8,-0.46459338068962099]},{"type":"position","time":1.918919563293457,"pos":[-3326.149169921875,404.6188659667969,-819.0391235351563,-0.465179979801178,5.4761372325629057e-8,-0.8852161169052124,-1.2827025663852965e-8,1,6.860273771280845e-8,0.8852161169052124,4.32673097350289e-8,-0.465179979801178]},{"type":"position","time":1.9353268146514893,"pos":[-3326.149169921875,404.6188659667969,-819.0391235351563,-0.46556445956230166,1.8720825778473228e-8,-0.8850139379501343,-7.773891752549389e-9,1,2.524262399106192e-8,0.8850139379501343,1.8632071885349434e-8,-0.46556445956230166]},{"type":"position","time":1.952998399734497,"pos":[-3326.149169921875,404.6188659667969,-819.0391235351563,-0.46615076065063479,-1.7282477671187736e-8,-0.8847053050994873,-2.753782757380918e-9,1,-1.808376026701808e-8,0.8847053050994873,-5.99347282914664e-9,-0.46615076065063479]},{"type":"position","time":1.97190260887146,"pos":[-3326.149169921875,404.6188659667969,-819.0391235351563,-0.466534823179245,-6.222533244226725e-8,-0.8845028281211853,3.491829714263872e-9,1,-7.219240671929583e-8,0.8845028281211853,-3.6768806666032108e-8,-0.466534823179245]},{"type":"position","time":1.986461877822876,"pos":[-3326.149169921875,404.6188659667969,-819.0391235351563,-0.4670250415802002,-8.914916804769746e-8,-0.8842440843582153,7.218015074528239e-9,1,-1.0463192268161947e-7,0.8842440843582153,-5.52482148918898e-8,-0.4670250415802002]},{"type":"position","time":2.0037550926208498,"pos":[-3326.149169921875,404.6188659667969,-819.0391235351563,-0.4672168791294098,-7.136862478773765e-8,-0.8841427564620972,7.236826693457488e-9,1,-8.454494349052766e-8,0.8841427564620972,-4.589920976627582e-8,-0.4672168791294098]},{"type":"position","time":2.0194525718688967,"pos":[-3326.149169921875,404.6188659667969,-819.0391235351563,-0.4677073359489441,-5.12985600664706e-8,-0.8838834166526794,6.335080904307233e-9,1,-6.138991182069731e-8,0.8838834166526794,-3.431198436487648e-8,-0.4677073359489441]},{"type":"position","time":2.0362188816070558,"pos":[-3326.149169921875,404.6188659667969,-819.0391235351563,-0.4678989052772522,-2.4584965174767605e-8,-0.8837820291519165,5.1403361567281539e-9,1,-3.053934349850351e-8,0.8837820291519165,-1.8832261972079324e-8,-0.4678989052772522]},{"type":"position","time":2.0523386001586916,"pos":[-3326.149169921875,404.6188659667969,-819.0391235351563,-0.46809062361717226,2.1024930685342726e-9,-0.8836804628372192,3.95330301827812e-9,1,2.8515845240661977e-10,0.8836804628372192,-3.3599767412795247e-9,-0.46809062361717226]},{"type":"position","time":2.0691020488739015,"pos":[-3326.149169921875,404.6188659667969,-819.0391235351563,-0.4684852063655853,2.876456761669033e-8,-0.8834713697433472,2.781031627208108e-9,1,3.108385726591223e-8,0.8834713697433472,1.2105364710635058e-8,-0.4684852063655853]},{"type":"position","time":2.0855960845947267,"pos":[-3326.149169921875,404.6188659667969,-819.0391235351563,-0.46858105063438418,5.5401066845206518e-8,-0.8834205269813538,1.6130933255809055e-9,1,6.185639023215117e-8,0.8834205269813538,2.755969141787773e-8,-0.46858105063438418]},{"type":"position","time":17.64572024345398,"pos":[-3238.73486328125,387.6290588378906,-967.8977661132813,-0.5619227886199951,-9.973739878432753e-8,-0.8271896839141846,-7.181738226336165e-8,1,-7.178712735367299e-8,0.8271896839141846,1.9067776690917527e-8,-0.5619227886199951]},{"type":"position","time":17.661922931671144,"pos":[-3238.73486328125,387.6290588378906,-967.8977661132813,-0.5619227886199951,-1.00398274582858e-7,-0.8271896839141846,-7.507451726951331e-8,1,-7.037345284288677e-8,0.8271896839141846,2.255642073123454e-8,-0.5619227886199951]},{"type":"position","time":17.678138732910158,"pos":[-3238.73486328125,387.6290588378906,-967.8977661132813,-0.5619227886199951,-1.0105858905262721e-7,-0.8271896839141846,-7.832886694814079e-8,1,-6.896098625475133e-8,0.8271896839141846,2.604208049206136e-8,-0.5619227886199951]},{"type":"position","time":17.695056438446046,"pos":[-3238.73486328125,387.6290588378906,-967.8977661132813,-0.5619227886199951,-1.0171834929906254e-7,-0.8271896839141846,-8.158043129924408e-8,1,-6.754973469469405e-8,0.8271896839141846,2.9524757749754828e-8,-0.5619227886199951]},{"type":"position","time":17.71824073791504,"pos":[-3238.73486328125,387.6290588378906,-967.8977661132813,-0.5619227886199951,-1.023775340058819e-7,-0.8271896839141846,-8.482921742825056e-8,1,-6.61396839518602e-8,0.8271896839141846,3.300445428067178e-8,-0.5619227886199951]},{"type":"position","time":17.728334188461305,"pos":[-3238.73486328125,387.6290588378906,-967.8977661132813,-0.5619227886199951,-1.0303615738394001e-7,-0.8271896839141846,-8.807521822973286e-8,1,-6.473084113167715e-8,0.8271896839141846,3.648117896659642e-8,-0.5619227886199951]},{"type":"position","time":17.74435019493103,"pos":[-3238.73486328125,387.6290588378906,-967.8977661132813,-0.5619227886199951,-1.0369421943323687e-7,-0.8271896839141846,-9.131844791454569e-8,1,-6.332319912871753e-8,0.8271896839141846,3.99549300311719e-8,-0.5619227886199951]},{"type":"position","time":17.761897563934327,"pos":[-3238.73486328125,387.6290588378906,-967.8977661132813,-0.5619227886199951,-1.0435171304834512e-7,-0.8271896839141846,-9.455890648268906e-8,1,-6.19167650484087e-8,0.8271896839141846,4.34257110271119e-8,-0.5619227886199951]},{"type":"position","time":17.778603553771974,"pos":[-3238.73486328125,387.6290588378906,-967.8977661132813,-0.5619227886199951,-1.0500865244011948e-7,-0.8271896839141846,-9.779659393416296e-8,1,-6.051153178532332e-8,0.8271896839141846,4.6893529059843789e-8,-0.5619227886199951]},{"type":"position","time":17.795156478881837,"pos":[-3238.73486328125,387.6290588378906,-967.8977661132813,-0.5619227886199951,-1.0566503050313259e-7,-0.8271896839141846,-1.0103151737439475e-7,1,-5.9107499339461359e-8,0.8271896839141846,5.035838057665387e-8,-0.5619227886199951]},{"type":"position","time":17.812824726104738,"pos":[-3238.73486328125,387.6290588378906,-967.8977661132813,-0.5619227886199951,-1.0632084723738444e-7,-0.8271896839141846,-1.0426367680338444e-7,1,-5.770467126353651e-8,0.8271896839141846,5.3820272682969519e-8,-0.5619227886199951]},{"type":"position","time":17.82845640182495,"pos":[-3238.73486328125,387.6290588378906,-967.8977661132813,-0.5619227886199951,-1.0697609553744769e-7,-0.8271896839141846,-1.0749307222113203e-7,1,-5.6303036899407746e-8,0.8271896839141846,5.727920182607704e-8,-0.5619227886199951]},{"type":"position","time":17.844716548919679,"pos":[-3238.73486328125,387.6290588378906,-967.8977661132813,-0.5619227886199951,-1.0763078961417705e-7,-0.8271896839141846,-1.1071969652221014e-7,1,-5.490260335250241e-8,0.8271896839141846,6.073516800597645e-8,-0.5619227886199951]},{"type":"position","time":17.86242961883545,"pos":[-3238.73486328125,387.6290588378906,-967.8977661132813,-0.5619227886199951,-1.0828492236214515e-7,-0.8271896839141846,-1.1394356391747351e-7,1,-5.350336707010683e-8,0.8271896839141846,6.418817832809509e-8,-0.5619227886199951]},{"type":"position","time":17.878895044326784,"pos":[-3238.73486328125,387.6290588378906,-967.8977661132813,-0.5619227886199951,-1.0893849378135201e-7,-0.8271896839141846,-1.1716468151234949e-7,1,-5.210533160493469e-8,0.8271896839141846,6.763823989786033e-8,-0.5619227886199951]},{"type":"position","time":17.894522190093995,"pos":[-3238.73486328125,387.6290588378906,-967.8977661132813,-0.5619227886199951,-1.0975467290563756e-7,-0.8271896839141846,-1.211871989426072e-7,1,-5.035945704889855e-8,0.8271896839141846,7.194667261956056e-8,-0.5619227886199951]},{"type":"position","time":17.912352561950685,"pos":[-3238.73486328125,387.6290588378906,-967.8977661132813,-0.5619227886199951,-1.1024396684433668e-7,-0.8271896839141846,-1.2359865309008456e-7,1,-4.93128311518376e-8,0.8271896839141846,7.452952388575796e-8,-0.5619227886199951]},{"type":"position","time":17.928680419921876,"pos":[-3238.73486328125,387.6290588378906,-967.8977661132813,-0.5619227886199951,-1.1089586138268715e-7,-0.8271896839141846,-1.2681149996751629e-7,1,-4.791837682205369e-8,0.8271896839141846,7.797073919846298e-8,-0.5619227886199951]},{"type":"position","time":17.944453954696657,"pos":[-3238.73486328125,387.6290588378906,-967.8977661132813,-0.5619227886199951,-1.1154720169770371e-7,-0.8271896839141846,-1.300216183608427e-7,1,-