{"a":[{"p":[-104.13099670410156,1018.7186889648438,-302.4798583984375,0.6648844480514526,0,0.7469462156295776,0,1,0,-0.7469462156295776,0,0.6648844480514526]},{"p":[-104.13099670410156,1018.7186889648438,-302.4798583984375,0.6648844480514526,0,0.7469462156295776,0,1,0,-0.7469462156295776,0,0.6648844480514526]},{"p":[-104.13099670410156,1018.7186889648438,-302.4798583984375,0.6648844480514526,0,0.7469462156295776,0,1,0,-0.7469462156295776,0,0.6648844480514526]},{"p":[-104.13099670410156,1018.7186889648438,-302.4798583984375,0.6648844480514526,0,0.7469462156295776,0,1,0,-0.7469462156295776,0,0.6648844480514526]},{"p":[-104.13099670410156,1018.7186889648438,-302.4798583984375,0.6648844480514526,0,0.7469462156295776,0,1,0,-0.7469462156295776,0,0.6648844480514526]},{"p":[-104.13099670410156,1018.7186889648438,-302.4798583984375,0.6648844480514526,0,0.7469462156295776,0,1,0,-0.7469462156295776,0,0.6648844480514526]},{"p":[-104.13099670410156,1018.7186889648438,-302.4798583984375,0.6648844480514526,0,0.7469462156295776,0,1,0,-0.7469462156295776,0,0.6648844480514526]},{"p":[-104.13099670410156,1018.7186889648438,-302.4798583984375,0.6648844480514526,0,0.7469462156295776,0,1,0,-0.7469462156295776,0,0.6648844480514526]},{"p":[-104.13099670410156,1018.7186889648438,-302.4798583984375,0.6648844480514526,0,0.7469462156295776,0,1,0,-0.7469462156295776,0,0.6648844480514526]},{"p":[-104.18228149414063,1018.7186889648438,-302.54931640625,0.6833146214485169,0,0.7301240563392639,0,1,0,-0.7301240563392639,0,0.6833146214485169]},{"p":[-104.32179260253906,1018.7186889648438,-302.72784423828127,0.6984536051750183,0,0.7156553268432617,0,1,0,-0.7156553268432617,0,0.6984536051750183]},{"p":[-104.49009704589844,1018.7186889648438,-302.93365478515627,0.7093043327331543,0,0.7049023509025574,0,1,0,-0.7049023509025574,0,0.7093043327331543]},{"p":[-104.66116333007813,1018.7186889648438,-303.1382141113281,0.7174767851829529,0,0.6965823769569397,0,1,0,-0.6965823769569397,0,0.7174767851829529]},{"p":[-104.83302307128906,1018.7186889648438,-303.34210205078127,0.7240819334983826,0,0.6897139549255371,0,1,0,-0.6897139549255371,0,0.7240819334983826]},{"p":[-105.00881958007813,1018.7186889648438,-303.5426330566406,0.7279855608940125,0,0.6855924725532532,0,1,0,-0.6855924725532532,0,0.7279855608940125]},{"p":[-105.19051361083985,1018.7186889648438,-303.73779296875,0.7286158204078674,0,0.6849226355552673,0,1,0,-0.6849226355552673,0,0.7286158204078674]},{"p":[-105.37867736816406,1018.7186889648438,-303.9267272949219,0.726044774055481,0,0.6876474618911743,0,1,0,-0.6876474618911743,0,0.726044774055481]},{"p":[-105.57086944580078,1018.7186889648438,-304.1116027832031,0.7217615842819214,0,0.6921417713165283,0,1,0,-0.6921417713165283,0,0.7217615842819214]},{"p":[-105.7669448852539,1018.7186889648438,-304.2923278808594,0.7160276770591736,0,0.6980718970298767,0,1,0,-0.6980718970298767,0,0.7160276770591736]},{"p":[-105.96549987792969,1018.7186889648438,-304.4703369140625,0.7096906900405884,0,0.7045133709907532,0,1,0,-0.7045133709907532,0,0.7096906900405884]},{"p":[-106.1657485961914,1018.7186889648438,-304.64642333984377,0.7032346129417419,0,0.7109578251838684,0,1,0,-0.7109578251838684,0,0.7032346129417419]},{"p":[-106.36693572998047,1018.7186889648438,-304.82147216796877,0.69707190990448,0,0.7170012593269348,0,1,0,-0.7170012593269348,0,0.69707190990448]},{"p":[-106.57050323486328,1018.7186889648438,-304.99371337890627,0.6903895735740662,0,0.7234377861022949,0,1,0,-0.7234377861022949,0,0.6903895735740662]},{"p":[-106.77787017822266,1018.7186889648438,-305.161376953125,0.6823780536651611,0,0.7309994697570801,0,1,0,-0.7309994697570801,0,0.6823780536651611]},{"p":[-106.98715209960938,1018.7186889648438,-305.3266296386719,0.6742018461227417,0,0.738547146320343,0,1,0,-0.738547146320343,0,0.6742018461227417]},{"p":[-107.19883728027344,1018.7186889648438,-305.4888000488281,0.6655933856964111,0,0.746314525604248,0,1,0,-0.746314525604248,0,0.6655933856964111]},{"p":[-107.41333770751953,1018.7186889648438,-305.647216796875,0.6562958359718323,0,0.7545036673545837,0,1,0,-0.7545036673545837,0,0.6562958359718323]},{"p":[-107.62902069091797,1018.7186889648438,-305.8040466308594,0.6473681926727295,0,0.7621774077415466,0,1,0,-0.7621774077415466,0,0.6473681926727295]},{"p":[-107.8510513305664,1018.7186889648438,-305.9516906738281,0.6353369355201721,0,0.772235095500946,0,1,0,-0.772235095500946,0,0.6353369355201721]},{"p":[-108.07870483398438,1018.7186889648438,-306.0905456542969,0.6206488013267517,0,0.784088671207428,0,1,0,-0.784088671207428,0,0.6206488013267517]},{"p":[-108.31145477294922,1018.7186889648438,-306.2206726074219,0.6036872863769531,0,0.7972211837768555,0,1,0,-0.7972211837768555,0,0.6036872863769531]},{"p":[-108.54920196533203,1018.7186889648438,-306.3414306640625,0.5844358205795288,0,0.8114399313926697,0,1,0,-0.8114399313926697,0,0.5844358205795288]},{"p":[-108.64932250976563,1018.7186889648438,-306.3919677734375,0.5825377106666565,0,0.8128036856651306,0,1,0,-0.8128036856651306,0,0.5825377106666565]},{"p":[-108.6536636352539,1018.7186889648438,-306.3941650390625,0.5824851989746094,0,0.8128412961959839,0,1,0,-0.8128412961959839,0,0.5824851989746094]},{"p":[-108.65374755859375,1018.7186889648438,-306.3941955566406,0.5824837684631348,0,0.8128423690795898,0,1,0,-0.8128423690795898,0,0.5824837684631348]},{"p":[-108.65374755859375,1018.7186889648438,-306.3941955566406,0.58248370885849,0,0.8128423690795898,0,1,0,-0.8128423690795898,0,0.58248370885849]},{"p":[-108.65374755859375,1018.7186889648438,-306.3941955566406,0.58248370885849,0,0.8128423690795898,0,1,0,-0.8128423690795898,0,0.58248370885849]},{"p":[-108.65374755859375,1018.7186889648438,-306.3941955566406,0.58248370885849,0,0.8128423690795898,0,1,0,-0.8128423690795898,0,0.58248370885849]},{"p":[-108.65374755859375,1018.7186889648438,-306.3941955566406,0.58248370885849,0,0.8128423690795898,0,1,0,-0.8128423690795898,0,0.58248370885849]},{"p":[-108.65374755859375,1018.7186889648438,-306.3941955566406,0.58248370885849,0,0.8128423690795898,0,1,0,-0.8128423690795898,0,0.58248370885849]},{"p":[-108.65374755859375,1018.7186889648438,-306.3941955566406,0.58248370885849,0,0.8128423690795898,0,1,0,-0.8128423690795898,0,0.58248370885849]},{"p":[-108.65374755859375,1018.7186889648438,-306.3941955566406,0.58248370885849,0,0.8128423690795898,0,1,0,-0.8128423690795898,0,0.58248370885849]},{"p":[-108.65374755859375,1018.7186889648438,-306.3941955566406,0.58248370885849,0,0.8128423690795898,0,1,0,-0.8128423690795898,0,0.58248370885849]},{"p":[-108.65374755859375,1018.7186889648438,-306.3941955566406,0.58248370885849,0,0.8128423690795898,0,1,0,-0.8128423690795898,0,0.58248370885849]},{"p":[-108.65374755859375,1018.7186889648438,-306.3941955566406,0.58248370885849,0,0.8128423690795898,0,1,0,-0.8128423690795898,0,0.58248370885849]},{"p":[-108.65374755859375,1018.7186889648438,-306.3941955566406,0.58248370885849,0,0.8128423690795898,0,1,0,-0.8128423690795898,0,0.58248370885849]},{"p":[-108.65374755859375,1018.7186889648438,-306.3941955566406,0.58248370885849,0,0.8128423690795898,0,1,0,-0.8128423690795898,0,0.58248370885849]},{"p":[-108.65374755859375,1018.7186889648438,-306.3941955566406,0.58248370885849,0,0.8128423690795898,0,1,0,-0.8128423690795898,0,0.58248370885849]},{"p":[-108.65374755859375,1018.7186889648438,-306.3941955566406,0.58248370885849,0,0.8128423690795898,0,1,0,-0.8128423690795898,0,0.58248370885849]},{"p":[-108.64833068847656,1018.7186889648438,-306.3428039550781,0.39885765314102175,0,0.9170128703117371,0,1,0,-0.9170128703117371,0,0.39885765314102175]},{"p":[-108.66020202636719,1018.7186889648438,-306.1721496582031,0.1519145518541336,0,0.9883936047554016,0,1,0,-0.9883936047554016,0,0.1519145518541336]},{"p":[-108.7061767578125,1018.7186889648438,-305.91748046875,-0.06706343591213227,0,0.9977487325668335,0,1,0,-0.9977487325668335,0,-0.06706343591213227]},{"p":[-108.7422866821289,1018.7186889648438,-305.72088623046877,-0.2073146104812622,0,0.9782743453979492,0,1,0,-0.9782743453979492,0,-0.2073146104812622]},{"p":[-108.82355499267578,1018.7186889648438,-305.397705078125,-0.3938257098197937,0,0.9191851019859314,0,1,0,-0.9191851019859314,0,-0.3938257098197937]},{"p":[-108.90701293945313,1018.7186889648438,-305.1445007324219,-0.5039373636245728,0,0.8637402057647705,0,1,0,-0.8637402057647705,0,-0.5039373636245728]},{"p":[-109.00180053710938,1018.7186889648438,-304.895263671875,-0.5858745574951172,0,0.8104017376899719,0,1,0,-0.8104017376899719,0,-0.5858745574951172]},{"p":[-109.10301971435547,1018.7186889648438,-304.6485900878906,-0.6483703851699829,0,0.7613250613212586,0,1,0,-0.7613250613212586,0,-0.6483703851699829]},{"p":[-109.20481872558594,1018.7186889648438,-304.4021301269531,-0.6979191899299622,0,0.7161765098571777,0,1,0,-0.7161765098571777,0,-0.6979191899299622]},{"p":[-109.3049087524414,1018.7186889648438,-304.15496826171877,-0.7383643984794617,0,0.6744019985198975,0,1,0,-0.6744019985198975,0,-0.7383643984794617]},{"p":[-109.39961242675781,1018.7186889648438,-303.90570068359377,-0.7727145552635193,0,0.6347537040710449,0,1,0,-0.6347537040710449,0,-0.7727145552635193]},{"p":[-109.46807861328125,1018.7186889648438,-303.7177734375,-0.7948956489562988,0,0.6067461967468262,0,1,0,-0.6067461967468262,0,-0.7948956489562988]},{"p":[-109.57777404785156,1018.7186889648438,-303.40301513671877,-0.8266993165016174,0,0.5626439452171326,0,1,0,-0.5626439452171326,0,-0.8266993165016174]},{"p":[-109.66283416748047,1018.7186889648438,-303.1502990722656,-0.8477293848991394,0,0.5304290056228638,0,1,0,-0.5304290056228638,0,-0.8477293848991394]},{"p":[-109.74262237548828,1018.7186889648438,-302.8958740234375,-0.8659393787384033,0,0.5001489520072937,0,1,0,-0.5001489520072937,0,-0.8659393787384033]},{"p":[-109.83607482910156,1018.7186889648438,-302.5758972167969,-0.8855968117713928,0,0.4644547998905182,0,1,0,-0.4644547998905182,0,-0.8855968117713928]},{"p":[-109.90380096435547,1018.7186889648438,-302.3179626464844,-0.8994014859199524,0,0.43712347745895388,0,1,0,-0.43712347745895388,0,-0.8994014859199524]},{"p":[-109.92444610595703,1018.7186889648438,-302.23876953125,-0.9005067348480225,0,0.4348421096801758,0,1,0,-0.4348421096801758,0,-0.9005067348480225]},{"p":[-109.9333267211914,1018.7186889648438,-302.2047119140625,-0.9007253646850586,0,0.43438899517059328,0,1,0,-0.43438899517059328,0,-0.9007253646850586]},{"p":[-109.933349609375,1018.7186889648438,-302.2046203613281,-0.900726318359375,0,0.4343869686126709,0,1,0,-0.4343869686126709,0,-0.900726318359375]},{"p":[-109.933349609375,1018.7186889648438,-302.2046203613281,-0.9007263779640198,0,0.4343869388103485,0,1,0,-0.4343869388103485,0,-0.9007263779640198]},{"p":[-109.933349609375,1018.7186889648438,-302.2046203613281,-0.9007263779640198,0,0.4343869388103485,0,1,0,-0.4343869388103485,0,-0.9007263779640198]},{"p":[-109.933349609375,1018.7186889648438,-302.2046203613281,-0.9007263779640198,0,0.4343869388103485,0,1,0,-0.4343869388103485,0,-0.9007263779640198]},{"p":[-109.933349609375,1018.7186889648438,-302.2046203613281,-0.9007263779640198,0,0.4343869388103485,0,1,0,-0.4343869388103485,0,-0.9007263779640198]},{"p":[-109.933349609375,1018.7186889648438,-302.2046203613281,-0.9007263779640198,0,0.4343869388103485,0,1,0,-0.4343869388103485,0,-0.9007263779640198]},{"p":[-109.933349609375,1018.7186889648438,-302.2046203613281,-0.9007263779640198,0,0.4343869388103485,0,1,0,-0.4343869388103485,0,-0.9007263779640198]},{"p":[-109.933349609375,1018.7186889648438,-302.2046203613281,-0.9007263779640198,0,0.4343869388103485,0,1,0,-0.4343869388103485,0,-0.9007263779640198]},{"p":[-109.933349609375,1018.7186889648438,-302.2046203613281,-0.9007263779640198,0,0.4343869388103485,0,1,0,-0.4343869388103485,0,-0.9007263779640198]},{"p":[-109.933349609375,1018.7186889648438,-302.2046203613281,-0.9007263779640198,0,0.4343869388103485,0,1,0,-0.4343869388103485,0,-0.9007263779640198]},{"p":[-109.933349609375,1018.7186889648438,-302.2046203613281,-0.9007263779640198,0,0.4343869388103485,0,1,0,-0.4343869388103485,0,-0.9007263779640198]},{"p":[-109.933349609375,1018.7186889648438,-302.2046203613281,-0.9007263779640198,0,0.4343869388103485,0,1,0,-0.4343869388103485,0,-0.9007263779640198]},{"p":[-109.933349609375,1018.7186889648438,-302.2046203613281,-0.9007263779640198,0,0.4343869388103485,0,1,0,-0.4343869388103485,0,-0.9007263779640198]},{"p":[-109.933349609375,1018.7186889648438,-302.2046203613281,-0.9007263779640198,0,0.4343869388103485,0,1,0,-0.4343869388103485,0,-0.9007263779640198]},{"p":[-109.933349609375,1018.7186889648438,-302.2046203613281,-0.9007263779640198,0,0.4343869388103485,0,1,0,-0.4343869388103485,0,-0.9007263779640198]},{"p":[-109.933349609375,1018.7186889648438,-302.2046203613281,-0.9007263779640198,0,0.4343869388103485,0,1,0,-0.4343869388103485,0,-0.9007263779640198]},{"p":[-109.933349609375,1018.7186889648438,-302.2046203613281,-0.9007263779640198,0,0.4343869388103485,0,1,0,-0.4343869388103485,0,-0.9007263779640198]},{"p":[-109.933349609375,1018.7186889648438,-302.2046203613281,-0.9007263779640198,0,0.4343869388103485,0,1,0,-0.4343869388103485,0,-0.9007263779640198]},{"p":[-109.933349609375,1018.7186889648438,-302.2046203613281,-0.9007263779640198,0,0.4343869388103485,0,1,0,-0.4343869388103485,0,-0.9007263779640198]},{"p":[-109.933349609375,1018.7186889648438,-302.2046203613281,-0.9007263779640198,0,0.4343869388103485,0,1,0,-0.4343869388103485,0,-0.9007263779640198]},{"p":[-110.02500915527344,1018.7186889648438,-302.149658203125,-0.8681553602218628,0,0.49629247188568118,0,1,0,-0.49629247188568118,0,-0.8681553602218628]},{"p":[-110.2446060180664,1018.7186889648438,-302.05340576171877,-0.8225395679473877,0,0.5687078237533569,0,1,0,-0.5687078237533569,0,-0.8225395679473877]},{"p":[-110.49761199951172,1018.7186889648438,-301.9711608886719,-0.7695714831352234,0,0.6385606527328491,0,1,0,-0.6385606527328491,0,-0.7695714831352234]},{"p":[-110.75045013427735,1018.7186889648438,-301.8864440917969,-0.7194672226905823,0,0.6945264339447022,0,1,0,-0.6945264339447022,0,-0.7194672226905823]},{"p":[-111.0063705444336,1018.7186889648438,-301.8115539550781,-0.6691311597824097,0,0.7431443333625794,0,1,0,-0.7431443333625794,0,-0.6691311597824097]},{"p":[-111.26701354980469,1018.7186889648438,-301.75543212890627,-0.6153668165206909,0,0.7882408499717712,0,1,0,-0.7882408499717712,0,-0.6153668165206909]},{"p":[-111.52802276611328,1018.7186889648438,-301.7007751464844,-0.5655485987663269,0,0.8247149586677551,0,1,0,-0.8247149586677551,0,-0.5655485987663269]},{"p":[-111.78842163085938,1018.7186889648438,-301.6433410644531,-0.5219022631645203,0,0.8530052900314331,0,1,0,-0.8530052900314331,0,-0.5219022631645203]},{"p":[-112.04816436767578,1018.7186889648438,-301.5829772949219,-0.4843423068523407,0,0.8748785853385925,0,1,0,-0.8748785853385925,0,-0.4843423068523407]},{"p":[-112.15739440917969,1018.7186889648438,-301.5574951171875,-0.48070278763771059,0,0.8768835663795471,0,1,0,-0.8768835663795471,0,-0.48070278763771059]},{"p":[-112.1621322631836,1018.7186889648438,-301.556396484375,-0.48060211539268496,0,0.8769387602806091,0,1,0,-0.8769387602806091,0,-0.48060211539268496]},{"p":[-112.1622314453125,1018.7186889648438,-301.5563659667969,-0.4805993437767029,0,0.8769403100013733,0,1,0,-0.8769403100013733,0,-0.4805993437767029]},{"p":[-112.1622314453125,1018.7186889648438,-301.5563659667969,-0.4805992543697357,0,0.8769403100013733,0,1,0,-0.8769403100013733,0,-0.4805992543697357]},{"p":[-112.1622314453125,1018.7186889648438,-301.5563659667969,-0.4805992543697357,0,0.8769403100013733,0,1,0,-0.8769403100013733,0,-0.4805992543697357]},{"p":[-112.1622314453125,1018.7186889648438,-301.5563659667969,-0.4805992543697357,0,0.8769403100013733,0,1,0,-0.8769403100013733,0,-0.4805992543697357]},{"p":[-112.1622314453125,1018.7186889648438,-301.5563659667969,-0.4805992543697357,0,0.8769403100013733,0,1,0,-0.8769403100013733,0,-0.4805992543697357]},{"p":[-112.1622314453125,1018.7186889648438,-301.5563659667969,-0.4805992543697357,0,0.8769403100013733,0,1,0,-0.8769403100013733,0,-0.4805992543697357]},{"p":[-112.1622314453125,1018.7186889648438,-301.5563659667969,-0.4805992543697357,0,0.8769403100013733,0,1,0,-0.8769403100013733,0,-0.4805992543697357]},{"p":[-112.1622314453125,1018.7186889648438,-301.5563659667969,-0.4805992543697357,0,0.8769403100013733,0,1,0,-0.8769403100013733,0,-0.4805992543697357]},{"p":[-112.1622314453125,1018.7186889648438,-301.5563659667969,-0.4805992543697357,0,0.8769403100013733,0,1,0,-0.8769403100013733,0,-0.4805992543697357]},{"p":[-112.1622314453125,1018.7186889648438,-301.5563659667969,-0.4805992543697357,0,0.8769403100013733,0,1,0,-0.8769403100013733,0,-0.4805992543697357]},{"p":[-112.1622314453125,1018.7186889648438,-301.5563659667969,-0.4805992543697357,0,0.8769403100013733,0,1,0,-0.8769403100013733,0,-0.4805992543697357]},{"p":[-112.1622314453125,1018.7186889648438,-301.5563659667969,-0.4805992543697357,0,0.8769403100013733,0,1,0,-0.8769403100013733,0,-0.4805992543697357]},{"p":[-112.1622314453125,1018.7186889648438,-301.5563659667969,-0.4805992543697357,0,0.8769403100013733,0,1,0,-0.8769403100013733,0,-0.4805992543697357]},{"p":[-112.1622314453125,1018.7186889648438,-301.5563659667969,-0.4805992543697357,0,0.8769403100013733,0,1,0,-0.8769403100013733,0,-0.4805992543697357]},{"p":[-112.1622314453125,1018.7186889648438,-301.5563659667969,-0.4805992543697357,0,0.8769403100013733,0,1,0,-0.8769403100013733,0,-0.4805992543697357]},{"p":[-112.1622314453125,1018.7186889648438,-301.5563659667969,-0.4805992543697357,0,0.8769403100013733,0,1,0,-0.8769403100013733,0,-0.4805992543697357]},{"p":[-112.1622314453125,1018.7186889648438,-301.5563659667969,-0.4805992543697357,0,0.8769403100013733,0,1,0,-0.8769403100013733,0,-0.4805992543697357]},{"p":[-112.1622314453125,1018.7186889648438,-301.5563659667969,-0.4805992543697357,0,0.8769403100013733,0,1,0,-0.8769403100013733,0,-0.4805992543697357]},{"p":[-112.1622314453125,1018.7186889648438,-301.5563659667969,-0.4805992543697357,0,0.8769403100013733,0,1,0,-0.8769403100013733,0,-0.4805992543697357]},{"p":[-112.1622314453125,1018.7186889648438,-301.5563659667969,-0.4805992543697357,0,0.8769403100013733,0,1,0,-0.8769403100013733,0,-0.4805992543697357]},{"p":[-112.1622314453125,1018.7186889648438,-301.5563659667969,-0.4805992543697357,0,0.8769403100013733,0,1,0,-0.8769403100013733,0,-0.4805992543697357]},{"p":[-112.1622314453125,1018.7186889648438,-301.5563659667969,-0.4805992543697357,0,0.8769403100013733,0,1,0,-0.8769403100013733,0,-0.4805992543697357]},{"p":[-112.1622314453125,1018.7186889648438,-301.5563659667969,-0.4805992543697357,0,0.8769403100013733,0,1,0,-0.8769403100013733,0,-0.4805992543697357]},{"p":[-112.1622314453125,1018.7186889648438,-301.5563659667969,-0.4805992543697357,0,0.8769403100013733,0,1,0,-0.8769403100013733,0,-0.4805992543697357]},{"p":[-112.1622314453125,1018.7186889648438,-301.5563659667969,-0.4805992543697357,0,0.8769403100013733,0,1,0,-0.8769403100013733,0,-0.4805992543697357]},{"p":[-112.1622314453125,1018.7186889648438,-301.5563659667969,-0.4805992543697357,0,0.8769403100013733,0,1,0,-0.8769403100013733,0,-0.4805992543697357]},{"p":[-112.1622314453125,1018.7186889648438,-301.5563659667969,-0.4805992543697357,0,0.8769403100013733,0,1,0,-0.8769403100013733,0,-0.4805992543697357]}],"d":2.106100082397461}