{"data":[{"type":"position","time":0.01187443733215332,"pos":[302.2492370605469,5.361509799957275,347.2701416015625,0,0,-1,0,1,0,1,0,0]},{"type":"position","time":0.04951906204223633,"pos":[302.2492370605469,5.361509799957275,347.2701416015625,0,0,-1,0,1,0,1,0,0]},{"type":"position","time":0.060877323150634769,"pos":[302.2492370605469,5.361509799957275,347.2701416015625,0,0,-1,0,1,0,1,0,0]},{"type":"position","time":0.08154702186584473,"pos":[302.2492370605469,5.361509799957275,347.2701416015625,0,0,-1,0,1,0,1,0,0]},{"type":"position","time":0.09496808052062988,"pos":[302.2492370605469,5.361509799957275,347.2701416015625,0,0,-1,0,1,0,1,0,0]},{"type":"position","time":0.1083228588104248,"pos":[302.2492370605469,5.361509799957275,347.2701416015625,0,0,-1,0,1,0,1,0,0]},{"type":"position","time":0.12251710891723633,"pos":[302.2492370605469,5.361509799957275,347.2701416015625,0,0,-1,0,1,0,1,0,0]},{"type":"position","time":0.14128947257995606,"pos":[302.2492370605469,5.361509799957275,347.2701416015625,0,0,-1,0,1,0,1,0,0]},{"type":"position","time":0.15971708297729493,"pos":[302.2492370605469,5.361509799957275,347.2701416015625,0,0,-1,0,1,0,1,0,0]},{"type":"position","time":0.17867350578308106,"pos":[302.2492370605469,5.361509799957275,347.2701416015625,0,0,-1,0,1,0,1,0,0]},{"type":"position","time":0.19285345077514649,"pos":[302.2492370605469,5.361509799957275,347.2701416015625,0,0,-1,0,1,0,1,0,0]},{"type":"position","time":0.2061161994934082,"pos":[302.2492370605469,5.361509799957275,347.2701416015625,0,0,-1,0,1,0,1,0,0]},{"type":"position","time":0.2243189811706543,"pos":[302.2492370605469,5.361509799957275,347.2701416015625,0,0,-1,0,1,0,1,0,0]},{"type":"position","time":0.24164748191833497,"pos":[302.2492370605469,5.361509799957275,347.2701416015625,0,0,-1,0,1,0,1,0,0]},{"type":"position","time":0.2572512626647949,"pos":[302.2492370605469,5.361509799957275,347.2701416015625,0,0,-1,0,1,0,1,0,0]},{"type":"position","time":0.27399730682373049,"pos":[302.2492370605469,5.361509799957275,347.2701416015625,0,0,-1,0,1,0,1,0,0]},{"type":"position","time":0.29023075103759768,"pos":[302.2492370605469,5.361509799957275,347.2701416015625,0,0,-1,0,1,0,1,0,0]},{"type":"position","time":0.306887149810791,"pos":[302.2492370605469,5.361509799957275,347.2701416015625,0,0,-1,0,1,0,1,0,0]},{"type":"position","time":0.3246891498565674,"pos":[302.2492370605469,5.361509799957275,347.2701416015625,0,0,-1,0,1,0,1,0,0]},{"type":"position","time":0.3451075553894043,"pos":[302.2492370605469,5.361509799957275,347.2701416015625,0,0,-1,0,1,0,1,0,0]},{"type":"position","time":0.36202335357666018,"pos":[302.2492370605469,5.361509799957275,347.2701416015625,0,0,-1,0,1,0,1,0,0]},{"type":"position","time":0.3781602382659912,"pos":[302.2492370605469,5.361509799957275,347.2701416015625,0,0,-1,0,1,0,1,0,0]},{"type":"position","time":0.39129638671875,"pos":[302.2492370605469,5.361509799957275,347.2701416015625,0,0,-1,0,1,0,1,0,0]},{"type":"position","time":0.40652036666870119,"pos":[302.2492370605469,5.361509799957275,347.2701416015625,0,0,-1,0,1,0,1,0,0]},{"type":"position","time":0.4254162311553955,"pos":[302.2492370605469,5.361509799957275,347.2701416015625,0,0,-1,0,1,0,1,0,0]},{"type":"position","time":0.4404416084289551,"pos":[302.2492370605469,5.361509799957275,347.2701416015625,0,0,-1,0,1,0,1,0,0]},{"type":"position","time":0.4571723937988281,"pos":[302.2492370605469,5.361509799957275,347.2701416015625,0,0,-1,0,1,0,1,0,0]},{"type":"position","time":0.4758591651916504,"pos":[302.2492370605469,5.361509799957275,347.2701416015625,0,0,-1,0,1,0,1,0,0]},{"type":"position","time":0.4893763065338135,"pos":[302.2492370605469,5.361509799957275,347.2701416015625,0,0,-1,0,1,0,1,0,0]},{"type":"position","time":0.5058200359344482,"pos":[302.2492370605469,5.361509799957275,347.2701416015625,0,0,-1,0,1,0,1,0,0]},{"type":"position","time":0.5255541801452637,"pos":[302.2492370605469,5.361509799957275,347.2701416015625,0,0,-1,0,1,0,1,0,0]},{"type":"position","time":0.542898416519165,"pos":[302.2492370605469,5.361509799957275,347.2701416015625,0,0,-1,0,1,0,1,0,0]},{"type":"position","time":0.5596377849578857,"pos":[302.2492370605469,5.361509799957275,347.2701416015625,0,0,-1,0,1,0,1,0,0]},{"type":"position","time":0.5768651962280273,"pos":[302.2841491699219,5.361508369445801,347.026123046875,0.17525555193424226,-0.00013917867909185588,-0.9845229387283325,0.00001097810672945343,1,-0.00013941239740233868,0.9845229983329773,0.000013624598977912683,0.17525555193424226]},{"type":"position","time":0.5929698944091797,"pos":[302.31561279296877,5.361512184143066,346.7620544433594,0.34202542901039126,-0.0002657785371411592,-0.9396906495094299,0.00003733931589522399,0.9999999403953552,-0.00026924556004814804,0.9396907091140747,0.00005700142355635762,0.34202542901039126]},{"type":"position","time":0.6077985763549805,"pos":[302.3414306640625,5.355802536010742,346.5634460449219,0.44874951243400576,-0.00025795685360208154,-0.8936575651168823,0.00004194175562588498,0.9999999403953552,-0.0002675918804015964,0.8936575651168823,0.00008260015601990744,0.44874951243400576]},{"type":"position","time":0.6259791851043701,"pos":[302.3818664550781,5.356961250305176,346.2994689941406,0.5640988349914551,-0.00017916671640705317,-0.8257072567939758,0.000028113092412240804,1,-0.00019777972192969173,0.8257072567939758,0.00008835412154439837,0.5640988349914551]},{"type":"position","time":0.6423873901367188,"pos":[302.4378967285156,5.359166145324707,345.9705505371094,0.6743602156639099,-0.00009973821579478681,-0.7384025454521179,0.000011597351658565458,1,-0.0001244814629899338,0.7384025454521179,0.00007538183126598597,0.6743602156639099]},{"type":"position","time":0.6593072414398193,"pos":[302.4761657714844,5.360002040863037,345.7740478515625,0.724303126335144,-0.00007170203025452793,-0.6894816756248474,0.000007086737241479568,1,-0.00009654945461079478,0.6894816756248474,0.0000650448928354308,0.724303126335144]},{"type":"position","time":0.6771488189697266,"pos":[302.55145263671877,5.360799312591553,345.44915771484377,0.7858666777610779,-0.000037836391129530969,-0.618395984172821,0.0000033212388643732995,1,-0.000056964054238051179,0.618395984172821,0.00004271231227903627,0.7858666777610779]},{"type":"position","time":0.690711259841919,"pos":[302.6009216308594,5.361059188842773,345.25531005859377,0.8133911490440369,-0.000026179504857282155,-0.5817171335220337,0.0000021275191102176906,1,-0.00004202901618555188,0.5817171335220337,0.00003294841735623777,0.8133911490440369]},{"type":"position","time":0.708258867263794,"pos":[302.67694091796877,5.361264228820801,344.9996643066406,0.8403197526931763,-0.000014746925444342196,-0.5420910120010376,0.0000010348295518269879,1,-0.000025599645596230404,0.5420910120010376,0.000020950916223227979,0.8403197526931763]},{"type":"position","time":0.7290964126586914,"pos":[302.7817077636719,5.282145023345947,344.6831359863281,0.8640548586845398,-0.000006848521479696501,-0.5033976435661316,3.4408606097713348e-7,1,-0.000013013988791499287,0.5033976435661316,0.000011071588232880459,0.8640548586845398]},{"type":"position","time":0.7443599700927734,"pos":[302.873046875,5.156946182250977,344.4325866699219,0.8770663142204285,-0.000003840352292172611,-0.4803692698478699,1.5018777332898026e-7,1,-0.000007720367648289539,0.4803692698478699,0.000006699128789477982,0.8770663142204285]},{"type":"position","time":0.7590131759643555,"pos":[302.97357177734377,5.015961170196533,344.1856384277344,0.8853434324264526,-0.0000018297646420251113,-0.46493756771087649,5.4501050783528629e-8,1,-0.000003831723915936891,0.46493756771087649,0.0000033670521588646808,0.8853434324264526]},{"type":"position","time":0.7752580642700195,"pos":[303.0539855957031,4.915349960327148,344.0025329589844,0.8892166614532471,-8.760351306591474e-7,-0.4574863016605377,1.6057796869972664e-8,1,-0.0000018836766457752674,0.4574863016605377,0.0000016676505083523808,0.8892166614532471]},{"type":"position","time":0.7922093868255615,"pos":[303.1682434082031,4.8015456199646,343.7615661621094,0.8917820453643799,-1.8370975851667027e-7,-0.4524652361869812,-8.562420994451259e-9,1,-4.2289562429687069e-7,0.4524652361869812,3.8100492361081708e-7,0.8917820453643799]},{"type":"position","time":0.8083910942077637,"pos":[303.3175048828125,4.71734094619751,343.4635314941406,0.8925843238830566,2.885803596086589e-8,-0.4508805274963379,-3.6199248043544687e-9,1,5.6837556883237997e-8,0.4508805274963379,-4.9100158605597247e-8,0.8925843238830566]},{"type":"position","time":0.825326681137085,"pos":[303.41094970703127,4.64547061920166,343.2867126464844,0.8920072913169861,2.987563973988472e-8,-0.4520210325717926,6.434448529546444e-10,1,6.736323143741174e-8,0.4520210325717926,-6.03793424147625e-8,0.8920072913169861]},{"type":"position","time":0.8423755168914795,"pos":[303.5424499511719,4.534499168395996,343.0547180175781,0.8895279765129089,-6.953818854071869e-8,-0.45688074827194216,4.292993960319791e-9,1,-1.438437777778745e-7,0.45688074827194216,1.2599167575899629e-7,0.8895279765129089]},{"type":"position","time":0.8583929538726807,"pos":[303.678466796875,4.5196943283081059,342.8253479003906,0.8859355449676514,-2.173554491946561e-7,-0.4638083577156067,9.41909439333699e-10,1,-4.6683285859216996e-7,0.4638083577156067,4.131469779622421e-7,0.8859355449676514]},{"type":"position","time":0.8779842853546143,"pos":[303.8550109863281,4.532433986663818,342.5426025390625,0.8801313638687134,-4.047934965001332e-7,-0.47473016381263735,-2.691902034612781e-9,1,-8.576718641961634e-7,0.47473016381263735,7.561419010926329e-7,0.8801313638687134]},{"type":"position","time":0.8932411670684815,"pos":[304.00146484375,4.539995193481445,342.3197937011719,0.8746063113212586,-5.503819693331025e-7,-0.48483383655548098,-5.0481050450912338e-9,1,-0.000001144303496403154,0.48483383655548098,0.00000100326246865734,0.8746063113212586]},{"type":"position","time":0.9069423675537109,"pos":[304.1158447265625,4.543526649475098,342.15576171875,0.869651734828949,-7.044852168291982e-7,-0.4936657249927521,-7.571264504235842e-9,1,-0.0000014403867680812255,0.4936657249927521,0.0000012563725704239915,0.869651734828949]},{"type":"position","time":0.9280569553375244,"pos":[304.27362060546877,4.546364784240723,341.9407958984375,0.861952006816864,-0.00000100544400538638,-0.5069898366928101,-1.3661234810058432e-8,1,-0.0000020063898773514667,0.5069898366928101,0.0000017363379356538645,0.861952006816864]},{"type":"position","time":0.9445037841796875,"pos":[304.4755554199219,4.548185348510742,341.6756286621094,0.8516026139259338,-0.0000012496079762058799,-0.5241879224777222,-2.0713098791702579e-8,1,-0.000002417544010313577,0.5241879224777222,0.000002069644324365072,0.8516026139259338]},{"type":"position","time":0.9579846858978272,"pos":[304.6000671386719,4.54877233505249,341.5191345214844,0.8450724482536316,-0.000001316328052780591,-0.5346518158912659,-2.2249860620604524e-8,1,-0.0000024971966468001485,0.5346518158912659,0.0000021222081159066876,0.8450724482536316]},{"type":"position","time":0.981759786605835,"pos":[304.85797119140627,4.549379825592041,341.21343994140627,0.8302110433578491,-0.000001656438712416275,-0.5574491620063782,-2.8882867653123868e-8,1,-0.000003014476760654361,0.5574491620063782,0.0000025187525807268686,0.8302110433578491]},{"type":"position","time":0.998908281326294,"pos":[305.0333557128906,4.549591541290283,341.0125427246094,0.8202836513519287,-0.0000017122545159509173,-0.5719568729400635,-3.0974753428836269e-8,1,-0.0000030381006581592375,0.5719568729400635,0.000002509820660634432,0.8202836513519287]},{"type":"position","time":1.012009859085083,"pos":[305.1694030761719,4.549692630767822,340.865966796875,0.8121992349624634,-0.000001757976633598446,-0.5833801627159119,-3.115316715707195e-8,1,-0.0000030568048714485487,0.5833801627159119,0.0000025009087494254347,0.8121992349624634]},{"type":"position","time":1.0262565612792969,"pos":[305.3089294433594,4.549776554107666,340.7226867675781,0.8033828139305115,-0.000001986385996133322,-0.5954628586769104,-3.485840949224439e-8,1,-0.0000033828987398010215,0.5954628586769104,0.0000027385196972318228,0.8033828139305115]},{"type":"position","time":1.043642520904541,"pos":[305.4984130859375,4.549881935119629,340.53509521484377,0.7909920811653137,-0.000002315536903552129,-0.6118263602256775,-4.400953201866287e-8,1,-0.000003841528268822003,0.6118263602256775,0.0000030655446607852356,0.7909920811653137]},{"type":"position","time":1.0585546493530274,"pos":[305.6910095214844,4.549952983856201,340.35064697265627,0.7784225940704346,-0.0000024273315375467065,-0.6277406215667725,-4.781631446348911e-8,1,-0.000003926068529835902,0.6277406215667725,0.0000030861567665851909,0.7784225940704346]},{"type":"position","time":1.076798677444458,"pos":[305.9366455078125,4.550034046173096,340.1253356933594,0.7622444033622742,-0.0000024576268060627628,-0.6472893357276917,-4.55227500140154e-8,1,-0.000003850405391858658,0.6472893357276917,0.0000029644163532793756,0.7622444033622742]},{"type":"position","time":1.0905933380126954,"pos":[306.0855407714844,4.55008602142334,339.9917907714844,0.7529115676879883,-0.000002382669435974094,-0.6581217050552368,-4.1616761592422338e-8,1,-0.0000036680194170912729,0.6581217050552368,0.0000027890830551768888,0.7529115676879883]},{"type":"position","time":1.1077547073364258,"pos":[306.1474914550781,4.550140380859375,339.9366149902344,0.7490909099578857,-0.0000011004058251273819,-0.6624671816825867,-7.155799508495875e-9,1,-0.0000016691635664756178,0.6624671816825867,0.00000125509575354954,0.7490909099578857]},{"type":"position","time":1.1217660903930665,"pos":[306.1489562988281,4.550167083740234,339.935302734375,0.7486890554428101,-1.9763353975577048e-7,-0.6629213690757752,4.2678758305214618e-9,1,-2.9330510642466836e-7,0.6629213690757752,2.1676505923551304e-7,0.7486890554428101]},{"type":"position","time":1.137373447418213,"pos":[306.1490478515625,4.5501885414123539,339.9352722167969,0.7486010789871216,1.218413530068574e-7,-0.663020670413971,3.1164761882251925e-9,1,1.872857922080584e-7,0.663020670413971,-1.422686324303868e-7,0.7486010789871216]},{"type":"position","time":1.1575288772583008,"pos":[306.1490478515625,4.5502028465271,339.9352722167969,0.748590350151062,4.702535250089568e-8,-0.6630328297615051,-9.521731181294513e-10,1,6.984958389466556e-8,0.6630328297615051,-5.1657398358884168e-8,0.748590350151062]},{"type":"position","time":1.1708757877349854,"pos":[306.1490478515625,4.550208568572998,339.9352722167969,0.7485896348953247,-2.2248727304940986e-8,-0.6630336046218872,-4.122754582169819e-9,1,-3.821070038156904e-8,0.6630336046218872,3.133765957841206e-8,0.7485896348953247]},{"type":"position","time":1.191452980041504,"pos":[306.1490478515625,4.550211429595947,339.9352722167969,0.7485895752906799,-5.541256697938479e-8,-0.663033664226532,-4.509068673996808e-9,1,-8.866518896866182e-8,0.663033664226532,6.936350160913207e-8,0.7485895752906799]},{"type":"position","time":1.2034690380096436,"pos":[306.1490478515625,4.55021333694458,339.9352722167969,0.7485895752906799,-7.653618183667277e-8,-0.663033664226532,-3.9682301888888109e-9,1,-1.199136079321761e-7,0.663033664226532,9.239714415798517e-8,0.7485895752906799]},{"type":"position","time":1.2253990173339844,"pos":[306.1490478515625,4.5502142906188969,339.9352722167969,0.7485895752906799,-5.165271232954183e-8,-0.663033664226532,-1.7246797323622332e-9,1,-7.985082817185685e-8,0.663033664226532,6.091902093885438e-8,0.7485895752906799]},{"type":"position","time":1.2417972087860108,"pos":[306.1490478515625,4.5502142906188969,339.9352722167969,0.7485895752906799,-2.679050403742167e-8,-0.663033664226532,5.169575323371589e-10,1,-3.98222859132602e-8,0.663033664226532,2.946778643320158e-8,0.7485895752906799]},{"type":"position","time":1.2583417892456055,"pos":[306.1490478515625,4.5502142906188969,339.9352722167969,0.7485895752906799,-1.9495383085654795e-9,-0.663033664226532,2.756682437876634e-9,1,1.7206604197017584e-10,0.663033664226532,-1.956580231166072e-9,0.7485895752906799]},{"type":"position","time":1.2713522911071778,"pos":[306.1490478515625,4.5502142906188969,339.9352722167969,0.7485895752906799,1.666725601978669e-8,-0.663033664226532,4.43522329973689e-9,1,3.01454043949434e-8,0.663033664226532,-2.5507238987643178e-8,0.7485895752906799]},{"type":"position","time":1.2917912006378174,"pos":[306.1490478515625,4.5502142906188969,339.9352722167969,0.7485895752906799,4.766874539541277e-8,-0.663033664226532,7.230407828018315e-9,1,8.00583066506988e-8,0.663033664226532,-6.472481572927791e-8,0.7485895752906799]},{"type":"position","time":1.3044393062591553,"pos":[306.1490478515625,4.5502142906188969,339.9352722167969,0.7485895752906799,6.181372924629614e-8,-0.663033664226532,8.14939049575969e-9,1,1.0242960968298576e-7,0.663033664226532,-8.208105839457858e-8,0.7485895752906799]},{"type":"position","time":1.3235626220703126,"pos":[306.1490478515625,4.5502142906188969,339.9352722167969,0.7485895752906799,4.4063146020789648e-8,-0.663033664226532,5.124208168894029e-9,1,7.22423010302009e-8,0.663033664226532,-5.747735443151214e-8,0.7485895752906799]},{"type":"position","time":1.339322566986084,"pos":[306.1490478515625,4.5502142906188969,339.9352722167969,0.7485895752906799,2.6327729329977957e-8,-0.663033664226532,2.1016042239807577e-9,1,4.208077086786943e-8,0.663033664226532,-3.289466121714213e-8,0.7485895752906799]},{"type":"position","time":1.3544628620147706,"pos":[306.1490478515625,4.5502142906188969,339.9352722167969,0.7485895752906799,8.607461410292672e-9,-0.663033664226532,-9.184239480042322e-10,1,1.1945002320601361e-8,0.663033664226532,-8.332958323364892e-9,0.7485895752906799]},{"type":"position","time":1.3722751140594483,"pos":[306.1490478515625,4.5502142906188969,339.9352722167969,0.7485895752906799,-9.097668396407244e-9,-0.663033664226532,-3.935877401772814e-9,1,-1.816502859242064e-8,0.663033664226532,1.6207769348852709e-8,0.7485895752906799]},{"type":"position","time":1.3902952671051026,"pos":[306.1490478515625,4.5502142906188969,339.9352722167969,0.7485895752906799,-2.6787670748262827e-8,-0.663033664226532,-6.950759523505212e-9,1,-4.8249340522943388e-8,0.663033664226532,4.072754222761432e-8,0.7485895752906799]},{"type":"position","time":1.4074246883392335,"pos":[306.1490478515625,4.5502142906188969,339.9352722167969,0.7485895752906799,-4.446255985612879e-8,-0.663033664226532,-9.963072145069419e-9,1,-7.830795567542737e-8,0.663033664226532,6.522637363559625e-8,0.7485895752906799]},{"type":"position","time":1.4490702152252198,"pos":[306.1490478515625,4.5502142906188969,339.9352722167969,0.7485895752906799,-5.280206494262529e-8,-0.663033664226532,-1.0514900949942785e-8,1,-9.15087881026011e-8,0.663033664226532,7.547426150722458e-8,0.7485895752906799]},{"type":"position","time":1.4709558486938477,"pos":[306.1490478515625,4.5502142906188969,339.9352722167969,0.7485895752906799,-1.6547913261888426e-8,-0.663033664226532,-2.5988327045922689e-9,1,-2.7892056664313715e-8,0.663033664226532,2.2602815619165996e-8,0.7485895752906799]},{"type":"position","time":1.4979889392852784,"pos":[306.1490478515625,4.5502142906188969,339.9352722167969,0.7485895752906799,2.568988399787031e-8,-0.663033664226532,6.623791293236536e-9,1,4.62244784671384e-8,0.663033664226532,-3.899496192616425e-8,0.7485895752906799]},{"type":"position","time":1.511281967163086,"pos":[306.1490478515625,4.5502142906188969,339.9352722167969,0.7485895752906799,4.377246654030387e-8,-0.663033664226532,1.0572132502773002e-8,1,7.795479461947252e-8,0.663033664226532,-6.536583185834388e-8,0.7485895752906799]},{"type":"position","time":1.5229167938232422,"pos":[306.1490478515625,4.5502142906188969,339.9352722167969,0.7485895752906799,6.18434654597877e-8,-0.663033664226532,1.451794950924068e-8,1,1.0966478924956391e-7,0.663033664226532,-9.17198121896945e-8,0.7485895752906799]},{"type":"position","time":1.533712387084961,"pos":[306.1490478515625,4.5502142906188969,339.9352722167969,0.7485895752906799,4.983423096405204e-8,-0.663033664226532,1.1525972176684718e-8,1,8.817418972739688e-8,0.663033664226532,-7.364838694456921e-8,0.7485895752906799]},{"type":"position","time":1.555873155593872,"pos":[306.1490478515625,4.5502142906188969,339.9352722167969,0.7485895752906799,3.383389213240662e-8,-0.663033664226532,7.539650681565036e-9,1,5.9541466868040518e-8,0.663033664226532,-4.95711631742779e-8,0.7485895752906799]},{"type":"position","time":1.5722498893737794,"pos":[306.1490478515625,4.5502142906188969,339.9352722167969,0.7485895752906799,1.3852686997495312e-8,-0.663033664226532,2.5615314314109129e-9,1,2.3784949121363753e-8,0.663033664226532,-1.9503547221688679e-8,0.7485895752906799]},{"type":"position","time":1.5899498462677003,"pos":[306.1490478515625,4.5502142906188969,339.9352722167969,0.7485895752906799,-2.1169164199363878e-9,-0.663033664226532,-1.4171430695597565e-9,1,-4.7927803947800388e-9,0.663033664226532,4.5274388682514658e-9,0.7485895752906799]},{"type":"position","time":1.6044893264770508,"pos":[306.1490478515625,4.5502142906188969,339.9352722167969,0.7485895752906799,-1.8072874752306235e-8,-0.663033664226532,-5.392424284877961e-9,1,-3.334610099159363e-8,0.663033664226532,2.8537902707626018e-8,0.7485895752906799]},{"type":"position","time":1.620272159576416,"pos":[306.1490478515625,4.5502142906188969,339.9352722167969,0.7485895752906799,-3.003089688036198e-8,-0.663033664226532,-8.371661586181745e-9,1,-5.4745083133411757e-8,0.663033664226532,4.653229268569703e-8,0.7485895752906799]},{"type":"position","time":1.6382389068603516,"pos":[306.1490478515625,4.5502142906188969,339.9352722167969,0.7485895752906799,-4.596300584580604e-8,-0.663033664226532,-1.2341013544414637e-8,1,-8.325574185619189e-8,0.663033664226532,7.050688566323515e-8,0.7485895752906799]},{"type":"position","time":1.656067132949829,"pos":[306.1490478515625,4.5502142906188969,339.9352722167969,0.7485895752906799,-6.585900536038025e-8,-0.663033664226532,-1.7297946186545233e-8,1,-1.1885982331705236e-7,0.663033664226532,1.0044634279893217e-7,0.7485895752906799]},{"type":"position","time":1.6716742515563965,"pos":[306.1490478515625,4.5502142906188969,339.9352722167969,0.7485895752906799,-4.3128927984525947e-8,-0.663033664226532,-1.1202572203217187e-8,1,-7.769598653339927e-8,0.663033664226532,6.559008625117713e-8,0.7485895752906799]},{"type":"position","time":1.6863365173339844,"pos":[306.1490478515625,4.5502142906188969,339.9352722167969,0.7485895752906799,-2.609411531295791e-8,-0.663033664226532,-6.634454319254246e-9,1,-4.684618559736009e-8,0.663033664226532,3.946743376559425e-8,0.7485895752906799]},{"type":"position","time":1.7061023712158204,"pos":[306.1490478515625,4.5502142906188969,339.9352722167969,0.7485895752906799,-3.3980123159693677e-9,-0.663033664226532,-5.481765597004085e-10,1,-5.743858721984907e-9,0.663033664226532,4.663252450853861e-9,0.7485895752906799]},{"type":"position","time":1.719672679901123,"pos":[306.1490478515625,4.5502142906188969,339.9352722167969,0.7485895752906799,1.9278697749314234e-8,-0.663033664226532,5.532911462324819e-9,1,3.532336378953005e-8,0.663033664226532,-3.0111205973071267e-8,0.7485895752906799]},{"type":"position","time":1.7381696701049805,"pos":[306.1490478515625,4.5502142906188969,339.9352722167969,0.7485895752906799,4.193604041802246e-8,-0.663033664226532,1.160880813699805e-8,1,7.635551213525105e-8,0.663033664226532,-6.48559677074445e-8,0.7485895752906799]},{"type":"position","time":1.7612507343292237,"pos":[306.1490478515625,4.5502142906188969,339.9352722167969,0.7485895752906799,4.733832881242961e-8,-0.663033664226532,1.2925187142798223e-8,1,8.59895834537383e-8,0.663033664226532,-7.294074322317101e-8,0.7485895752906799]},{"type":"position","time":1.7842061519622803,"pos":[306.1490478515625,4.5502142906188969,339.9352722167969,0.7485895752906799,3.191251707335141e-8,-0.663033664226532,8.612222934800684e-9,1,5.785458156992718e-8,0.663033664226532,-4.9019529768656869e-8,0.7485895752906799]},{"type":"position","time":1.7995214462280274,"pos":[306.1490478515625,4.5502142906188969,339.9352722167969,0.7485895752906799,1.2648778913160186e-8,-0.663033664226532,3.2261875393402308e-9,1,2.271961463407024e-8,0.663033664226532,-1.9146737528785708e-8,0.7485895752906799]},{"type":"position","time":1.8098835945129395,"pos":[306.1490478515625,4.5502142906188969,339.9352722167969,0.7485895752906799,1.1004113176227293e-9,-0.663033664226532,-2.6760050338831e-12,1,1.6566400473649879e-9,0.663033664226532,-1.2383691849748857e-9,0.7485895752906799]},{"type":"position","time":1.8238568305969239,"pos":[306.1490478515625,4.5502142906188969,339.9352722167969,0.7485895752906799,-1.0440555087143366e-8,-0.663033664226532,-3.229474243582331e-9,1,-1.9392839334386737e-8,0.663033664226532,1.6658528778634719e-8,0.7485895752906799]},{"type":"position","time":1.838484525680542,"pos":[306.1490478515625,4.5502142906188969,339.9352722167969,0.7485895752906799,-2.581700364601147e-8,-0.663033664226532,-7.528663026334926e-9,1,-4.743783676985913e-8,0.663033664226532,4.050322743864854e-8,0.7485895752906799]},{"type":"position","time":1.8576853275299073,"pos":[306.1490478515625,4.5502142906188969,339.9352722167969,0.7485895752906799,-4.118031426969537e-8,-0.663033664226532,-1.1824185186526393e-8,1,-7.545887825699538e-8,0.663033664226532,6.432756549656915e-8,0.7485895752906799]},{"type":"position","time":1.8721706867218018,"pos":[306.1490478515625,4.5502142906188969,339.9352722167969,0.7485895752906799,-5.6530499392692948e-8,-0.663033664226532,-1.6116043610736598e-8,1,-1.0345598155936386e-7,0.663033664226532,8.813155005782392e-8,0.7485895752906799]},{"type":"position","time":1.890672206878662,"pos":[306.1490478515625,4.5502142906188969,339.9352722167969,0.7485895752906799,-5.30696802059083e-8,-0.663033664226532,-1.507299884906388e-8,1,-9.705867398679402e-8,0.663033664226532,8.265102025006854e-8,0.7485895752906799]},{"type":"position","time":1.903771162033081,"pos":[306.1490478515625,4.5502142906188969,339.9352722167969,0.7485895752906799,-3.6382111545663068e-8,-0.663033664226532,-1.0294149532796837e-8,1,-6.649467110264595e-8,0.663033664226532,5.660258395323581e-8,0.7485895752906799]},{"type":"position","time":1.920341968536377,"pos":[306.1490478515625,4.5502142906188969,339.9352722167969,0.7485895752906799,-1.4148657356827244e-8,-0.663033664226532,-3.927097758094078e-9,1,-2.577311342122357e-8,0.663033664226532,2.1897282209693004e-8,0.7485895752906799]},{"type":"position","time":1.9371628761291505,"pos":[306.1490478515625,4.5502142906188969,339.9352722167969,0.7485895752906799,8.065797807432773e-9,-0.663033664226532,2.434524581929054e-9,1,1.4913657864212838e-8,0.663033664226532,-1.2778381019984409e-8,0.7485895752906799]},{"type":"position","time":1.9574050903320313,"pos":[306.1490478515625,4.5502142906188969,339.9352722167969,0.7485895752906799,3.02612725988638e-8,-0.663033664226532,8.790720151807819e-9,1,5.556567828080006e-8,0.663033664226532,-4.742443238114902e-8,0.7485895752906799]},{"type":"position","time":1.978370189666748,"pos":[306.1490478515625,4.5502142906188969,339.9352722167969,0.7485895752906799,5.416406523295336e-8,-0.663033664226532,1.562070117699932e-8,1,9.932762878861468e-8,0.663033664226532,-8.471268131415855e-8,0.7485895752906799]},{"type":"position","time":1.9968111515045167,"pos":[306.1490478515625,4.5502142906188969,339.9352722167969,0.7485895752906799,4.2724281001937928e-8,-0.663033664226532,1.229920876255619e-8,1,7.83238363055716e-8,0.663033664226532,-6.678719444153103e-8,0.7485895752906799]},{"type":"position","time":2.00985050201416,"pos":[306.1490478515625,4.5502142906188969,339.9352722167969,0.7485895752906799,2.3674260773987045e-8,-0.663033664226532,6.768105187404672e-9,1,4.334741277034482e-8,0.663033664226532,-3.693690331374455e-8,0.7485895752906799]},{"type":"position","time":2.0254173278808595,"pos":[306.1490478515625,4.5502142906188969,339.9352722167969,0.7485895752906799,1.225401291549133e-8,-0.663033664226532,3.452274910387132e-9,1,2.2379483155532399e-8,0.663033664226532,-1.9042021293103063e-8,0.7485895752906799]},{"type":"position","time":2.0381367206573488,"pos":[306.1490478515625,4.5502142906188969,339.9352722167969,0.7485895752906799,-2.9616011865130078e-9,-0.663033664226532,-9.65530544405624e-10,1,-5.556862969768872e-9,0.663033664226532,4.799988850834325e-9,0.7485895752906799]},{"type":"position","time":2.0522313117980959,"pos":[306.1490478515625,4.5502142906188969,339.9352722167969,0.7485895752906799,-1.4364779588049715e-8,-0.663033664226532,-4.276412113313199e-9,1,-2.649346164673716e-8,0.663033664226532,2.266813403650758e-8,0.7485895752906799]},{"type":"position","time":2.0727763175964357,"pos":[306.1490478515625,4.5502142906188969,339.9352722167969,0.7485895752906799,-3.335383880198606e-8,-0.663033664226532,-9.789841826091106e-9,1,-6.13579871355796e-8,0.663033664226532,5.2422944207819458e-8,0.7485895752906799]},{"type":"position","time":2.0842502117156984,"pos":[306.1490478515625,4.5502142906188969,339.9352722167969,0.7485895752906799,-4.473753634215427e-8,-0.663033664226532,-1.3095078799096882e-8,1,-8.225883618706576e-8,0.663033664226532,7.026058312931127e-8,0.7485895752906799]},{"type":"position","time":2.104869842529297,"pos":[306.1490478515625,4.5502142906188969,339.9352722167969,0.7485895752906799,-5.99044582827446e-8,-0.663033664226532,-1.7498773985380468e-8,1,-1.1010580180936813e-7,0.663033664226532,9.402633338595479e-8,0.7485895752906799]},{"type":"position","time":2.119950771331787,"pos":[306.1490478515625,4.5502142906188969,339.9352722167969,0.7485895752906799,-5.550095494299967e-8,-0.663033664226532,-1.6194565688465447e-8,1,-1.0199186561976603e-7,0.663033664226532,8.708759224873575e-8,0.7485895752906799]},{"type":"position","time":2.136356830596924,"pos":[306.1490478515625,4.5502142906188969,339.9352722167969,0.7485895752906799,-3.155212624506021e-8,-0.663033664226532,-9.189755623140173e-9,1,-5.796309565653246e-8,0.663033664226532,4.9483684705364797e-8,0.7485895752906799]},{"type":"position","time":2.151155948638916,"pos":[306.1490478515625,4.5502142906188969,339.9352722167969,0.7485895752906799,-7.623758513375379e-9,-0.663033664226532,-2.190919445865802e-9,1,-1.3971926726696893e-8,0.663033664226532,1.191189191729336e-8,0.7485895752906799]},{"type":"position","time":2.1729366779327394,"pos":[306.1490478515625,4.5502142906188969,339.9352722167969,0.7485895752906799,1.6284165127444795e-8,-0.663033664226532,4.801949060606603e-9,1,2.998166692691484e-8,0.663033664226532,-2.5627816313544828e-8,0.7485895752906799]},{"type":"position","time":2.1883249282836916,"pos":[306.1490478515625,4.5502142906188969,339.9352722167969,0.7485895752906799,4.017166332914712e-8,-0.663033664226532,1.1788853448990722e-8,1,7.389771639054743e-8,0.663033664226532,-6.313546663250236e-8,0.7485895752906799]},{"type":"position","time":2.2031373977661135,"pos":[306.1490478515625,4.5502142906188969,339.9352722167969,0.7485895752906799,5.449527051837322e-8,-0.663033664226532,1.5973665057344989e-8,1,1.0022566954148715e-7,0.663033664226532,-8.56189714681932e-8,0.7485895752906799]},{"type":"position","time":2.2225935459136965,"pos":[306.1490478515625,4.5502142906188969,339.9352722167969,0.7485895752906799,3.661362768525578e-8,-0.663033664226532,1.0719777066015013e-8,1,6.73243931714751e-8,0.663033664226532,-5.750591114406234e-8,0.7485895752906799]},{"type":"position","time":2.2380285263061525,"pos":[306.1490478515625,4.5502142906188969,339.9352722167969,0.7485895752906799,2.589380621031978e-8,-0.663033664226532,7.570129412215465e-9,1,4.7600487107501979e-8,0.663033664226532,-4.0652480493008628e-8,0.7485895752906799]},{"type":"position","time":2.2527239322662355,"pos":[306.1490478515625,4.5502142906188969,339.9352722167969,0.7485895752906799,1.1611392736199378e-8,-0.663033664226532,3.3737379556697535e-9,1,2.132159870882333e-8,0.663033664226532,-1.8198029749783019e-8,0.7485895752906799]},{"type":"position","time":2.2742321491241457,"pos":[306.1490478515625,4.5502142906188969,339.9352722167969,0.7485895752906799,-6.22446538756094e-9,-0.663033664226532,-1.8667163370622576e-9,1,-1.1495449037113304e-8,0.663033664226532,9.843069470605315e-9,0.7485895752906799]},{"type":"position","time":2.2869439125061037,"pos":[306.1490478515625,4.5502142906188969,339.9352722167969,0.7485895752906799,-2.047943681304787e-8,-0.663033664226532,-6.055059120768647e-9,1,-3.772386136802197e-8,0.663033664226532,3.225439826337606e-8,0.7485895752906799]},{"type":"position","time":2.3051555156707765,"pos":[306.1490478515625,4.5502142906188969,339.9352722167969,0.7485895752906799,-3.116267066616274e-8,-0.663033664226532,-9.193970917920069e-9,1,-5.738046837677757e-8,0.663033664226532,4.905033179625207e-8,0.7485895752906799]},{"type":"position","time":2.3204221725463869,"pos":[306.1490478515625,4.5502142906188969,339.9352722167969,0.7485895752906799,-4.539633380318264e-8,-0.663033664226532,-1.3376063812131634e-8,1,-8.356968805856013e-8,0.663033664226532,7.14281753744217e-8,0.7485895752906799]},{"type":"position","time":2.336656093597412,"pos":[306.1490478515625,4.5502142906188969,339.9352722167969,0.7485895752906799,-5.961783244856633e-8,-0.663033664226532,-1.7554588893631263e-8,1,-1.0973653274959361e-7,0.663033664226532,9.378690890571306e-8,0.7485895752906799]},{"id":"Workspace.Checkpoints.006-1.006-1.Primary.ProximityPrompt","type":"proximityPrompt","time":2.356300115585327},{"type":"position","time":2.3563742637634279,"pos":[306.1490478515625,4.5502142906188969,339.9352722167969,0.7485895752906799,-5.4650985958915047e-8,-0.663033664226532,-1.6086053378217003e-8,1,-1.0058740684826262e-7,0.663033664226532,8.596428102691789e-8,0.7485895752906799]},{"type":"position","time":2.3717198371887209,"pos":[306.1490478515625,4.5502142906188969,339.9352722167969,0.7485895752906799,-2.4490953265399186e-8,-0.663033664226532,-7.201528706701765e-9,1,-4.506851780661236e-8,0.663033664226532,3.8512677491553407e-8,0.7485895752906799]},{"type":"position","time":2.385268211364746,"pos":[306.1490478515625,4.5502142906188969,339.9352722167969,0.7485895752906799,-6.410396657940964e-9,-0.663033664226532,-1.875360533531989e-9,1,-1.1785633802219309e-8,0.663033664226532,1.0066029787481057e-8,0.7485895752906799]},{"type":"position","time":2.406907081604004,"pos":[306.1490478515625,4.5502142906188969,339.9352722167969,0.7485895752906799,1.7678987163094463e-8,-0.663033664226532,5.2208983802870538e-9,1,3.255837199844791e-8,0.663033664226532,-2.783449026821927e-8,0.7485895752906799]},{"type":"position","time":2.419678211212158,"pos":[306.1490478515625,4.5502142906188969,339.9352722167969,0.7485895752906799,4.174778922561018e-8,-0.663033664226532,1.2311102359774395e-8,1,7.686450231858544e-8,0.663033664226532,-6.570264332594889e-8,0.7485895752906799]},{"type":"position","time":2.436333179473877,"pos":[306.1490478515625,4.5502142906188969,339.9352722167969,0.7485895752906799,5.6025623251798609e-8,-0.663033664226532,1.6515503631353569e-8,1,1.0314553122725556e-7,0.663033664226532,-8.816400054456608e-8,0.7485895752906799]},{"type":"position","time":2.455312728881836,"pos":[306.1490478515625,4.5502142906188969,339.9352722167969,0.7485895752906799,4.09925640099118e-8,-0.663033664226532,1.2080731082164675e-8,1,7.546535840674551e-8,0.663033664226532,-6.4502515328968e-8,0.7485895752906799]},{"type":"position","time":2.4684205055236818,"pos":[306.1490478515625,4.5502142906188969,339.9352722167969,0.7485895752906799,2.5972347827973864e-8,-0.663033664226532,7.649742173043706e-9,1,4.780883244848155e-8,0.663033664226532,-4.0861230843347587e-8,0.7485895752906799]},{"type":"position","time":2.4859578609466554,"pos":[306.1490478515625,4.5502142906188969,339.9352722167969,0.7485895752906799,1.096496315966533e-8,-0.663033664226532,3.222534461500004e-9,1,2.0175926707111104e-8,0.663033664226532,-1.724013820592063e-8,0.7485895752906799]},{"type":"position","time":2.503364324569702,"pos":[306.1490478515625,4.5502142906188969,339.9352722167969,0.7485895752906799,-4.02960198542246e-9,-0.663033664226532,-1.2008954941578054e-9,1,-7.433377913201866e-9,0.663033664226532,6.360783455505725e-9,0.7485895752906799]},{"type":"position","time":2.5201923847198488,"pos":[306.1490478515625,4.5502142906188969,339.9352722167969,0.7485895752906799,-1.9011354268627657e-8,-0.663033664226532,-5.6205529119779389e-9,1,-3.501909873193654e-8,0.663033664226532,2.9941549684053828e-8,0.7485895752906799]},{"type":"position","time":2.5381243228912355,"pos":[306.1490478515625,4.5502142906188969,339.9352722167969,0.7485895752906799,-3.3980306568537347e-8,-0.663033664226532,-1.0036442787964006e-8,1,-6.25812575094642e-8,0.663033664226532,5.3502176911024438e-8,0.7485895752906799]},{"type":"position","time":2.5539145469665529,"pos":[306.1490478515625,4.5502142906188969,339.9352722167969,0.7485895752906799,-4.893646732284651e-8,-0.663033664226532,-1.4448564122915286e-8,1,-9.011987600615612e-8,0.663033664226532,7.7042685120432e-8,0.7485895752906799]},{"type":"position","time":2.570570707321167,"pos":[306.1490478515625,4.5502142906188969,339.9352722167969,0.7485895752906799,-6.387985251876671e-8,-0.663033664226532,-1.8856924910437557e-8,1,-1.1763497553829439e-7,0.663033664226532,1.005630920758449e-7,0.7485895752906799]},{"type":"position","time":2.5918030738830568,"pos":[306.1490478515625,4.5502142906188969,339.9352722167969,0.7485895752906799,-4.154528809863223e-8,-0.663033664226532,-1.2262258763939826e-8,1,-7.650393740732398e-8,0.663033664226532,6.540034291901975e-8,0.7485895752906799]},{"type":"position","time":2.6056675910949709,"pos":[306.1490478515625,4.5502142906188969,339.9352722167969,0.7485895752906799,-1.3653916219880103e-8,-0.663033664226532,-4.026833533288254e-9,1,-2.5139542003671523e-8,0.663033664226532,2.148912514599033e-8,0.7485895752906799]},{"type":"position","time":2.6236202716827394,"pos":[306.1490478515625,4.5502142906188969,339.9352722167969,0.7485895752906799,8.63773408354973e-9,-0.663033664226532,2.5551858406913654e-9,1,1.59124944332234e-8,0.663033664226532,-1.3606101134655546e-8,0.7485895752906799]},{"type":"position","time":2.6423678398132326,"pos":[306.1490478515625,4.5502142906188969,339.9352722167969,0.7485895752906799,3.091034272983961e-8,-0.663033664226532,9.13158970661243e-9,1,5.692946913882224e-8,0.663033664226532,-4.867136027542074e-8,0.7485895752906799]},{"type":"position","time":2.6551880836486818,"pos":[306.1490478515625,4.5502142906188969,339.9352722167969,0.7485895752906799,5.316392659437952e-8,-0.663033664226532,1.57023851699023e-8,1,9.791141764026179e-8,0.663033664226532,-8.370668069801468e-8,0.7485895752906799]},{"type":"position","time":2.6682870388031008,"pos":[306.1490478515625,4.5502142906188969,339.9352722167969,0.7485895752906799,5.093668420386166e-8,-0.663033664226532,1.5043605472442324e-8,1,9.380846677231603e-8,0.663033664226532,-8.019845409990012e-8,0.7485895752906799]},{"type":"position","time":2.685969829559326,"pos":[306.1490478515625,4.5502142906188969,339.9352722167969,0.7485895752906799,3.537133608233489e-8,-0.663033664226532,1.0445346809717649e-8,1,6.514090244991167e-8,0.663033664226532,-5.568941929823268e-8,0.7485895752906799]},{"type":"position","time":2.706052541732788,"pos":[306.1490478515625,4.5502142906188969,339.9352722167969,0.7485895752906799,1.593334353344744e-8,-0.663033664226532,4.703040623610377e-9,1,2.934087817152431e-8,0.663033664226532,-2.5082549370836206e-8,0.7485895752906799]},{"type":"position","time":2.7190723419189455,"pos":[306.1490478515625,4.5502142906188969,339.9352722167969,0.7485895752906799,4.280511500809325e-9,-0.663033664226532,1.260596738106301e-9,1,7.87920928502217e-9,0.663033664226532,-6.7341123788366989e-9,0.7485895752906799]},{"type":"position","time":2.7392494678497316,"pos":[306.1490478515625,4.5502142906188969,339.9352722167969,0.7485895752906799,-1.5124280494660526e-8,-0.663033664226532,-4.471916614789961e-9,1,-2.7859687889986163e-8,0.663033664226532,2.3820502903504349e-8,0.7485895752906799]},{"type":"position","time":2.75150990486145,"pos":[306.1490478515625,4.5502142906188969,339.9352722167969,0.7485895752906799,-2.675720800482395e-8,-0