{"data":[{"type":"position","time":0.003246784210205078,"pos":[111.37528228759766,2.990241050720215,-40.70222854614258,-0.1846117079257965,1.2802363613673151e-8,0.9828115105628967,3.513499269303111e-9,1,-1.2366287549525623e-8,-0.9828115105628967,1.1701460911339723e-9,-0.1846117079257965]},{"type":"position","time":0.020134687423706056,"pos":[111.37528228759766,2.990241050720215,-40.70222854614258,-0.1846117079257965,5.918671064364389e-8,0.9828115105628967,1.4647157264846556e-8,1,-5.7470501246825736e-8,-0.9828115105628967,3.785667335165499e-9,-0.1846117079257965]},{"type":"position","time":0.0365142822265625,"pos":[111.37528228759766,2.990241050720215,-40.70222854614258,-0.1846117079257965,7.463493290060797e-8,0.9828115105628967,1.835520357928999e-8,1,-7.249238365147903e-8,-0.9828115105628967,4.656762087051902e-9,-0.1846117079257965]},{"type":"position","time":0.05239224433898926,"pos":[111.37528228759766,2.990241050720215,-40.70222854614258,-0.1846117079257965,1.0551156748306312e-7,0.9828115105628967,2.576653734820411e-8,1,-1.0251687143636446e-7,-0.9828115105628967,6.3978351505511459e-9,-0.1846117079257965]},{"type":"position","time":0.06952834129333496,"pos":[111.37528228759766,2.990241050720215,-40.70222854614258,-0.1846117079257965,1.0053816623667444e-7,0.9828115105628967,2.4465693471142914e-8,1,-9.770084119509193e-8,-0.9828115105628967,6.0084461850351548e-9,-0.1846117079257965]},{"type":"position","time":0.08529973030090332,"pos":[111.37528228759766,2.990241050720215,-40.70222854614258,-0.1846117079257965,5.976070127644562e-8,0.9828115105628967,1.4463842568090968e-8,1,-5.808896474945868e-8,-0.9828115105628967,3.4913278934567417e-9,-0.1846117079257965]},{"type":"position","time":0.10192537307739258,"pos":[111.37528228759766,2.990241050720215,-40.70222854614258,-0.1846117079257965,1.9018106200974217e-8,0.9828115105628967,4.470545267309944e-9,1,-1.851096698146648e-8,-0.9828115105628967,9.763623243230768e-10,-0.1846117079257965]},{"type":"position","time":0.1194312572479248,"pos":[111.37528228759766,2.990241050720215,-40.70222854614258,-0.1846117079257965,-2.1689647411449188e-8,0.9828115105628967,-5.514206868895144e-9,1,2.1033187636021468e-8,-0.9828115105628967,-1.5364530758787965e-9,-0.1846117079257965]},{"type":"position","time":0.1358027458190918,"pos":[111.37528228759766,2.990241050720215,-40.70222854614258,-0.1846117079257965,-6.236258798253403e-8,0.9828115105628967,-1.5490421390040866e-8,1,6.054352752471459e-8,-0.9828115105628967,-4.047119972483415e-9,-0.1846117079257965]},{"type":"position","time":0.1525576114654541,"pos":[111.37528228759766,2.990241050720215,-40.70222854614258,-0.1846117079257965,-1.0300075103941708e-7,0.9828115105628967,-2.5458103181108528e-8,1,1.0002008110632232e-7,-0.9828115105628967,-6.555639586736106e-9,-0.1846117079257965]},{"type":"position","time":0.1686413288116455,"pos":[111.37528228759766,2.990241050720215,-40.70222854614258,-0.1846117079257965,-1.051729157097725e-7,0.9828115105628967,-2.594368986308382e-8,1,1.0213901902034195e-7,-0.9828115105628967,-6.64169785835611e-9,-0.1846117079257965]},{"type":"position","time":0.18577027320861817,"pos":[111.37528228759766,2.990241050720215,-40.70222854614258,-0.1846117079257965,-6.892840787031673e-8,0.9828115105628967,-1.6959337045818758e-8,1,6.694825316344577e-8,-0.9828115105628967,-4.308401191366329e-9,-0.1846117079257965]},{"type":"position","time":0.2025434970855713,"pos":[111.37528228759766,2.990241050720215,-40.70222854614258,-0.1846117079257965,-3.2714890352281148e-8,0.9828115105628967,-7.9826669718841e-9,1,3.1787575238695356e-8,-0.9828115105628967,-1.977098929017984e-9,-0.1846117079257965]},{"type":"position","time":0.22325992584228517,"pos":[111.37528228759766,2.990241050720215,-40.70222854614258,-0.1846117079257965,2.1547341688687994e-8,0.9828115105628967,5.467949648618742e-9,1,-2.089708317498662e-8,-0.9828115105628967,1.5161175648259473e-9,-0.1846117079257965]},{"type":"position","time":0.23717069625854493,"pos":[111.37528228759766,2.990241050720215,-40.70222854614258,-0.1846117079257965,5.768350419543822e-8,0.9828115105628967,1.4425443950472073e-8,1,-5.5982653179853517e-8,-0.9828115105628967,3.842439255663521e-9,-0.1846117079257965]},{"type":"position","time":0.25807690620422366,"pos":[111.37528228759766,2.990241050720215,-40.70222854614258,-0.1846117079257965,9.378877052768076e-8,0.9828115105628967,2.3375280377990749e-8,1,-9.103822407041662e-8,-0.9828115105628967,6.166772426041689e-9,-0.1846117079257965]},{"type":"position","time":0.2745540142059326,"pos":[111.37528228759766,2.990241050720215,-40.70222854614258,-0.1846117079257965,9.516520549368579e-8,0.9828115105628967,2.3685663208539155e-8,1,-9.238043219284009e-8,-0.9828115105628967,6.224033732848966e-9,-0.1846117079257965]},{"type":"position","time":0.28682541847229006,"pos":[111.37528228759766,2.990241050720215,-40.70222854614258,-0.1846117079257965,7.85077105547316e-8,0.9828115105628967,1.952577832753377e-8,1,-7.6213005684167e-8,-0.9828115105628967,5.120346369125173e-9,-0.1846117079257965]},{"type":"position","time":0.30290675163269045,"pos":[111.37528228759766,2.990241050720215,-40.70222854614258,-0.1846117079257965,4.5214083144173858e-8,0.9828115105628967,1.1211342965111726e-8,1,-4.389889340927766e-8,-0.9828115105628967,2.9143876201231935e-9,-0.1846117079257965]},{"type":"position","time":0.31775689125061037,"pos":[111.37528228759766,2.990241050720215,-40.70222854614258,-0.1846117079257965,1.1948924516502757e-8,0.9828115105628967,2.904016360716355e-9,1,-1.1612407924133095e-8,-0.9828115105628967,7.103142518616323e-10,-0.1846117079257965]},{"type":"position","time":0.3346102237701416,"pos":[111.37528228759766,2.990241050720215,-40.70222854614258,-0.1846117079257965,-2.1287792861812706e-8,0.9828115105628967,-5.396207480856674e-9,1,2.0646471199370354e-8,-0.9828115105628967,-1.49187462383793e-9,-0.1846117079257965]},{"type":"position","time":0.3556830883026123,"pos":[111.37528228759766,2.990241050720215,-40.70222854614258,-0.1846117079257965,-7.108959465540465e-8,0.9828115105628967,-1.7833238885600623e-8,1,6.898308413383347e-8,-0.9828115105628967,-4.791628871458897e-9,-0.1846117079257965]},{"type":"position","time":0.370769739151001,"pos":[111.40000915527344,2.990241527557373,-40.70231628417969,-0.43826818466186526,-0.00003678115535876714,0.8988442420959473,-0.000008030381650314667,1,0.000037004956539021808,-0.8988442420959473,0.00000900003215065226,-0.43826818466186526]},{"type":"position","time":0.38863134384155276,"pos":[111.5125503540039,2.990241050720215,-40.692893981933597,-0.7167269587516785,-0.00008834111213218421,0.6973538994789124,-0.00003281247700215317,1,0.0000929564266698435,-0.6973538994789124,0.00004374246782390401,-0.7167269587516785]},{"type":"position","time":0.40471601486206057,"pos":[111.74284362792969,2.9902405738830568,-40.662967681884769,-0.8952763676643372,-0.00007767073839204386,0.4455111622810364,-0.00003986183219240047,1,0.00009423643496120349,-0.4455111622810364,0.00006660876533715054,-0.8952763676643372]},{"type":"position","time":0.42092370986938479,"pos":[112.0052261352539,2.9902405738830568,-40.61962890625,-0.9805972576141357,-0.000041561561374692249,0.19603334367275239,-0.00002820567533490248,1,0.00007092238956829533,-0.19603334367275239,0.00006401704013114795,-0.9805972576141357]},{"type":"position","time":0.437427282333374,"pos":[112.268310546875,2.9902408123016359,-40.57529830932617,-0.9995839595794678,-0.000014909313904354349,-0.02884342335164547,-0.0000163797758432338,1,0.00005074459841125645,0.02884342335164547,0.00005119593333802186,-0.9995839595794678]},{"type":"position","time":0.45720410346984866,"pos":[112.53156280517578,2.9902405738830568,-40.53180694580078,-0.9751779437065125,-0.0000015628786513843807,-0.22142253816127778,-0.000010055164239020087,1,0.000037226091080810878,0.22142253816127778,0.000038528505683643746,-0.9751779437065125]},{"type":"position","time":0.4722480773925781,"pos":[112.79499816894531,2.9902405738830568,-40.489620208740237,-0.9245876669883728,0.000004173263732809573,-0.3809693455696106,-0.000006910744104970945,1,0.000027726253392756918,0.3809693455696106,0.000028268133974052036,-0.9245876669883728]},{"type":"position","time":0.48780035972595217,"pos":[113.05841827392578,2.9902405738830568,-40.447410583496097,-0.860321581363678,0.000006317250608844915,-0.5097516775131226,-0.000004880941105511738,1,0.000020630495782825166,0.5097516775131226,0.000020236928321537563,-0.860321581363678]},{"type":"position","time":0.5036904811859131,"pos":[113.3216323852539,2.9902405738830568,-40.40410614013672,-0.7911122441291809,0.000006643260348937474,-0.611670970916748,-0.0000033653745958872607,1,0.000015213488040899393,0.611670970916748,0.000014094079233473167,-0.7911122441291809]},{"type":"position","time":0.5227622985839844,"pos":[113.5845718383789,2.9902405738830568,-40.359222412109378,-0.7225751280784607,0.000006037123057467397,-0.691292405128479,-0.000002274027792736888,1,0.000011110028935945593,0.691292405128479,0.000009599848453945015,-0.7225751280784607]},{"type":"position","time":0.5376336574554443,"pos":[113.84719848632813,2.9902405738830568,-40.31261444091797,-0.6579899787902832,0.000005057543148723198,-0.7530266642570496,-0.0000015312127743527527,1,0.000008054250429267995,0.7530266642570496,0.000006452660272771027,-0.6579899787902832]},{"type":"position","time":0.554171085357666,"pos":[114.10940551757813,2.9902405738830568,-40.263816833496097,-0.5991981029510498,0.0000040210611587099269,-0.8006007671356201,-0.0000010326853043807205,1,0.0000057954534895543478,0.8006007671356201,0.000004299393367546145,-0.5991981029510498]},{"type":"position","time":0.5710005760192871,"pos":[114.37141418457031,2.9902405738830568,-40.214073181152347,-0.5465051531791687,0.000003107038082816871,-0.8374557495117188,-7.021001806606364e-7,1,0.000004168267423665384,0.8374557495117188,0.000002865957412723219,-0.5465051531791687]},{"type":"position","time":0.5874929428100586,"pos":[114.63324737548828,2.9902405738830568,-40.16338348388672,-0.499886691570282,0.000002371611344642588,-0.8660908341407776,-4.840435394726228e-7,1,0.00000301767227028904,0.8660908341407776,0.000001927719949890161,-0.499886691570282]},{"type":"position","time":0.6038742065429688,"pos":[114.8952407836914,2.9902405738830568,-40.11359405517578,-0.4584243595600128,0.0000018179354128733394,-0.888733446598053,-3.4230029655191176e-7,1,0.0000022220997379918119,0.888733446598053,0.0000013228783473095974,-0.4584243595600128]},{"type":"position","time":0.6204679012298584,"pos":[115.22295379638672,2.990241050720215,-40.05259704589844,-0.4133577346801758,0.0000012798849411410629,-0.9105687141418457,-2.1769955083073e-7,1,0.0000015044143992781756,0.9105687141418457,8.200917704925814e-7,-0.4133577346801758]},{"type":"position","time":0.6380603313446045,"pos":[115.48529815673828,2.990241527557373,-40.00470733642578,-0.38275620341300967,0.000001020183731270663,-0.9238494038581848,-1.641319755663062e-7,1,0.0000011722756880772068,0.9238494038581848,6.003290309308795e-7,-0.38275620341300967]},{"type":"position","time":0.6548106670379639,"pos":[115.74774932861328,2.990241527557373,-39.95743942260742,-0.3557812571525574,7.855545050006185e-7,-0.934569239616394,-1.2229858725731902e-7,1,8.871103318597307e-7,0.934569239616394,4.2991371174139206e-7,-0.3557812571525574]},{"type":"position","time":0.6705563068389893,"pos":[116.01029205322266,2.990241527557373,-39.910709381103519,-0.33195605874061587,6.041367441866896e-7,-0.9432948231697083,-9.085615459980545e-8,1,6.724270633640117e-7,0.9432948231697083,3.089203914896643e-7,-0.33195605874061587]},{"type":"position","time":0.6872189044952393,"pos":[116.27295684814453,2.990241527557373,-39.86467361450195,-0.3108440339565277,4.7009018544486027e-7,-0.9504609107971191,-6.847749745020337e-8,1,5.169870860299852e-7,0.9504609107971191,2.257875308941948e-7,-0.3108440339565277]},{"type":"position","time":0.7046048641204834,"pos":[116.53570556640625,2.990241527557373,-39.819156646728519,-0.29220643639564516,3.668526176170417e-7,-0.9563552737236023,-5.14319573596822e-8,1,3.993091297616047e-7,0.9563552737236023,1.6586795936746058e-7,-0.29220643639564516]},{"type":"position","time":0.7214925289154053,"pos":[116.79859161376953,2.990241527557373,-39.77438735961914,-0.27563339471817019,2.877173130855226e-7,-0.9612628221511841,-3.941165616083708e-8,1,3.106127337559883e-7,0.9612628221511841,1.2350021449947236e-7,-0.27563339471817019]},{"type":"position","time":0.7382504940032959,"pos":[117.06159973144531,2.990241527557373,-39.73035430908203,-0.2608688771724701,2.275347696922836e-7,-0.965374231338501,-3.0689083274637599e-8,1,2.439888930894085e-7,0.965374231338501,9.32755668259233e-8,-0.2608688771724701]},{"type":"position","time":0.753669023513794,"pos":[117.32469177246094,2.990241527557373,-39.68675994873047,-0.24782788753509522,1.7853945166734776e-7,-0.9688040614128113,-2.3741584698200314e-8,1,1.9036178855458275e-7,0.9688040614128113,7.017791148200559e-8,-0.24782788753509522]},{"type":"position","time":0.7734794616699219,"pos":[117.58782958984375,2.990241527557373,-39.643550872802737,-0.23632444441318513,1.687133277528119e-7,-0.9716742038726807,-2.204914650860701e-8,1,1.7899424165079837e-7,0.9716742038726807,6.372530236831153e-8,-0.23632444441318513]},{"type":"position","time":0.788841724395752,"pos":[117.85102844238281,2.990241527557373,-39.60066223144531,-0.22618763148784638,1.719733688787528e-7,-0.9740837812423706,-2.214475358641721e-8,1,1.8169097870668339e-7,0.9740837812423706,6.266709817737137e-8,-0.22618763148784638]},{"type":"position","time":0.8035166263580322,"pos":[117.98265075683594,2.990241527557373,-39.57938766479492,-0.22166621685028077,1.7254197359761748e-7,-0.9751226305961609,-2.2113527009537394e-8,1,1.8197076201431629e-7,0.9751226305961609,6.190016677010135e-8,-0.22166621685028077]},{"type":"position","time":0.8203778266906738,"pos":[118.37760162353516,2.990241527557373,-39.51606750488281,-0.20898695290088654,1.3976847412777716e-7,-0.9779184460639954,-1.7796123685798194e-8,1,1.4672761494693987e-7,0.9779184460639954,4.806731368489636e-8,-0.20898695290088654]},{"type":"position","time":0.8379275798797607,"pos":[118.64096069335938,2.990241527557373,-39.47419738769531,-0.20193436741828919,1.3748955041137379e-7,-0.9793990850448608,-1.7086636106000698e-8,1,1.4390450076007256e-7,0.9793990850448608,4.579390022740881e-8,-0.20193436741828919]},{"type":"position","time":0.8538005352020264,"pos":[118.90437316894531,2.990241527557373,-39.43263626098633,-0.19572561979293824,1.1200410199307953e-7,-0.9806587100028992,-1.3849446034441826e-8,1,1.1697728297122012e-7,0.9806587100028992,3.647702939701958e-8,-0.19572561979293824]},{"type":"position","time":0.8694338798522949,"pos":[119.0361099243164,2.990241527557373,-39.412010192871097,-0.19293512403964997,1.1285514034398148e-7,-0.9812115430831909,-1.3820449673573876e-8,1,1.1773362729172732e-7,0.9812115430831909,3.627573619269242e-8,-0.19293512403964997]},{"type":"position","time":0.8853015899658203,"pos":[119.29961395263672,2.990241527557373,-39.37109375,-0.18764355778694154,1.214793172721329e-7,-0.9822371602058411,-1.4775565659874701e-8,1,1.264988327420724e-7,0.9822371602058411,3.824980154831792e-8,-0.18764355778694154]},{"type":"position","time":0.9042677879333496,"pos":[119.69491577148438,2.990241527557373,-39.3099479675293,-0.18063828349113465,1.0277377526790588e-7,-0.9835495948791504,-1.2563062590231766e-8,1,1.0680005146923577e-7,0.9835495948791504,3.1648571763298608e-8,-0.18063828349113465]},{"type":"position","time":0.9229123592376709,"pos":[119.9584732055664,2.990241527557373,-39.26932907104492,-0.17678527534008027,1.2011501837605466e-7,-0.984249472618103,-1.4562855810140718e-8,1,1.246528711362771e-7,0.984249472618103,3.63702739036853e-8,-0.17678527534008027]},{"type":"position","time":0.9395229816436768,"pos":[120.22207641601563,2.990241527557373,-39.22902297973633,-0.17332769930362702,9.501299302883126e-8,-0.9848642349243164,-1.1529576404711861e-8,1,9.850229787389253e-8,0.9848642349243164,2.842824287085932e-8,-0.17332769930362702]},{"type":"position","time":0.9553816318511963,"pos":[120.48572540283203,2.990241527557373,-39.189029693603519,-0.17017875611782075,9.453835758677087e-8,-0.9854131937026978,-1.134366733879233e-8,1,9.789680888161456e-8,0.9854131937026978,2.7838156668735793e-8,-0.17017875611782075]},{"type":"position","time":0.974480390548706,"pos":[120.7494125366211,2.990241527557373,-39.149261474609378,-0.16733737289905549,1.143216366017441e-7,-0.9858996868133545,-1.3578032920236183e-8,1,1.1826126922187541e-7,0.9858996868133545,3.3176107194776708e-8,-0.16733737289905549]},{"type":"position","time":0.9913392066955566,"pos":[121.01312255859375,2.990241527557373,-39.10968780517578,-0.16478250920772553,8.295413067571644e-8,-0.9863299131393433,-9.860270822059647e-9,1,8.575115373332665e-8,0.9863299131393433,2.38557706921938e-8,-0.16478250920772553]},{"type":"position","time":1.0058541297912598,"pos":[121.27685546875,2.990241527557373,-39.0702018737793,-0.16252444684505464,6.469002755693509e-8,-0.9867045283317566,-7.596304030244028e-9,1,6.68129231939929e-8,0.9867045283317566,1.8354041841917025e-8,-0.16252444684505464]},{"type":"position","time":1.0217585563659669,"pos":[121.54059600830078,2.990241527557373,-39.030860900878909,-0.16050119698047639,5.676944070387435e-8,-0.9870356321334839,-6.507987482251565e-9,1,5.857334528514002e-8,0.9870356321334839,1.582470865457708e-8,-0.16050119698047639]},{"type":"position","time":1.0343244075775147,"pos":[121.67247772216797,2.990241527557373,-39.01124572753906,-0.1595865935087204,5.603863684200405e-8,-0.9871839284896851,-6.336725810740518e-9,1,5.779054035315312e-8,0.9871839284896851,1.5478109460786983e-8,-0.1595865935087204]},{"type":"position","time":1.0520765781402588,"pos":[121.93624877929688,2.990241527557373,-38.97203826904297,-0.1578991562128067,5.968703931102937e-8,-0.9874552488327026,-6.5947851624059698e-9,1,6.149985409820147e-8,0.9874552488327026,1.6222829302137144e-8,-0.1578991562128067]},{"type":"position","time":1.0704407691955567,"pos":[122.33222198486328,2.990241527557373,-38.91535949707031,-0.15465308725833894,8.159061337664753e-8,-0.9879688620567322,-9.020657110170305e-9,1,8.399626238997371e-8,0.9879688620567322,2.190241055188835e-8,-0.15465308725833894]},{"type":"position","time":1.0871303081512452,"pos":[122.59619140625,2.990241527557373,-38.877586364746097,-0.15288133919239045,1.0782728310232415e-7,-0.9882445335388184,-1.2048941400166769e-8,1,1.1097388608050096e-7,0.9882445335388184,2.8873138546714473e-8,-0.15288133919239045]},{"type":"position","time":1.1041631698608399,"pos":[122.8602294921875,2.990241527557373,-38.840232849121097,-0.1511554718017578,1.0396225036402029e-7,-0.988510012626648,-1.1783919617869288e-8,1,1.0697256414005096e-7,0.988510012626648,2.7818011005820155e-8,-0.1511554718017578]},{"type":"position","time":1.1208600997924805,"pos":[123.12427520751953,2.990241527557373,-38.80300521850586,-0.1495964229106903,6.931071538929246e-8,-0.9887471199035645,-8.022604802704337e-9,1,7.131334456289551e-8,0.9887471199035645,1.8600548656877437e-8,-0.1495964229106903]},{"type":"position","time":1.1377394199371338,"pos":[123.38834381103516,2.990241527557373,-38.76581954956055,-0.14822395145893098,3.953554994495789e-8,-0.9889538288116455,-4.763014427311418e-9,1,4.069102388370993e-8,0.9889538288116455,1.0741786127255182e-8,-0.14822395145893098]},{"type":"position","time":1.1544761657714844,"pos":[123.6526107788086,2.990241527557373,-38.73011779785156,-0.14630894362926484,1.591643616905003e-8,-0.9892389178276062,-2.1919548398585677e-9,1,1.6413768122447437e-8,0.9892389178276062,4.569848055524517e-9,-0.14630894362926484]},{"type":"position","time":1.1725547313690186,"pos":[123.91697692871094,2.990241527557373,-38.6952018737793,-0.14424344897270204,1.3132733789333884e-9,-0.9895422458648682,-6.383205630733357e-10,1,1.4201990694573397e-9,0.9895422458648682,8.364995363052685e-10,-0.14424344897270204]},{"type":"position","time":1.192511796951294,"pos":[124.18159484863281,2.990241527557373,-38.66215896606445,-0.14152298867702485,-2.8287158726492125e-10,-0.9899349808692932,-5.932522251228534e-10,1,-2.0093518515729159e-10,0.9899349808692932,5.588441376325193e-10,-0.14152298867702485]},{"type":"position","time":1.208341121673584,"pos":[124.4464340209961,2.990241527557373,-38.631011962890628,-0.13821463286876679,1.8767565279631527e-8,-0.9904022812843323,-3.0180187238215696e-9,1,1.937061178125532e-8,0.9904022812843323,5.6663544967250349e-9,-0.13821463286876679]},{"type":"position","time":1.2248530387878419,"pos":[124.7115478515625,2.990241527557373,-38.60233688354492,-0.13410942256450654,6.89777834850247e-8,-0.9909665584564209,-9.302131509514311e-9,1,7.086544684398177e-8,0.9909665584564209,1.872182409101697e-8,-0.13410942256450654]},{"type":"position","time":1.2378458976745606,"pos":[124.97669219970703,2.990241527557373,-38.57386779785156,-0.130417600274086,1.1000473421063362e-7,-0.9914591312408447,-1.4353203070527343e-8,1,1.1284039658221445e-7,0.9914591312408447,2.8946988805955699e-8,-0.130417600274086]},{"type":"position","time":1.252943992614746,"pos":[125.10942840576172,2.990241527557373,-38.561241149902347,-0.12802273035049439,1.2262064785772964e-7,-0.9917712211608887,-1.584307618429648e-8,1,1.2568312968141982e-7,0.9917712211608887,3.1803004674202387e-8,-0.12802273035049439]},{"type":"position","time":1.270784854888916,"pos":[125.5079574584961,2.990241527557373,-38.52705001831055,-0.11951711028814316,1.1052080850504353e-7,-0.9928321242332459,-1.3816545241240874e-8,1,1.1298195801145994e-7,0.9928321242332459,2.7220787401915915e-8,-0.11951711028814316]},{"type":"position","time":1.2894408702850342,"pos":[125.77369689941406,2.990241527557373,-38.5048828125,-0.11457357555627823,1.0273493700196923e-7,-0.9934147596359253,-1.2418047035112068e-8,1,1.0484816215239334e-7,0.9934147596359253,2.4349100513632039e-8,-0.11457357555627823]},{"type":"position","time":1.3053719997406006,"pos":[126.03968048095703,2.990241527557373,-38.48591613769531,-0.10875231772661209,1.2590371056830919e-7,-0.9940688610076904,-1.4805232595449525e-8,1,1.2827462114728406e-7,0.9940688610076904,2.8667582085972755e-8,-0.10875231772661209]},{"type":"position","time":1.3202087879180909,"pos":[126.17286682128906,2.990241527557373,-38.47969436645508,-0.10460082441568375,1.327079672819309e-7,-0.9945142865180969,-1.581603115141661e-8,1,1.351034768504178e-7,0.9945142865180969,2.986120151149407e-8,-0.10460082441568375]},{"type":"position","time":1.3413987159729005,"pos":[126.5727310180664,2.990241527557373,-38.46969223022461,-0.08871359378099442,1.5401475650378416e-7,-0.9960571527481079,-1.9383366023362215e-8,1,1.5635079364528793e-7,0.9960571527481079,3.3177382618987397e-8,-0.08871359378099442]},{"type":"position","time":1.3553516864776612,"pos":[126.83937072753906,2.990241527557373,-38.4659423828125,-0.07860516756772995,1.6542772129923834e-7,-0.9969058036804199,-2.0724034044405927e-8,1,1.6757525145294495e-7,0.9969058036804199,3.383219038255447e-8,-0.07860516756772995]},{"type":"position","time":1.3723726272583008,"pos":[127.10600280761719,2.990241527557373,-38.4693717956543,-0.06635933369398117,1.807451610602584e-7,-0.9977957606315613,-2.2753511075279677e-8,1,1.826576863095397e-7,0.9977957606315613,3.482440291691091e-8,-0.06635933369398117]},{"type":"position","time":1.388796091079712,"pos":[127.37256622314453,2.990241527557373,-38.476741790771487,-0.053719766438007358,1.914942515668372e-7,-0.9985560774803162,-2.390159004050929e-8,1,1.9305700504901325e-7,0.9985560774803162,3.423805239322064e-8,-0.053719766438007358]},{"type":"position","time":1.403153657913208,"pos":[127.50582885742188,2.990241527557373,-38.48092269897461,-0.04792271926999092,1.78909033365926e-7,-0.9988510608673096,-2.24297664885853e-8,1,1.8019095193722024e-7,0.9988510608673096,3.1039238734820177e-8,-0.04792271926999092]},{"type":"position","time":1.4238557815551758,"pos":[127.90558624267578,2.990241527557373,-38.4949951171875,-0.031225847080349923,1.655367753983228e-7,-0.9995123744010925,-2.0485906304656966e-8,1,1.6625753573862313e-7,0.9995123744010925,2.5667448610988687e-8,-0.031225847080349923]},{"type":"position","time":1.4376780986785889,"pos":[128.1720428466797,2.990241527557373,-38.505516052246097,-0.02160874754190445,1.7740113378295065e-7,-0.9997665286064148,-2.1619836587660758e-8,1,1.7790985396004545e-7,0.9997665286064148,2.5459197416921598e-8,-0.02160874754190445]},{"type":"position","time":1.4558427333831788,"pos":[128.43849182128907,2.990241527557373,-38.5161247253418,-0.013302707113325596,1.5668875619212486e-7,-0.9999114871025086,-1.901860180453241e-8,1,1.5695565025453107e-7,0.9999114871025086,2.110485475270707e-8,-0.013302707113325596]},{"type":"position","time":1.4716722965240479,"pos":[128.70492553710938,2.990241527557373,-38.52672576904297,-0.006120586302131414,1.4483285326605256e-7,-0.9999812841415405,-1.7239349503483937e-8,1,1.4494108313556354e-7,0.9999812841415405,1.8126151246633527e-8,-0.006120586302131414]},{"type":"position","time":1.4896061420440674,"pos":[128.97137451171876,2.990241527557373,-38.53733444213867,0.00008966741006588563,1.453245914717627e-7,-1,-1.701903684647732e-8,1,1.4532307091030817e-7,1,1.700600549270348e-8,0.00008966741006588563]},{"type":"position","time":1.506089448928833,"pos":[129.2377471923828,2.990241527557373,-38.5498046875,0.00637846952304244,1.4487919486327883e-7,-0.9999796748161316,-1.699291196644026e-8,1,1.4477375032129204e-7,0.9999796748161316,1.6069131802964877e-8,0.00637846952304244]},{"type":"position","time":1.519988775253296,"pos":[129.3708953857422,2.990241527557373,-38.55681610107422,0.009518245235085488,1.3379954566516973e-7,-0.9999547004699707,-1.5808737430234033e-8,1,1.3365512074869913e-7,0.9999547004699707,1.4535858738895513e-8,0.009518245235085488]},{"type":"position","time":1.5401232242584229,"pos":[129.7703399658203,2.990241527557373,-38.57817459106445,0.018345175310969354,1.3631269268898905e-7,-0.9998317360877991,-1.6268515423689679e-8,1,1.3603714421606129e-7,0.9998317360877991,1.3770153017844678e-8,0.018345175310969354]},{"type":"position","time":1.5546350479125977,"pos":[130.03663635253907,2.990241527557373,-38.59244918823242,0.023148175328969957,1.1502662999873792e-7,-0.9997320175170898,-1.3686410227364832e-8,1,1.1474055838789354e-7,0.9997320175170898,1.1026708435224464e-8,0.023148175328969957]},{"type":"position","time":1.5687799453735352,"pos":[130.16978454589845,2.990241527557373,-38.59959030151367,0.02522873692214489,1.2218515621498228e-7,-0.9996817111968994,-1.4391930314161528e-8,1,1.2186086451038137e-7,0.9996817111968994,1.1312954129039099e-8,0.02522873692214489]},{"type":"position","time":1.5880529880523682,"pos":[130.56922912597657,2.990241527557373,-38.621002197265628,0.03092489205300808,9.138204859482357e-8,-0.9995217323303223,-1.0488710344702668e-8,1,9.110126342193326e-8,0.9995217323303223,7.666397294769922e-9,0.03092489205300808]},{"type":"position","time":1.6033165454864503,"pos":[130.70237731933595,2.990241527557373,-38.62815475463867,0.03249981626868248,9.614419838044341e-8,-0.9994717240333557,-1.086411494100048e-8,1,9.584174875953977e-8,0.9994717240333557,7.743537366877718e-9,0.03249981626868248]},{"type":"position","time":1.6264142990112305,"pos":[131.10182189941407,2.990241527557373,-38.649600982666019,0.03675611689686775,1.0334144917578669e-7,-0.9993242621421814,-1.1458863191649016e-8,1,1.0298985841927788e-7,0.9993242621421814,7.665613033225327e-9,0.03675611689686775]},{"type":"position","time":1.6410279273986817,"pos":[131.36805725097657,2.990241527557373,-38.66489791870117,0.03954850137233734,8.223604908152993e-8,-0.9992176294326782,-9.141005286039672e-9,1,8.193863720862282e-8,0.9992176294326782,5.89330362288365e-9,0.03954850137233734]},{"type":"position","time":1.6589291095733643,"pos":[131.63426208496095,2.990241527557373,-38.680580139160159,0.04214944690465927,7.776110777513168e-8,-0.9991112947463989,-8.668644468912135e-9,1,7.746456986978956e-8,0.9991112947463989,5.395852209488794e-9,0.04214944690465927]},{"type":"position","time":1.672118902206421,"pos":[131.9004669189453,2.990241527557373,-38.6962890625,0.04441741108894348,8.687043617783275e-8,-0.9990130662918091,-9.73426406147837e-9,1,8.652345684367902e-8,0.9990130662918091,5.881509501648452e-9,0.04441741108894348]},{"type":"position","time":1.6862013339996338,"pos":[132.03353881835938,2.990241527557373,-38.7047233581543,0.045692700892686847,9.617365748226803e-8,-0.9989555478096008,-1.0837735153756967e-8,1,9.577848913977505e-8,0.9989555478096008,6.45003783716902e-9,0.045692700892686847]},{"type":"position","time":1.7032465934753419,"pos":[132.43270874023438,2.990241527557373,-38.73031234741211,0.04936588555574417,1.0707430675438445e-7,-0.9987807869911194,-1.2321706321927195e-8,1,1.0659599780638018e-7,0.9987807869911194,7.04447744581671e-9,0.04936588555574417]},{"type":"position","time":1.7206788063049317,"pos":[132.6988067626953,2.990241527557373,-38.74790954589844,0.05162416025996208,7.980271021779117e-8,-0.9986665844917297,-9.331180272909024e-9,1,7.942691127027502e-8,0.9986665844917297,5.21839060851903e-9,0.05162416025996208]},{"type":"position","time":1.7375035285949708,"pos":[132.9647674560547,2.990241527557373,-38.76734924316406,0.05447743088006973,6.7472520015599e-8,-0.9985150098800659,-8.029087616989728e-9,1,6.713480615871959e-8,0.9985150098800659,4.359832495026694e-9,0.05447743088006973]},{"type":"position","time":1.7543060779571534,"pos":[133.23069763183595,2.990241527557373,-38.78715133666992,0.057149022817611697,7.279384561797997e-8,-0.9983656406402588,-8.722486732892776e-9,1,7.241371235977567e-8,0.9983656406402588,4.5698582695763438e-9,0.057149022817611697]},{"type":"position","time":1.771303415298462,"pos":[133.49649047851563,2.990241527557373,-38.80862808227539,0.06029186025261879,9.734853279042e-8,-0.9981808066368103,-1.1705108882154036e-8,1,9.681894397317592e-8,0.9981808066368103,5.846420236821359e-9,0.06029186025261879]},{"type":"position","time":1.788456916809082,"pos":[133.76210021972657,2.990241527557373,-38.832252502441409,0.06409057229757309,1.0973175079698194e-7,-0.9979440569877625,-1.3308556034985486e-8,1,1.0910310521694555e-7,0.9979440569877625,6.288713993995998e-9,0.06409057229757309]},{"type":"position","time":1.8067817687988282,"pos":[134.02731323242188,2.990241527557373,-38.86001205444336,0.06944695115089417,1.3108508767345484e-7,-0.997585654258728,-1.594614040811848e-8,1,1.30292249878039e-7,0.997585654258728,6.859240286871682e-9,0.06944695115089417]},{"type":"position","time":1.823047161102295,"pos":[134.2914581298828,2.990241527557373,-38.89643096923828,0.07842213660478592,1.4418523619497138e-7,-0.9969202280044556,-1.770932023248406e-8,1,1.432375711374334e-7,0.9969202280044556,6.42178310528152e-9,0.07842213660478592]},{"type":"position","time":1.8380370140075684,"pos":[134.55384826660157,2.990241527557373,-38.943946838378909,0.09181874990463257,1.9045219801228087e-7,-0.9957757592201233,-2.3575781327167534e-8,1,1.8908625065705565e-7,0.9957757592201233,6.1145239982351999e-9,0.09181874990463257]},{"type":"position","time":1.8560638427734376,"pos":[134.81289672851563,2.990241527557373,-39.00704574584961,0.11135351657867432,3.1997836913433277e-7,-0.9937808513641357,-4.0464609440959978e-8,1,3.1744673378852897e-7,0.9937808513641357,4.864144198535314e-9,0.11135351657867432]},{"type":"position","time":1.872171401977539,"pos":[135.06732177734376,2.990241527557373,-39.08675765991211,0.13686759769916535,5.714703661396925e-7,-0.9905893802642822,-7.547311042799265e-8,1,5.664714421982353e-7,0.9905893802642822,-2.7687239168017187e-9,0.13686759769916535]},{"type":"position","time":1.8873193264007569,"pos":[135.31332397460938,2.990241527557373,-39.18940734863281,0.1709795892238617,0.0000010215919701295207,-0.9852745532989502,-1.4123570224455762e-7,1,0.0000010123508218384814,0.9852745532989502,-3.393538960949627e-8,0.1709795892238617]},{"type":"position","time":1.9041962623596192,"pos":[135.54454040527345,2.990241765975952,-39.32186508178711,0.21670643985271455,0.0000018526690155340476,-0.9762368202209473,-2.718341534091451e-7,1,0.0000018374238379692543,0.9762368202209473,-1.3280705957186e-7,0.21670643985271455]},{"type":"position","time":1.9213411808013917,"pos":[135.75437927246095,2.990241765975952,-39.48601531982422,0.2745247483253479,0.000003103390781689086,-0.9615800380706787,-4.90486911530752e-7,1,0.0000030873559353494785,0.9615800380706787,-3.759132027880696e-7,0.2745247483253479]},{"type":"position","time":1.9366931915283204,"pos":[135.93470764160157,2.990241765975952,-39.68204879760742,0.344483345746994,0.0000047658704716013748,-0.9387924075126648,-8.157443858181068e-7,1,0.000004777264621225186,0.9387924075126648,-8.798735962045612e-7,0.344483345746994]},{"type":"position","time":1.9534554481506348,"pos":[136.08041381835938,2.990241765975952,-39.90502166748047,0.423789381980896,0.0000065793983594630849,-0.9057607650756836,-0.000001222594278260658,1,0.000006691916951240273,0.9057607650756836,-0.0000017285855165027897,0.423789381980896]},{"type":"position","time":1.970428228378296,"pos":[136.19322204589845,2.990241765975952,-40.14640808105469,0.5065619945526123,0.00000791229285823647,-0.8622035384178162,-0.0000015868175751165837,1,0.000008244539458246436,0.8622035384178162,-0.000002808210638249875,0.5065619945526123]},{"type":"position","time":1.9952547550201417,"pos":[136.322265625,2.990241765975952,-40.52492904663086,0.6243947148323059,0.000008111937859212049,-0.7811089754104614,-0.0000017711058717395645,1,0.000008969387636170723,0.7811089754104614,-0.000004217011337459553,0.6243947148323059]},{"type":"position","time":2.0044424533843996,"pos":[136.35479736328126,2.990241765975952,-40.654197692871097,0.6587032079696655,0.000007628228559042327,-0.7524029016494751,-0.000001699274207567214,1,0.000008650832569401246,0.7524029016494751,-0.000004419792276166845,0.6587032079696655]},{"type":"position","time":2.0210399627685549,"pos":[136.4017791748047,2.990241765975952,-40.91664505004883,0.7240650057792664,0.000006660449344053632,-0.6897317171096802,-0.0000015362948033725843,1,0.000008043811249081046,0.6897317171096802,-0.00000476461127618677,0.7240650057792664]},{"type":"position","time":2.034691095352173,"pos":[136.4201202392578,2.990241765975952,-41.04872512817383,0.7526946663856506,0.000006144278358988231,-0.658369779586792,-0.0000014463940942732734,1,0.000007678944712097291,0.658369779586792,-0.000004827638804272283,0.7526946663856506]},{"type":"position","time":2.0510339736938478,"pos":[136.44297790527345,2.990241765975952,-41.31439971923828,0.80583655834198,0.000005249215064395685,-0.5921380519866943,-0.0000013069518445263384,1,0.000007086228379193926,0.5921380519866943,-0.000004936446202918887,0.80583655834198]},{"type":"position","time":2.067478656768799,"pos":[136.46461486816407,2.990241765975952,-41.580238342285159,0.847791314125061,0.000004064612312504323,-0.5303300023078919,-0.0000010729715995694278,1,0.0000059490439525689,0.5303300023078919,-0.000004474518391361926,0.847791314125061]},{"type":"position","time":2.0848536491394045,"pos":[136.48622131347657,2.990241765975952,-41.846073150634769,0.8802871108055115,0.000002799595449687331,-0.47444137930870058,-7.655132776562823e-7,1,0.000004480477855395293,0.47444137930870058,-0.0000035809157452604269,0.8802871108055115]},{"type":"position","time":2.105412244796753,"pos":[136.51864624023438,2.990241765975952,-42.24479293823242,0.9167720079421997,0.0000016216910125876894,-0.39941099286079409,-4.647825164738606e-7,1,0.0000029933864880149487,0.39941099286079409,-0.000002558613687142497,0.9167720079421997]},{"type":"position","time":2.121929883956909,"pos":[136.54074096679688,2.990241765975952,-42.51057052612305,0.9337276816368103,0.000001112019731408509,-0.35798409581184389,-3.370016088410921e-7,1,0.00000222733910959505,0.35798409581184389,-0.000001959086830538581,0.9337276816368103]},{"type":"position","time":2.1383185386657717,"pos":[136.56463623046876,2.990241527557373,-42.77618408203125,0.9464720487594605,6.966989758439013e-7,-0.32278579473495486,-2.1979842301789177e-7,1,0.0000015139015658860445,0.32278579473495486,-0.000001361917725262174,0.9464720487594605]},{"type":"position","time":2.1523544788360597,"pos":[136.5781707763672,2.990241527557373,-42.908836364746097,0.9513816833496094,5.435342700366164e-7,-0.3080144226551056,-1.7339739599719906e-7,1,0.0000012290566928641056,0.3080144226551056,-0.0000011158930419696845,0.9513816833496094]},{"type":"position","time":2.1706933975219728,"pos":[136.6245880126953,2.990241527557373,-43.30613708496094,0.962843656539917,2.6179765200140539e-7,-0.27005934715270998,-8.656948580210156e-8,1,6.607612590414647e-7,0.27005934715270998,-6.128308882580313e-7,0.962843656539917]},{"type":"position","time":2.18977952003479,"pos":[136.65640258789063,2.990241527557373,-43.57090759277344,0.9683048725128174,1.8088371689373162e-7,-0.24977116286754609,-6.259374885075886e-8,1,4.815362899535103e-7,0.24977116286754609,-4.5063984543958215e-7,0.9683048725128174]},{"type":"position","time":2.206648826599121,"pos":[136.6890106201172,2.990241527557373,-43.835575103759769,0.9725483059883118,1.18443267638213e-7,-0.23270098865032197,-4.2340161598986018e-8,1,3.3203721727659288e-7,0.23270098865032197,-3.1306962000599017e-7,0.9725483059883118]},{"type":"position","time":2.2210986614227297,"pos":[136.730224609375,2.990241527557373,-44.09903335571289,0.9750301837921143,6.483462300366227e-8,-0.22207242250442506,-2.3077001642946017e-8,1,1.9063081424519624e-7,0.22207242250442506,-1.8074602792239603e-7,0.9750301837921143]},{"type":"position","time":2.2383813858032228,"pos":[136.7779083251953,2.990241527557373,-44.36140060424805,0.976362407207489,3.512989010800993e-8,-0.21613983809947968,-1.1263924903914813e-8,1,1.1165094093712469e-7,0.21613983809947968,-1.0657719684559197e-7,0.976362407207489]},{"type":"position","time":2.255948305130005,"pos":[136.83145141601563,2.990241527557373,-44.62263870239258,0.976840615272522,2.0859031835129828e-8,-0.21396830677986146,-4.0730907535646569e-9,1,7.889145337003356e-8,0.21396830677986146,-7.61928617976082e-8,0.976840615272522]},{"type":"position","time":2.272782802581787,"pos":[136.8907012939453,2.990241527557373,-44.88263702392578,0.9766160249710083,8.597327294523894e-9,-0.21499094367027284,2.689279909873221e-9,1,5.220555365781365e-8,0.21499094367027284,-5.1562949465733257e-8,0.9766160249710083]},{"type":"position","time":2.29105544090271,"pos":[136.95449829101563,2.990241527557373,-45.14155578613281,0.9759013056755066,7.100499632706203e-10,-0.21821244060993195,7.962251302728874e-9,1,3.8863145590539719e-8,0.21821244060993195,-3.9664055151433789e-8,0.9759013056755066]},{"type":"position","time":2.3045077323913576,"pos":[136.98818969726563,2.990241527557373,-45.27055740356445,0.975379467010498,1.0254521676245077e-9,-0.220533087849617,9.135726841691394e-9,1,4.505561079781728e-8,0.220533087849617,-4.596104830056902e-8,0.975379467010498]},{"type":"position","time":2.3221209049224855,"pos":[137.09368896484376,2.990241527557373,-45.656394958496097,0.9733765721321106,2.7107434519280106e-8,-0.2292117029428482,1.1455938420112944e-9,1,1.2312865749208869e-7,0.2292117029428482,-1.2011314254323225e-7,0.9733765721321106]},{"type":"position","time":2.337939977645874,"pos":[137.1662139892578,2.990241527557373,-45.91300964355469,0.9719875454902649,4.135473830046976e-8,-0.23503237962722779,-1.0565159413999936e-8,1,1.322606522080605e-7,0.23503237962722779,-1.260725497331805e-7,0.9719875454902649]},{"type":"position","time":2.3546152114868166,"pos":[137.24041748046876,2.990241527557373,-46.16914367675781,0.9705536961555481,5.205662034768466e-8,-0.24088488519191743,-1.9351858782101773e-8,1,1.3813487953484583e-7,0.24088488519191743,-1.2940574833919528e-7,0.9705536961555481]},{"type":"position","time":2.3743913173675539,"pos":[137.316162109375,2.990241527557373,-46.42482376098633,0.969083845615387,5.599481411877605e-8,-0.24673165380954743,-2.222478023838903e-8,1,1.3965430412099523e-7,0.24673165380954743,-1.298