{"data":[{"pos":[-137.6732177734375,310.9906005859375,-232.50775146484376,0.20668917894363404,0,-0.9784066677093506,0,1,0,0.9784066677093506,0,0.20668917894363404]},{"pos":[-137.6732177734375,310.9906005859375,-232.50775146484376,0.20668917894363404,0,-0.9784066677093506,0,1,0,0.9784066677093506,0,0.20668917894363404]},{"pos":[-137.6732177734375,310.9906005859375,-232.50775146484376,0.20668917894363404,0,-0.9784066677093506,0,1,0,0.9784066677093506,0,0.20668917894363404]},{"pos":[-137.6732177734375,310.9906005859375,-232.50775146484376,0.20668917894363404,0,-0.9784066677093506,0,1,0,0.9784066677093506,0,0.20668917894363404]},{"pos":[-137.6732177734375,310.9906005859375,-232.50775146484376,0.20668917894363404,0,-0.9784066677093506,0,1,0,0.9784066677093506,0,0.20668917894363404]},{"pos":[-137.6732177734375,310.9906005859375,-232.50775146484376,0.20668917894363404,0,-0.9784066677093506,0,1,0,0.9784066677093506,0,0.20668917894363404]},{"pos":[-137.6732177734375,310.9906005859375,-232.50775146484376,0.20668917894363404,0,-0.9784066677093506,0,1,0,0.9784066677093506,0,0.20668917894363404]},{"pos":[-137.6732177734375,310.9906005859375,-232.50775146484376,0.20668917894363404,0,-0.9784066677093506,0,1,0,0.9784066677093506,0,0.20668917894363404]},{"pos":[-137.6732177734375,310.9906005859375,-232.50775146484376,0.20668917894363404,0,-0.9784066677093506,0,1,0,0.9784066677093506,0,0.20668917894363404]},{"pos":[-137.6732177734375,310.9906005859375,-232.50775146484376,0.20668917894363404,0,-0.9784066677093506,0,1,0,0.9784066677093506,0,0.20668917894363404]},{"pos":[-137.6732177734375,310.9906005859375,-232.50775146484376,0.20668917894363404,0,-0.9784066677093506,0,1,0,0.9784066677093506,0,0.20668917894363404]},{"pos":[-137.6732177734375,310.9906005859375,-232.50775146484376,0.20668917894363404,0,-0.9784066677093506,0,1,0,0.9784066677093506,0,0.20668917894363404]},{"pos":[-137.6732177734375,310.9906005859375,-232.50775146484376,0.20668917894363404,0,-0.9784066677093506,0,1,0,0.9784066677093506,0,0.20668917894363404]},{"pos":[-137.6732177734375,310.9906005859375,-232.50775146484376,0.20668917894363404,0,-0.9784066677093506,0,1,0,0.9784066677093506,0,0.20668917894363404]},{"pos":[-137.6732177734375,310.9906005859375,-232.50775146484376,0.20668917894363404,0,-0.9784066677093506,0,1,0,0.9784066677093506,0,0.20668917894363404]},{"pos":[-137.6732177734375,310.9906005859375,-232.50775146484376,0.20668917894363404,0,-0.9784066677093506,0,1,0,0.9784066677093506,0,0.20668917894363404]},{"pos":[-137.6732177734375,310.9906005859375,-232.50775146484376,0.20668917894363404,0,-0.9784066677093506,0,1,0,0.9784066677093506,0,0.20668917894363404]},{"pos":[-137.6732177734375,310.9906005859375,-232.50775146484376,0.20668917894363404,0,-0.9784066677093506,0,1,0,0.9784066677093506,0,0.20668917894363404]},{"pos":[-137.6732177734375,310.9906005859375,-232.50775146484376,0.20668917894363404,0,-0.9784066677093506,0,1,0,0.9784066677093506,0,0.20668917894363404]},{"pos":[-137.6732177734375,310.9906005859375,-232.50775146484376,0.20668917894363404,0,-0.9784066677093506,0,1,0,0.9784066677093506,0,0.20668917894363404]},{"pos":[-137.6732177734375,310.9906005859375,-232.50775146484376,0.20668917894363404,0,-0.9784066677093506,0,1,0,0.9784066677093506,0,0.20668917894363404]},{"pos":[-137.6732177734375,310.9906005859375,-232.50775146484376,0.20668917894363404,0,-0.9784066677093506,0,1,0,0.9784066677093506,0,0.20668917894363404]},{"pos":[-137.6732177734375,310.9906005859375,-232.50775146484376,0.20668917894363404,0,-0.9784066677093506,0,1,0,0.9784066677093506,0,0.20668917894363404]},{"pos":[-137.6732177734375,310.9906005859375,-232.50775146484376,0.20668917894363404,0,-0.9784066677093506,0,1,0,0.9784066677093506,0,0.20668917894363404]},{"pos":[-137.6732177734375,310.9906005859375,-232.50775146484376,0.20668917894363404,0,-0.9784066677093506,0,1,0,0.9784066677093506,0,0.20668917894363404]},{"pos":[-137.6732177734375,310.9906005859375,-232.50775146484376,0.20668917894363404,0,-0.9784066677093506,0,1,0,0.9784066677093506,0,0.20668917894363404]},{"pos":[-137.6732177734375,310.9906005859375,-232.50775146484376,0.20668917894363404,0,-0.9784066677093506,0,1,0,0.9784066677093506,0,0.20668917894363404]},{"pos":[-137.6732177734375,310.9906005859375,-232.50775146484376,0.20668917894363404,0,-0.9784066677093506,0,1,0,0.9784066677093506,0,0.20668917894363404]},{"pos":[-137.6732177734375,310.9906005859375,-232.50775146484376,0.20668917894363404,0,-0.9784066677093506,0,1,0,0.9784066677093506,0,0.20668917894363404]},{"pos":[-137.6732177734375,310.9906005859375,-232.50775146484376,0.20668917894363404,0,-0.9784066677093506,0,1,0,0.9784066677093506,0,0.20668917894363404]},{"pos":[-137.6732177734375,310.9906005859375,-232.50775146484376,0.20668917894363404,0,-0.9784066677093506,0,1,0,0.9784066677093506,0,0.20668917894363404]},{"pos":[-137.6732177734375,310.9906005859375,-232.50775146484376,0.20668917894363404,0,-0.9784066677093506,0,1,0,0.9784066677093506,0,0.20668917894363404]},{"pos":[-137.6732177734375,310.9906005859375,-232.50775146484376,0.20668917894363404,0,-0.9784066677093506,0,1,0,0.9784066677093506,0,0.20668917894363404]},{"pos":[-137.6732177734375,310.9906005859375,-232.50775146484376,0.20668917894363404,0,-0.9784066677093506,0,1,0,0.9784066677093506,0,0.20668917894363404]},{"pos":[-137.77333068847657,310.9906005859375,-232.47618103027345,-0.0719858780503273,0,-0.9974056482315064,0,1,0,0.9974056482315064,0,-0.0719858780503273]},{"pos":[-137.90890502929688,310.9906005859375,-232.4334259033203,-0.42363354563713076,0,-0.9058336615562439,0,1,0,0.9058336615562439,0,-0.42363354563713076]},{"pos":[-138.19554138183595,310.9906005859375,-232.33050537109376,-0.7493841648101807,0,-0.6621354818344116,0,1,0,0.6621354818344116,0,-0.7493841648101807]},{"pos":[-138.43775939941407,310.9906005859375,-232.2198028564453,-0.8982555270195007,0,-0.43947359919548037,0,1,0,0.43947359919548037,0,-0.8982555270195007]},{"pos":[-138.67698669433595,310.9906005859375,-232.10202026367188,-0.9731943011283875,0,-0.22998444736003877,0,1,0,0.22998444736003877,0,-0.9731943011283875]},{"pos":[-138.91270446777345,310.9906005859375,-231.97735595703126,-0.998981773853302,0,-0.04511512070894241,0,1,0,0.04511512070894241,0,-0.998981773853302]},{"pos":[-139.08697509765626,310.9906005859375,-231.8792266845703,-0.9972738027572632,0,0.07378989458084107,0,1,0,-0.07378989458084107,0,-0.9972738027572632]},{"pos":[-139.31565856933595,310.9906005859375,-231.7421112060547,-0.9782742857933044,0,0.20731475949287415,0,1,0,-0.20731475949287415,0,-0.9782742857933044]},{"pos":[-139.5409698486328,310.9906005859375,-231.59950256347657,-0.9485650658607483,0,0.3165822923183441,0,1,0,-0.3165822923183441,0,-0.9485650658607483]},{"pos":[-139.76393127441407,310.9906005859375,-231.45321655273438,-0.9143078923225403,0,0.4050198197364807,0,1,0,-0.4050198197364807,0,-0.9143078923225403]},{"pos":[-140.04225158691407,310.9906005859375,-231.2697296142578,-0.8693199753761292,0,0.49424970149993899,0,1,0,-0.49424970149993899,0,-0.8693199753761292]},{"pos":[-140.26425170898438,310.9906005859375,-231.1219940185547,-0.8344278335571289,0,0.5511171817779541,0,1,0,-0.5511171817779541,0,-0.8344278335571289]},{"pos":[-140.43051147460938,310.9906005859375,-231.0108184814453,-0.8101047873497009,0,0.5862851142883301,0,1,0,-0.5862851142883301,0,-0.8101047873497009]},{"pos":[-140.7073211669922,310.9906005859375,-230.82508850097657,-0.7725645899772644,0,0.6349361538887024,0,1,0,-0.6349361538887024,0,-0.7725645899772644]},{"pos":[-140.92864990234376,310.9906005859375,-230.67636108398438,-0.7455437779426575,0,0.6664566397666931,0,1,0,-0.6664566397666931,0,-0.7455437779426575]},{"pos":[-141.14993286132813,310.99066162109377,-230.52752685546876,-0.7225595712661743,0,0.6913086771965027,0,1,0,-0.6913086771965027,0,-0.7225595712661743]},{"pos":[-141.37115478515626,310.99066162109377,-230.37860107421876,-0.7021346092224121,0,0.7120442390441895,0,1,0,-0.7120442390441895,0,-0.7021346092224121]},{"pos":[-141.59231567382813,310.99066162109377,-230.2296142578125,-0.6840304136276245,0,0.7294535040855408,0,1,0,-0.7294535040855408,0,-0.6840304136276245]},{"pos":[-141.81341552734376,310.99066162109377,-230.08055114746095,-0.6680628061294556,0,0.7441048622131348,0,1,0,-0.7441048622131348,0,-0.6680628061294556]},{"pos":[-142.03448486328126,310.99066162109377,-229.93141174316407,-0.6540390849113464,0,0.7564607262611389,0,1,0,-0.7564607262611389,0,-0.6540390849113464]},{"pos":[-142.25611877441407,310.99066162109377,-229.7831268310547,-0.6413388252258301,0,0.767257809638977,0,1,0,-0.767257809638977,0,-0.6413388252258301]},{"pos":[-142.47802734375,310.99066162109377,-229.63525390625,-0.6300128102302551,0,0.7765847444534302,0,1,0,-0.7765847444534302,0,-0.6300128102302551]},{"pos":[-142.699951171875,310.99066162109377,-229.48739624023438,-0.6200954914093018,0,0.7845263481140137,0,1,0,-0.7845263481140137,0,-0.6200954914093018]},{"pos":[-142.92271423339845,310.99066162109377,-229.34080505371095,-0.6108527779579163,0,0.7917441725730896,0,1,0,-0.7917441725730896,0,-0.6108527779579163]},{"pos":[-143.1455535888672,310.99066162109377,-229.19432067871095,-0.602722704410553,0,0.7979507446289063,0,1,0,-0.7979507446289063,0,-0.602722704410553]},{"pos":[-143.37286376953126,310.99066162109377,-229.05490112304688,-0.5923412442207336,0,0.8056871891021729,0,1,0,-0.8056871891021729,0,-0.5923412442207336]},{"pos":[-143.61380004882813,310.99066162109377,-228.94093322753907,-0.5715954303741455,0,0.8205356001853943,0,1,0,-0.8205356001853943,0,-0.5715954303741455]},{"pos":[-143.86810302734376,310.99066162109377,-228.861328125,-0.5377683043479919,0,0.843092679977417,0,1,0,-0.843092679977417,0,-0.5377683043479919]},{"pos":[-144.13014221191407,310.99066162109377,-228.81265258789063,-0.49370861053466799,0,0.8696274161338806,0,1,0,-0.8696274161338806,0,-0.49370861053466799]},{"pos":[-144.39572143554688,310.99066162109377,-228.7897491455078,-0.44265785813331606,0,0.8966906070709229,0,1,0,-0.8966906070709229,0,-0.44265785813331606]},{"pos":[-144.66148376464845,310.99066162109377,-228.80824279785157,-0.37815433740615847,0,0.9257425665855408,0,1,0,-0.9257425665855408,0,-0.37815433740615847]},{"pos":[-144.9185791015625,310.99066162109377,-228.87754821777345,-0.2960648834705353,0,0.955167829990387,0,1,0,-0.955167829990387,0,-0.2960648834705353]},{"pos":[-145.15972900390626,310.99066162109377,-228.99063110351563,-0.20000126957893372,0,0.9797956347465515,0,1,0,-0.9797956347465515,0,-0.20000126957893372]},{"pos":[-145.38449096679688,310.99066162109377,-229.13380432128907,-0.09777989238500595,0,0.9952080845832825,0,1,0,-0.9952080845832825,0,-0.09777989238500595]},{"pos":[-145.5959930419922,310.99066162109377,-229.2960968017578,0.003502247389405966,0,0.9999938607215881,0,1,0,-0.9999938607215881,0,0.003502247389405966]},{"pos":[-145.80276489257813,310.99066162109377,-229.46446228027345,0.09524103254079819,0,0.9954542517662048,0,1,0,-0.9954542517662048,0,0.09524103254079819]},{"pos":[-146.00228881835938,310.99066162109377,-229.641357421875,0.1794857382774353,0,0.9837605953216553,0,1,0,-0.9837605953216553,0,0.1794857382774353]},{"pos":[-146.19566345214845,310.99066162109377,-229.824951171875,0.25580036640167239,0,0.9667296409606934,0,1,0,-0.9667296409606934,0,0.25580036640167239]},{"pos":[-146.3834991455078,310.99066162109377,-230.01422119140626,0.3243730068206787,0,0.945929229259491,0,1,0,-0.945929229259491,0,0.3243730068206787]},{"pos":[-146.5670166015625,310.99066162109377,-230.20770263671876,0.3851911723613739,0,0.9228367805480957,0,1,0,-0.9228367805480957,0,0.3851911723613739]},{"pos":[-146.7472686767578,310.99066162109377,-230.40420532226563,0.4385293126106262,0,0.8987168669700623,0,1,0,-0.8987168669700623,0,0.4385293126106262]},{"pos":[-146.92726135253907,310.99066162109377,-230.6009521484375,0.4836595952510834,0,0.8752561807632446,0,1,0,-0.8752561807632446,0,0.4836595952510834]},{"pos":[-147.1051025390625,310.99066162109377,-230.79965209960938,0.5228987336158752,0,0.8523948192596436,0,1,0,-0.8523948192596436,0,0.5228987336158752]},{"pos":[-147.2807159423828,310.99066162109377,-231.0003204345703,0.5572099089622498,0,0.8303716778755188,0,1,0,-0.8303716778755188,0,0.5572099089622498]},{"pos":[-147.45652770996095,310.99066162109377,-231.20082092285157,0.5860732197761536,0,0.8102580904960632,0,1,0,-0.8102580904960632,0,0.5860732197761536]},{"pos":[-147.6323699951172,310.99066162109377,-231.4012908935547,0.6104293465614319,0,0.792070746421814,0,1,0,-0.792070746421814,0,0.6104293465614319]},{"pos":[-147.80821228027345,310.99066162109377,-231.6017608642578,0.6310341358184815,0,0.7757550477981567,0,1,0,-0.7757550477981567,0,0.6310341358184815]},{"pos":[-147.9840545654297,310.99066162109377,-231.80223083496095,0.648499071598053,0,0.7612154483795166,0,1,0,-0.7612154483795166,0,0.648499071598053]},{"pos":[-148.1597442626953,310.99066162109377,-232.00283813476563,0.6634024977684021,0,0.7482627630233765,0,1,0,-0.7482627630233765,0,0.6634024977684021]},{"pos":[-148.3353271484375,310.99066162109377,-232.2035369873047,0.6761330962181091,0,0.736779510974884,0,1,0,-0.736779510974884,0,0.6761330962181091]},{"pos":[-148.51089477539063,310.99066162109377,-232.4042510986328,0.6869860887527466,0,0.7266705632209778,0,1,0,-0.7266705632209778,0,0.6869860887527466]},{"pos":[-148.6864013671875,310.99066162109377,-232.6050262451172,0.6962851285934448,0,0.7177652716636658,0,1,0,-0.7177652716636658,0,0.6962851285934448]},{"pos":[-148.86190795898438,310.99066162109377,-232.80580139160157,0.7042369246482849,0,0.7099650502204895,0,1,0,-0.7099650502204895,0,0.7042369246482849]},{"pos":[-149.03729248046876,310.99066162109377,-233.0066680908203,0.7110894322395325,0,0.7031015753746033,0,1,0,-0.7031015753746033,0,0.7110894322395325]},{"pos":[-149.21267700195313,310.99066162109377,-233.20753479003907,0.7169660925865173,0,0.6971080303192139,0,1,0,-0.6971080303192139,0,0.7169660925865173]},{"pos":[-149.3880615234375,310.99066162109377,-233.4084014892578,0.7220068573951721,0,0.6918858885765076,0,1,0,-0.6918858885765076,0,0.7220068573951721]},{"pos":[-149.56333923339845,310.99066162109377,-233.609375,0.7263801693916321,0,0.6872931122779846,0,1,0,-0.6872931122779846,0,0.7263801693916321]},{"pos":[-149.7386016845703,310.99066162109377,-233.81036376953126,0.7301434278488159,0,0.6832939386367798,0,1,0,-0.6832939386367798,0,0.7301434278488159]},{"pos":[-149.9138641357422,310.99066162109377,-234.0113525390625,0.7333797812461853,0,0.6798191666603088,0,1,0,-0.6798191666603088,0,0.7333797812461853]},{"pos":[-150.08912658691407,310.99066162109377,-234.21234130859376,0.7361647486686707,0,0.676802396774292,0,1,0,-0.676802396774292,0,0.7361647486686707]},{"pos":[-150.26438903808595,310.99066162109377,-234.413330078125,0.7385627627372742,0,0.6741847395896912,0,1,0,-0.6741847395896912,0,0.7385627627372742]},{"pos":[-150.4396514892578,310.99066162109377,-234.61431884765626,0.740628719329834,0,0.6719145178794861,0,1,0,-0.6719145178794861,0,0.740628719329834]},{"pos":[-150.6149139404297,310.99066162109377,-234.8153076171875,0.742409348487854,0,0.6699464917182922,0,1,0,-0.6699464917182922,0,0.742409348487854]},{"pos":[-150.7925262451172,310.99066162109377,-235.0142364501953,0.7429237365722656,0,0.6693760752677918,0,1,0,-0.6693760752677918,0,0.7429237365722656]},{"pos":[-150.97601318359376,310.99066162109377,-235.20773315429688,0.740703821182251,0,0.6718316674232483,0,1,0,-0.6718316674232483,0,0.740703821182251]},{"pos":[-151.20480346679688,310.99066162109377,-235.34300231933595,0.7137125134468079,0,0.7004387378692627,0,1,0,-0.7004387378692627,0,0.7137125134468079]},{"pos":[-151.43743896484376,310.99066162109377,-235.47332763671876,0.6863486170768738,0,0.7272727489471436,0,1,0,-0.7272727489471436,0,0.6863486170768738]},{"pos":[-151.6918182373047,310.99066162109377,-235.55162048339845,0.640739917755127,0,0.7677580118179321,0,1,0,-0.7677580118179321,0,0.640739917755127]},{"pos":[-152.01156616210938,312.07440185546877,-235.64523315429688,0.5786479115486145,0,0.815577507019043,0,1,0,-0.815577507019043,0,0.5786479115486145]},{"pos":[-152.20375061035157,312.6858215332031,-235.68650817871095,0.51900714635849,0,0.8547698855400086,0,1,0,-0.8547698855400086,0,0.51900714635849]},{"pos":[-152.4575653076172,313.4533386230469,-235.7069091796875,0.40902721881866457,0,0.9125221967697144,0,1,0,-0.9125221967697144,0,0.40902721881866457]},{"pos":[-152.70718383789063,314.1663513183594,-235.6878204345703,0.2957080900669098,0,0.9552783370018005,0,1,0,-0.9552783370018005,0,0.2957080900669098]},{"pos":[-153.00625610351563,314.9809875488281,-235.60986328125,0.13950155675411225,0,0.9902218580245972,0,1,0,-0.9902218580245972,0,0.13950155675411225]},{"pos":[-153.228759765625,315.5713806152344,-235.50621032714845,0.007950828410685063,0,0.999968409538269,0,1,0,-0.999968409538269,0,0.007950828410685063]},{"pos":[-153.3809051513672,315.9783935546875,-235.40724182128907,-0.09162212163209915,0,0.9957938194274902,0,1,0,-0.9957938194274902,0,-0.09162212163209915]},{"pos":[-153.6409149169922,316.70050048828127,-235.1589813232422,-0.2874750792980194,0,0.9577881097793579,0,1,0,-0.9577881097793579,0,-0.2874750792980194]},{"pos":[-153.71340942382813,316.9139404296875,-235.06246948242188,-0.3506082594394684,0,0.9365221858024597,0,1,0,-0.9365221858024597,0,-0.3506082594394684]},{"pos":[-153.83380126953126,317.2999572753906,-234.85264587402345,-0.4719354510307312,0,0.8816331028938294,0,1,0,-0.8816331028938294,0,-0.4719354510307312]},{"pos":[-153.92018127441407,317.6314697265625,-234.6223602294922,-0.5841277241706848,0,0.8116617798805237,0,1,0,-0.8116617798805237,0,-0.5841277241706848]},{"pos":[-153.97067260742188,317.90850830078127,-234.37518310546876,-0.68202143907547,0,0.7313321828842163,0,1,0,-0.7313321828842163,0,-0.68202143907547]},{"pos":[-153.98046875,318.1781311035156,-234.05018615722657,-0.7834697365760803,0,0.6214299201965332,0,1,0,-0.6214299201965332,0,-0.7834697365760803]},{"pos":[-153.9525604248047,318.33251953125,-233.7854766845703,-0.8466653823852539,0,0.53212571144104,0,1,0,-0.53212571144104,0,-0.8466653823852539]},{"pos":[-153.91839599609376,318.4125671386719,-233.58851623535157,-0.8850218653678894,0,0.46554940938949587,0,1,0,-0.46554940938949587,0,-0.8850218653678894]},{"pos":[-153.8563690185547,318.4778137207031,-233.2610321044922,-0.9328621029853821,0,0.3602336645126343,0,1,0,-0.3602336645126343,0,-0.9328621029853821]},{"pos":[-153.7938232421875,318.4687194824219,-233.00186157226563,-0.9599178433418274,0,0.2802814543247223,0,1,0,-0.2802814543247223,0,-0.9599178433418274]},{"pos":[-153.7202606201172,318.4051208496094,-232.7455596923828,-0.978848397731781,0,0.20458705723285676,0,1,0,-0.20458705723285676,0,-0.978848397731781]},{"pos":[-153.63482666015626,318.2870178222656,-232.49298095703126,-0.9912120699882507,0,0.13228221237659455,0,1,0,-0.13228221237659455,0,-0.9912120699882507]},{"pos":[-153.53912353515626,318.1144104003906,-232.24411010742188,-0.99797123670578,0,0.06366624683141709,0,1,0,-0.06366624683141709,0,-0.99797123670578]},{"pos":[-153.45297241210938,317.9491882324219,-232.0643310546875,-0.9999731779098511,0,0.007326040882617235,0,1,0,-0.007326040882617235,0,-0.9999731779098511]},{"pos":[-153.28543090820313,317.605712890625,-231.77630615234376,-0.9964466691017151,0,-0.08422591537237168,0,1,0,0.08422591537237168,0,-0.9964466691017151]},{"pos":[-153.1363525390625,317.26959228515627,-231.55532836914063,-0.9880142211914063,0,-0.1543627232313156,0,1,0,0.1543627232313156,0,-0.9880142211914063]},{"pos":[-152.97389221191407,316.8789978027344,-231.3439483642578,-0.9751240611076355,0,-0.221659854054451,0,1,0,0.221659854054451,0,-0.9751240611076355]},{"pos":[-152.80674743652345,316.43389892578127,-231.13616943359376,-0.9592131972312927,0,-0.2826836109161377,0,1,0,0.2826836109161377,0,-0.9592131972312927]},{"pos":[-152.63804626464845,315.9342956542969,-230.92967224121095,-0.9419457316398621,0,-0.33576521277427676,0,1,0,0.33576521277427676,0,-0.9419457316398621]},{"pos":[-152.46656799316407,315.38018798828127,-230.72543334960938,-0.9240911602973938,0,-0.3821721076965332,0,1,0,0.3821721076965332,0,-0.9240911602973938]},{"pos":[-152.29466247558595,314.7716064453125,-230.52157592773438,-0.9066463112831116,0,-0.42189157009124758,0,1,0,0.42189157009124758,0,-0.9066463112831116]},{"pos":[-152.1170654296875,314.1084899902344,-230.3226776123047,-0.8888546824455261,0,-0.4581891894340515,0,1,0,0.4581891894340515,0,-0.8888546824455261]},{"pos":[-151.9342498779297,313.3908996582031,-230.12855529785157,-0.8705894947052002,0,-0.49201008677482607,0,1,0,0.49201008677482607,0,-0.8705894947052002]},{"pos":[-151.74842834472657,312.6187744140625,-229.93731689453126,-0.8525424003601074,0,-0.5226580500602722,0,1,0,0.5226580500602722,0,-0.8525424003601074]},{"pos":[-151.60479736328126,312.0039367675781,-229.79815673828126,-0.8387104272842407,0,-0.5445776581764221,0,1,0,0.5445776581764221,0,-0.8387104272842407]},{"pos":[-151.36390686035157,311.8798522949219,-229.56776428222657,-0.8163784742355347,0,-0.5775172114372253,0,1,0,0.5775172114372253,0,-0.8163784742355347]},{"pos":[-151.16978454589845,311.8789367675781,-229.3849334716797,-0.7998102307319641,0,-0.6002529263496399,0,1,0,0.6002529263496399,0,-0.7998102307319641]},{"pos":[-150.97213745117188,311.7784118652344,-229.2059326171875,-0.7837396264076233,0,-0.621089518070221,0,1,0,0.621089518070221,0,-0.7837396264076233]},{"pos":[-150.77232360839845,311.6159973144531,-229.02932739257813,-0.7683016061782837,0,-0.6400880217552185,0,1,0,0.6400880217552185,0,-0.7683016061782837]},{"pos":[-150.62179565429688,311.45843505859377,-228.8976287841797,-0.7575428485870361,0,-0.6527854204177856,0,1,0,0.6527854204177856,0,-0.7575428485870361]},{"pos":[-150.37074279785157,311.1277160644531,-228.6783447265625,-0.7413253784179688,0,-0.6711457967758179,0,1,0,0.6711457967758179,0,-0.7413253784179688]},{"pos":[-150.1681671142578,310.9096984863281,-228.50494384765626,-0.7292941808700562,0,-0.6842002272605896,0,1,0,0.6842002272605896,0,-0.7292941808700562]},{"pos":[-149.9647979736328,310.9163818359375,-228.3324432373047,-0.7183239459991455,0,-0.6957088112831116,0,1,0,0.6957088112831116,0,-0.7183239459991455]},{"pos":[-149.7611083984375,310.9454650878906,-228.16033935546876,-0.7085127830505371,0,-0.7056980133056641,0,1,0,0.7056980133056641,0,-0.7085127830505371]},{"pos":[-149.5572052001953,310.96527099609377,-227.98851013183595,-0.6998217701911926,0,-0.7143175005912781,0,1,0,0.7143175005912781,0,-0.6998217701911926]},{"pos":[-149.35247802734376,310.9767150878906,-227.817626953125,-0.6918715238571167,0,-0.7220206260681152,0,1,0,0.7220206260681152,0,-0.6918715238571167]},{"pos":[-149.14654541015626,310.9830627441406,-227.64822387695313,-0.6843088865280151,0,-0.7291922569274902,0,1,0,0.7291922569274902,0,-0.6843088865280151]},{"pos":[-148.9376678466797,310.98651123046877,-227.48248291015626,-0.6761860251426697,0,-0.7367309331893921,0,1,0,0.7367309331893921,0,-0.6761860251426697]},{"pos":[-148.7267303466797,310.9884033203125,-227.3193359375,-0.66773921251297,0,-0.7443953156471252,0,1,0,0.7443953156471252,0,-0.66773921251297]},{"pos":[-148.5146484375,310.9894714355469,-227.15768432617188,-0.6595284938812256,0,-0.7516795992851257,0,1,0,0.7516795992851257,0,-0.6595284938812256]},{"pos":[-148.29669189453126,310.99005126953127,-227.00408935546876,-0.6491533517837524,0,-0.760657548904419,0,1,0,0.760657548904419,0,-0.6491533517837524]},{"pos":[-148.06871032714845,310.9903564453125,-226.8659210205078,-0.6335200071334839,0,-0.7737262845039368,0,1,0,0.7737262845039368,0,-0.6335200071334839]},{"pos":[-147.82789611816407,310.9905090332031,-226.75186157226563,-0.6094586253166199,0,-0.7928178906440735,0,1,0,0.7928178906440735,0,-0.6094586253166199]},{"pos":[-147.6158905029297,310.9906005859375,-226.6946563720703,-0.569408655166626,0,-0.8220546245574951,0,1,0,0.8220546245574951,0,-0.569408655166626]},{"pos":[-147.46029663085938,310.9906005859375,-226.69973754882813,-0.49958106875419619,0,-0.8662671446800232,0,1,0,0.8662671446800232,0,-0.49958106875419619]},{"pos":[-147.36233520507813,310.9906005859375,-226.77767944335938,-0.3632591664791107,0,-0.931688129901886,0,1,0,0.931688129901886,0,-0.3632591664791107]},{"pos":[-147.321533203125,310.9906005859375,-226.92300415039063,-0.15881326794624329,0,-0.9873086214065552,0,1,0,0.9873086214065552,0,-0.15881326794624329]},{"pos":[-147.35191345214845,310.9906005859375,-227.15524291992188,0.08695417642593384,0,-0.9962123036384583,0,1,0,0.9962123036384583,0,0.08695417642593384]},{"pos":[-147.41738891601563,310.9906005859375,-227.412353515625,0.3199900984764099,0,-0.9474208950996399,0,1,0,0.9474208950996399,0,0.3199900984764099]},{"pos":[-147.48585510253907,310.9906005859375,-227.6700439453125,0.5114227533340454,0,-0.8593292236328125,0,1,0,0.8593292236328125,0,0.5114227533340454]},{"pos":[-147.5704803466797,310.9906005859375,-227.92283630371095,0.6638848185539246,0,-0.7478348612785339,0,1,0,0.7478348612785339,0,0.6638848185539246]},{"pos":[-147.67918395996095,310.9906005859375,-228.1661376953125,0.7839529514312744,0,-0.6208202242851257,0,1,0,0.6208202242851257,0,0.7839529514312744]},{"pos":[-147.7967071533203,310.9906005859375,-228.40548706054688,0.8715292811393738,0,-0.49034351110458376,0,1,0,0.49034351110458376,0,0.8715292811393738]},{"pos":[-147.9151611328125,310.9906311035156,-228.64437866210938,0.9298642873764038,0,-0.3679027259349823,0,1,0,0.3679027259349823,0,0.9298642873764038]},{"pos":[-148.03623962402345,310.99066162109377,-228.88197326660157,0.9659035205841065,0,-0.25890234112739565,0,1,0,0.25890234112739565,0,0.9659035205841065]},{"pos":[-148.16015625,310.99066162109377,-229.1180877685547,0.987055242061615,0,-0.16038082540035249,0,1,0,0.16038082540035249,0,0.987055242061615]},{"pos":[-148.2868194580078,310.99066162109377,-229.35276794433595,0.997384786605835,0,-0.07227426022291184,0,1,0,0.07227426022291184,0,0.997384786605835]},{"pos":[-148.41586303710938,310.99066162109377,-229.5861358642578,0.9999833106994629,0,0.005773563869297504,0,1,0,-0.005773563869297504,0,0.9999833106994629]},{"pos":[-148.54824829101563,310.99066162109377,-229.81761169433595,0.9971703886985779,0,0.07517457008361817,0,1,0,-0.07517457008361817,0,0.9971703886985779]},{"pos":[-148.680908203125,310.99066162109377,-230.04893493652345,0.9908294081687927,0,0.13511884212493897,0,1,0,-0.13511884212493897,0,0.9908294081687927]},{"pos":[-148.81491088867188,310.99066162109377,-230.27947998046876,0.9823006391525269,0,0.1873110979795456,0,1,0,-0.1873110979795456,0,0.9823006391525269]},{"pos":[-148.95152282714845,310.99066162109377,-230.50848388671876,0.9723577499389648,0,0.23349612951278687,0,1,0,-0.23349612951278687,0,0.9723577499389648]},{"pos":[-149.16229248046876,310.99066162109377,-230.8484344482422,0.9553045034408569,0,0.2956236004829407,0,1,0,-0.2956236004829407,0,0.9553045034408569]},{"pos":[-149.23486328125,310.99066162109377,-230.9602813720703,0.9495068192481995,0,0.3137464225292206,0,1,0,-0.3137464225292206,0,0.9495068192481995]},{"pos":[-149.3917236328125,310.99066162109377,-231.1759033203125,0.935661256313324,0,0.3528994023799896,0,1,0,-0.3528994023799896,0,0.935661256313324]},{"pos":[-149.62850952148438,310.99066162109377,-231.49827575683595,0.9148087501525879,0,0.4038873314857483,0,1,0,-0.4038873314857483,0,0.9148087501525879]},{"pos":[-149.71041870117188,310.99066162109377,-231.6034698486328,0.9078369140625,0,0.4193233847618103,0,1,0,-0.4193233847618103,0,0.9078369140625]},{"pos":[-149.8954620361328,310.99066162109377,-231.79530334472657,0.8882086873054504,0,0.4594402313232422,0,1,0,-0.4594402313232422,0,0.8882086873054504]},{"pos":[-150.17576599121095,310.99066162109377,-232.08065795898438,0.8588740229606628,0,0.5121868848800659,0,1,0,-0.5121868848800659,0,0.8588740229606628]},{"pos":[-150.3728485107422,310.99066162109377,-232.26023864746095,0.8377901911735535,0,0.5459923148155212,0,1,0,-0.5459923148155212,0,0.8377901911735535]},{"pos":[-150.4775390625,310.99066162109377,-232.3427276611328,0.8255565166473389,0,0.5643194913864136,0,1,0,-0.5643194913864136,0,0.8255565166473389]},{"pos":[-150.69129943847657,310.99066162109377,-232.5021514892578,0.7997487187385559,0,0.6003349423408508,0,1,0,-0.6003349423408508,0,0.7997487187385559]},{"pos":[-150.90542602539063,310.99066162109377,-232.6610870361328,0.7757312059402466,0,0.6310634613037109,0,1,0,-0.6310634613037109,0,0.7757312059402466]},{"pos":[-151.2313690185547,310.99066162109377,-232.8929443359375,0.7402903437614441,0,0.6722872853279114,0,1,0,-0.6722872853279114,0,0.7402903437614441]},{"pos":[-151.34303283691407,310.99066162109377,-232.96578979492188,0.7283782362937927,0,0.6851752400398254,0,1,0,-0.6851752400398254,0,0.7283782362937927]},{"pos":[-151.59027099609376,310.99066162109377,-233.06446838378907,0.6874585747718811,0,0.7262235879898071,0,1,0,-0.7262235879898071,0,0.6874585747718811]},{"pos":[-151.83956909179688,310.99066162109377,-233.1591339111328,0.6477327942848206,0,0.7618675827980042,0,1,0,-0.7618675827980042,0,0.6477327942848206]},{"pos":[-152.09600830078126,310.99066162109377,-233.23196411132813,0.6028631925582886,0,0.7978445887565613,0,1,0,-0.7978445887565613,0,0.6028631925582886]},{"pos":[-152.356201171875,310.99066162109377,-233.29019165039063,0.5559966564178467,0,0.8311845064163208,0,1,0,-0.8311845064163208,0,0.5559966564178467]},{"pos":[-152.61801147460938,310.99066162109377,-233.34088134765626,0.5105169415473938,0,0.8598676919937134,0,1,0,-0.8598676919937134,0,0.5105169415473938]},{"pos":[-153.0127410888672,310.99066162109377,-233.40548706054688,0.4443522095680237,0,0.8958521485328674,0,1,0,-0.8958521485328674,0,0.4443522095680237]},{"pos":[-153.27911376953126,310.99066162109377,-233.41212463378907,0.39104893803596499,0,0.9203698635101318,0,1,0,-0.9203698635101318,0,0.39104893803596499]},{"pos":[-153.4117431640625,310.99066162109377,-233.3998260498047,0.3601209819316864,0,0.9329056143760681,0,1,0,-0.9329056143760681,0,0.3601209819316864]},{"pos":[-153.67050170898438,310.99066162109377,-233.33648681640626,0.2832244038581848,0,0.9590536952018738,0,1,0,-0.9590536952018738,0,0.2832244038581848]},{"pos":[-153.92869567871095,310.99066162109377,-233.2698211669922,0.21254205703735352,0,0.9771519303321838,0,1,0,-0.9771519303321838,0,0.21254205703735352]},{"pos":[-154.17474365234376,310.99066162109377,-233.1676025390625,0.13215233385562898,0,0.9912294149398804,0,1,0,-0.9912294149398804,0,0.13215233385562898]},{"pos":[-154.4033203125,310.99066162109377,-233.0306854248047,0.04221837967634201,0,0.9991084337234497,0,1,0,-0.9991084337234497,0,0.04221837967634201]},{"pos":[-154.6100311279297,310.99066162109377,-232.86288452148438,-0.054619330912828448,0,0.9985072612762451,0,1,0,-0.9985072612762451,0,-0.054619330912828448]},{"pos":[-154.79058837890626,310.99066162109377,-232.66712951660157,-0.15740856528282166,0,0.9875335693359375,0,1,0,-0.9875335693359375,0,-0.15740856528282166]},{"pos":[-154.93275451660157,310.99066162109377,-232.44224548339845,-0.26788756251335146,0,0.9634501934051514,0,1,0,-0.9634501934051514,0,-0.26788756251335146]},{"pos":[-154.99928283691407,310.99066162109377,-232.22373962402345,-0.39315229654312136,0,0.9194733500480652,0,1,0,-0.9194733500480652,0,-0.39315229654312136]},{"pos":[-154.99000549316407,310.99066162109377,-231.97486877441407,-0.566779375076294,0,0.8238695859909058,0,1,0,-0.8238695859909058,0,-0.566779375076294]},{"pos":[-154.9439239501953,310.99066162109377,-231.84730529785157,-0.6707656383514404,0,0.7416694164276123,0,1,0,-0.7416694164276123,0,-0.6707656383514404]},{"pos":[-154.85147094726563,310.99066162109377,-231.6434326171875,-0.8133271336555481,0,0.5818066000938416,0,1,0,-0.5818066000938416,0,-0.8133271336555481]},{"pos":[-154.76348876953126,310.99066162109377,-231.4911346435547,-0.8953202366828919,0,0.44542306661605837,0,1,0,-0.44542306661605837,0,-0.8953202366828919]},{"pos":[-154.68409729003907,310.99066162109377,-231.3877410888672,-0.9406788945198059,0,0.33929818868637087,0,1,0,-0.33929818868637087,0,-0.9406788945198059]},{"pos":[-154.57322692871095,310.99066162109377,-231.2539825439453,-0.9794840812683106,0,0.20152164995670319,0,1,0,-0.20152164995670319,0,-0.9794840812683106]},{"pos":[-154.42579650878907,310.99066162109377,-231.09449768066407,-0.9992237091064453,0,0.039395771920681,0,1,0,-0.039395771920681,0,-0.9992237091064453]},{"pos":[-154.32778930664063,310.99066162109377,-231.0074462890625,-0.9985848069190979,0,-0.05318305641412735,0,1,0,0.05318305641412735,0,-0.9985848069190979]},{"pos":[-154.18667602539063,310.99066162109377,-230.90147399902345,-0.9851706027984619,0,-0.17157776653766633,0,1,0,0.17157776653766633,0,-0.9851706027984619]},{"pos":[-154.034912109375,310.99066162109377,-230.80796813964845,-0.9598909020423889,0.0006547009688802064,-0.2803729474544525,0.001743808388710022,0.9999918937683106,-0.0036350516602396967,0.28036829829216006,-0.003978169988840818,-0.9598842859268189]},{"pos":[-153.83267211914063,310.99066162109377,-230.70144653320313,-0.9128422737121582,0.00019341455481480807,-0.4083123207092285,0.0005679226014763117,0.9999995231628418,-0.0007959820213727653,0.40831196308135989,-0.0009584958315826952,-0.9128419756889343]},{"pos":[-153.70033264160157,310.99066162109377,-230.64956665039063,-0.8771167397499085,0.000042732644942589107,-0.48027727007865908,0.000018056747649097816,1,0.000055998421885306018,0.48027727007865908,0.00004044490560772829,-0.8771167397499085]},{"pos":[-153.47483825683595,310.99066162109377,-230.57020568847657,-0.8103205561637878,-0.000012838248949265108,-0.5859867930412293,-0.00009849744674284011,1,0.00011429652658989653,0.5859867930412293,0.00015033503586892039,-0.8103205561637878]},{"pos":[-153.3352508544922,310.99066162109377,-230.5278778076172,-0.7680734395980835,-0.000009568389032210689,-0.6403617262840271,-0.00003618730261223391,1,0.000028462220143410378,0.6403617262840271,0.00004503404124989174,-0.7680734395980835]},{"pos":[-153.14361572265626,310.99066162109377,-230.47938537597657,-0.710038959980011,-0.0000023754405447107276,-0.7041623592376709,0.00000473919271826162,1,-0.000008152171176334378,0.7041623592376709,-0.000009125520591624081,-0.710038959980011]},{"pos":[-152.94894409179688,310.99066162109377,-230.4357452392578,-0.6521936058998108,3.801727075369854e-7,-0.758052408695221,0.0000059634521676343869,1,-0.0000046291688704513948,0.758052408695221,-0.0000075397238106234,-0.6521936058998108]},{"pos":[-152.75498962402345,310.99066162109377,-230.3998565673828,-0.5951428413391113,4.4122350573161386e-7,-0.803619921207428,0.0000010426595054013888,1,-2.2312518410672056e-7,0.803619921207428,-9.706933497000137e-7,-0.5951428413391113]},{"pos":[-152.5049285888672,310.99066162109377,-230.36920166015626,-0.5223893523216248,4.165022104984928e-8,-0.8527070879936218,-4.67374150048272e-7,1,3.351696022946271e-7,0.8527070879936218,5.736222874475061e-7,-0.5223893523216248]},{"pos":[-152.35800170898438,310.99066162109377,-230.3572540283203,-0.47964033484458926,-3.8567051774407449e-8,-0.8774651885032654,-2.5739191755747017e-7,1,9.674286616245809e-8,0.8774651885032654,2.7225422627452647e-7,-0.47964033484458926]},{"pos":[-152.15505981445313,310.99066162109377,-230.35134887695313,-0.42244458198547366,-3.306480778064724e-8,-0.9063887596130371,-1.8325462036727914e-8,1,-2.7938691360418489e-8,0.9063887596130371,4.807445108667707e-9,-0.42244458198547366]},{"pos":[-151.95164489746095,310.99066162109377,-230.35560607910157,-0.3649788498878479,-1.8211577801352519e-9,-0.9310157895088196,8.131250694987102e-8,1,-3.38324035453752e-8,0.9310157895088196,-8.805134399381132e-8,-0.3649788498878479]},{"pos":[-151.6961669921875,310.99066162109377,-230.378173828125,-0.29121890664100649,2.175500490864124e-8,-0.9566564559936523,9.082639707003182e-8,1,-4.908091266742076e-9,0.9566564559936523,-8.831898412609007e-8,-0.29121890664100649]},{"pos":[-151.4940643310547,310.99066162109377,-230.41122436523438,-0.23086686432361604,4.082022542206687e-8,-0.9729853272438049,9.642905496320964e-8,1,1.9073207013775574e-8,0.9729853272438049,-8.942068774331347e-8,-0.23086686432361604]},{"pos":[-151.34512329101563,310.99066162109377,-230.44692993164063,-0.18415021896362306,5.5209909533004978e-8,-0.9828981161117554,9.939833489625016e-8,1,3.754782085252373e-8,0.9828981161117554,-9.078399898498901e-8,-0.18415021896362306]},{"pos":[-151.10208129882813,310.99066162109377,-230.52032470703126,-0.10444138944149018,7.930850642878795e-8,-0.9945310354232788,1.018940523067613e-7,1,6.90441481765447e-8,0.9945310354232788,-9.412573120926027e-8,-0.10444138944149018]},{"pos":[-150.9082794189453,310.99066162109377,-230.59068298339845,-0.0422021709382534,7.301363780243264e-8,-0.9991090893745422,7.646369226677052e-8,1,6.984893019534866e-8,0.9991090893745422,-7.344779362483678e-8,-0.0422021709382534]},{"pos":[-150.71971130371095,310.99066162109377,-230.67709350585938,0.021513134241104127,4.1340655343447e-8,-0.9997685551643372,2.674488897014271e-8,1,4.192572333749922e-8,0.9997685551643372,-2.7640654209903915e-8,0.021513134241104127]},{"pos":[-150.49554443359376,310.99066162109377,-230.8127899169922,0.10886402428150177,2.331467907623619e-9,-0.9940566420555115,-3.183758323643815e-8,1,-1.1412825129397675e-9,0.9940566420555115,3.177260765596657e-8,0.10886402428150177]},{"pos":[-150.3248748779297,310.99066162109377,-230.93603515625,0.1778959333896637,-2.82238179494243e-8,-0.9840493202209473,-7.493613196629667e-8,1,-4.222821914368069e-8,0.9840493202209473,8.125307715545205e-8,0.1778959333896637]},{"pos":[-150.1605987548828,310.99066162109377,-231.0713348388672,0.24508307874202729,-4.1457894894847416e-8,-0.9695020914077759,-8.256538563955474e-8,1,-6.363397631048429e-8,0.9695020914077759,9.564292469121938e-8,0.24508307874202729]},{"pos":[-149.99990844726563,310.99066162109377,-231.21617126464845,0.30807292461395266,-3.810717785768247e-8,-0.9513627290725708,-5.801430802421237e-8,1,-5.884171372372293e-8,0.9513627290725708,7.332018725492162e-8,0.30807292461395266]},{"pos":[-149.84242248535157,310.99066162109377,-231.3722381591797,0.36743098497390749,-3.505315149254784e-8,-0.930050790309906,-3.4199860721173539e-8,1,-5.1200689910047006e-8,0.930050790309906,5.062032926161919e-8,0.36743098497390749]},{"pos":[-149.6931915283203,310.99066162109377,-231.5324249267578,0.42253217101097109,-3.2325235821417667e-8,-0.906347930431366,-1.1294857493737709e-8,1,-4.093094219115301e-8,0.906347930431366,2.7531712021300337e-8,0.42253217101097109]},{"pos":[-149.54464721679688,310.99066162109377,-231.69290161132813,0.4694831967353821,-2.99469498088456e-8,-0.8829414248466492,1.046823783212858e-8,1,-2.8351019309980076e-8,0.8829414248466492,4.067486791825559e-9,0.4694831967353821]},{"pos":[-149.39898681640626,310.99066162109377,-231.85525512695313,0.5108038187026978,-2.7906509103559075e-8,-0.8596973419189453,3.122543290601243e-8,1,-1.3907730966877807e-8,0.8596973419189453,-1.9740298284887105e-8,0.5108038187026978]},{"pos":[-149.25608825683595,310.99066162109377,-232.01939392089845,0.5473026037216187,-2.6199717950703417e-8,-0.8369348049163818,5.105231437596558e-8,1,2.080624117439811e-9,0.8369348049163818,-4.3866187127150627e-8,0.5473026037216187]},{"pos":[-149.11802673339845,310.99066162109377,-232.18667602539063,0.5809125900268555,-2.482112115842483e-8,-0.8139659762382507,7.000480906071971e-8,1,1.9467094602987346e-8,0.8139659762382507,-6.829021259591173e-8,0.5809125900268555]},{"pos":[-148.98585510253907,310.99066162109377,-232.35781860351563,0.612650990486145,-2.377713492762723e-8,-0.7903535962104797,8.807221973938795e-8,1,3.818594507265516e-8,0.7903535962104797,-9.300284631308387e-8,0.612650990486145]},{"pos":[-148.8541717529297,310.99066162109377,-232.52926635742188,0.6396988034248352,-2.3075585886545015e-8,-0.7686256766319275,1.0544660256073257e-7,1,5.773743794179609e-8,0.7686256766319275,-1.1798353938274886e-7,0.6396988034248352]},{"pos":[-148.72621154785157,310.99066162109377,-232.70315551757813,0.6644898056983948,-1.7119909045959504e-8,-0.7472973465919495,9.069678696960182e-8,1,5.77376368937621e-8,0.7472973465919495,-1.0614353840310287e-7,0.6644898056983948]},{"pos":[-148.5985