{"data":[{"pos":[1.601991891860962,3.8523635864257814,16.618545532226564,-0.9986820220947266,8.285137909069818e-9,-0.051324550062417987,1.3597436065992952e-8,1,-1.0315486775880345e-7,0.051324550062417987,-1.0371680048137932e-7,-0.9986820220947266]},{"pos":[1.601991891860962,3.8523635864257814,16.618545532226564,-0.9986820220947266,8.106801452356649e-9,-0.051324550062417987,1.330475285499233e-8,1,-1.0093445723668992e-7,0.051324550062417987,-1.014842894164758e-7,-0.9986820220947266]},{"pos":[1.601991891860962,3.8523635864257814,16.618545532226564,-0.9986820220947266,5.012386505853783e-9,-0.051324550062417987,8.2262472389516e-9,1,-6.240714611749354e-8,0.051324550062417987,-6.274710528941796e-8,-0.9986820220947266]},{"pos":[1.601991891860962,3.8523635864257814,16.618545532226564,-0.9986820220947266,1.9206163326401794e-9,-0.051324550062417987,3.1520828169817607e-9,1,-2.3912768654099638e-8,0.051324550062417987,-2.4043030677489697e-8,-0.9986820220947266]},{"pos":[1.601991891860962,3.8523635864257814,16.618545532226564,-0.9986820220947266,-1.1685108436410019e-9,-0.051324550062417987,-1.917744185675474e-9,1,1.4548707127914895e-8,0.051324550062417987,1.4627960176483157e-8,-0.9986820220947266]},{"pos":[1.601991891860962,3.8523635864257814,16.618545532226564,-0.9986820220947266,-4.25499724343581e-9,-0.051324550062417987,-6.983237543778387e-9,1,5.2977306097545809e-8,0.051324550062417987,5.326589658238845e-8,-0.9986820220947266]},{"pos":[1.601991891860962,3.8523635864257814,16.618545532226564,-0.9986820220947266,-7.338845531279503e-9,-0.051324550062417987,-1.2044400143906842e-8,1,9.137305312378885e-8,0.051324550062417987,9.187080252104352e-8,-0.9986820220947266]},{"pos":[1.601991891860962,3.8523635864257814,16.618545532226564,-0.9986820220947266,-7.619720854279422e-9,-0.051324550062417987,-1.2505368296444886e-8,1,9.487010999009726e-8,0.051324550062417987,9.53869019326703e-8,-0.9986820220947266]},{"pos":[1.601991891860962,3.8523635864257814,16.618545532226564,-0.9986820220947266,-3.8427727666601189e-9,-0.051324550062417987,-6.306697830638086e-9,1,4.784480367447941e-8,0.051324550062417987,4.810543430266989e-8,-0.9986820220947266]},{"pos":[1.601991891860962,3.8523635864257814,16.618545532226564,-0.9986820220947266,-1.3274978893917933e-9,-0.051324550062417987,-2.178666358432224e-9,1,1.6528092672274398e-8,0.051324550062417987,1.6618129095036239e-8,-0.9986820220947266]},{"pos":[1.601991891860962,3.8523635864257814,16.618545532226564,-0.9986820220947266,1.1856268189447406e-9,-0.051324550062417987,1.945836602956774e-9,1,-1.4761850408717692e-8,0.051324550062417987,-1.4842263418302082e-8,-0.9986820220947266]},{"pos":[1.601991891860962,3.8523635864257814,16.618545532226564,-0.9986820220947266,3.6966034677732297e-9,-0.051324550062417987,6.066814162153378e-9,1,-4.602505043749261e-8,0.051324550062417987,-4.627576544180556e-8,-0.9986820220947266]},{"pos":[1.601991891860962,3.8523635864257814,16.618545532226564,-0.9986820220947266,6.205433500383606e-9,-0.051324550062417987,1.0184269427782056e-8,1,-7.726152517761875e-8,0.051324550062417987,-7.768240095629153e-8,-0.9986820220947266]},{"pos":[1.601991891860962,3.8523635864257814,16.618545532226564,-0.9986820220947266,7.45904493726357e-9,-0.051324550062417987,1.2241677005420115e-8,1,-9.286974744782128e-8,0.051324550062417987,-9.337564677025512e-8,-0.9986820220947266]},{"pos":[1.601991891860962,3.8523635864257814,16.618545532226564,-0.9986820220947266,8.272806439890701e-9,-0.051324550062417987,1.3577208690662701e-8,1,-1.0300155395270849e-7,0.051324550062417987,-1.0356264112942881e-7,-0.9986820220947266]},{"pos":[1.601991891860962,3.8523635864257814,16.618545532226564,-0.9986820220947266,4.891269611562166e-9,-0.051324550062417987,8.02747912587165e-9,1,-6.089931758879175e-8,0.051324550062417987,-6.123105578126342e-8,-0.9986820220947266]},{"pos":[1.601991891860962,3.8523635864257814,16.618545532226564,-0.9986820220947266,1.5126233599005446e-9,-0.051324550062417987,2.482493766109428e-9,1,-1.8833061332657054e-8,0.051324550062417987,-1.8935653045559776e-8,-0.9986820220947266]},{"pos":[1.601991891860962,3.8523635864257814,16.618545532226564,-0.9986820220947266,-1.863134535540212e-9,-0.051324550062417987,-3.0577522736052744e-9,1,2.319723613197766e-8,0.051324550062417987,2.3323599052105238e-8,-0.9986820220947266]},{"pos":[1.601991891860962,3.8523635864257814,16.618545532226564,-0.9986820220947266,-5.2360067392953628e-9,-0.051324550062417987,-8.593262101896926e-9,1,6.51916067795355e-8,0.051324550062417987,6.554672893344105e-8,-0.9986820220947266]},{"pos":[1.601991891860962,3.8523635864257814,16.618545532226564,-0.9986820220947266,-8.605995915900167e-9,-0.051324550062417987,-1.4124040603746835e-8,1,1.0715007903172591e-7,0.051324550062417987,1.0773376857287076e-7,-0.9986820220947266]},{"pos":[1.601991891860962,3.8523635864257814,16.618545532226564,-0.9986820220947266,-6.386966067140065e-9,-0.051324550062417987,-1.0482200885064686e-8,1,7.952176872549899e-8,0.051324550062417987,7.995495110435513e-8,-0.9986820220947266]},{"pos":[1.601991891860962,3.8523635864257814,16.618545532226564,-0.9986820220947266,-4.169833811573653e-9,-0.051324550062417987,-6.843473343565165e-9,1,5.1917066201667697e-8,0.051324550062417987,5.219987997406861e-8,-0.9986820220947266]},{"pos":[1.601991891860962,3.8523635864257814,16.618545532226564,-0.9986820220947266,-1.9545967067102767e-9,-0.051324550062417987,-3.2078568690252497e-9,1,2.4335964354804675e-8,0.051324550062417987,2.4468532089372276e-8,-0.9986820220947266]},{"pos":[1.601991891860962,3.8523635864257814,16.618545532226564,-0.9986820220947266,2.5874691278460207e-10,-0.051324550062417987,4.246517859574084e-10,1,-3.2215616840858276e-9,0.051324550062417987,-3.2391107573914725e-9,-0.9986820220947266]},{"pos":[1.601991891860962,3.8523635864257814,16.618545532226564,-0.9986820220947266,2.4701984902009146e-9,-0.051324550062417987,4.0540553136736438e-9,1,-3.07555296785722e-8,0.051324550062417987,-3.0923068550237079e-8,-0.9986820220947266]},{"pos":[1.601991891860962,3.8523635864257814,16.618545532226564,-0.9986820220947266,4.6797596908731979e-9,-0.051324550062417987,7.680356794992349e-9,1,-5.82659644976502e-8,0.051324550062417987,-5.858336393771424e-8,-0.9986820220947266]},{"pos":[1.601991891860962,3.8523635864257814,16.618545532226564,-0.9986820220947266,6.887432402180593e-9,-0.051324550062417987,1.1303558089537092e-8,1,-8.57528874576019e-8,0.051324550062417987,-8.622001956837266e-8,-0.9986820220947266]},{"pos":[1.601991891860962,3.8523635864257814,16.618545532226564,-0.9986820220947266,9.093217734346127e-9,-0.051324550062417987,1.492366230593234e-8,1,-1.1321630921656834e-7,0.051324550062417987,-1.1383304610035339e-7,-0.9986820220947266]},{"pos":[1.601991891860962,3.8523635864257814,16.618545532226564,-0.9986820220947266,8.359824832382401e-9,-0.051324550062417987,1.3720027780550481e-8,1,-1.0408509609760586e-7,0.051324550062417987,-1.0465208788446034e-7,-0.9986820220947266]},{"pos":[1.601991891860962,3.8523635864257814,16.618545532226564,-0.9986820220947266,4.691021349145785e-9,-0.051324550062417987,7.69883801154947e-9,1,-5.840615102670199e-8,0.051324550062417987,-5.872431430020697e-8,-0.9986820220947266]},{"pos":[1.601991891860962,3.8523635864257814,16.618545532226564,-0.9986820220947266,1.0253543569760382e-9,-0.051324550062417987,1.6827945703568049e-9,1,-1.2766254720020243e-8,0.051324550062417987,-1.2835798202104343e-8,-0.9986820220947266]},{"pos":[1.601991891860962,3.8523635864257814,16.618545532226564,-0.9986820220947266,-2.637179363773612e-9,-0.051324550062417987,-4.328106317785796e-9,1,3.283463101411144e-8,0.051324550062417987,3.301349238427065e-8,-0.9986820220947266]},{"pos":[1.601991891860962,3.8523635864257814,16.618545532226564,-0.9986820220947266,-6.2965819225269119e-9,-0.051324550062417987,-1.0333868871725827e-8,1,7.839653903829458e-8,0.051324550062417987,7.882359653876847e-8,-0.9986820220947266]},{"pos":[1.601991891860962,3.8523635864257814,16.618545532226564,-0.9986820220947266,-9.952857205064447e-9,-0.051324550062417987,-1.63344981984892e-8,1,1.2391949155698968e-7,0.051324550062417987,1.245945355776712e-7,-0.9986820220947266]},{"pos":[1.601991891860962,3.8523635864257814,16.618545532226564,-0.9986820220947266,-7.2460504263460738e-9,-0.051324550062417987,-1.1892121065670836e-8,1,9.021798064168252e-8,0.051324550062417987,9.070943463029835e-8,-0.9986820220947266]},{"pos":[1.601991891860962,3.8523635864257814,16.618545532226564,-0.9986820220947266,-4.541557352411019e-9,-0.051324550062417987,-7.453541783775109e-9,1,5.6545278681596758e-8,0.051324550062417987,5.685330251026244e-8,-0.9986820220947266]},{"pos":[1.601991891860962,3.8523635864257814,16.618545532226564,-0.9986820220947266,-1.8393760958801409e-9,-0.051324550062417987,-3.0187565780437355e-9,1,2.2901357255022959e-8,0.051324550062417987,2.3026110795854039e-8,-0.9986820220947266]},{"pos":[1.601991891860962,3.8523635864257814,16.618545532226564,-0.9986820220947266,8.604952861368531e-10,-0.051324550062417987,1.4122378821923576e-9,1,-1.0713805842499369e-8,0.051324550062417987,-1.0772167158279445e-8,-0.9986820220947266]},{"pos":[1.601991891860962,3.8523635864257814,16.618545532226564,-0.9986820220947266,3.5580589585748614e-9,-0.051324550062417987,5.839444927602244e-9,1,-4.4300236368144399e-8,0.051324550062417987,-4.454155444477692e-8,-0.9986820220947266]},{"pos":[1.601991891860962,3.8523635864257814,16.618545532226564,-0.9986820220947266,6.253316531257269e-9,-0.051324550062417987,1.0262867000676579e-8,1,-7.785795475001578e-8,0.051324550062417987,-7.828207770899098e-8,-0.9986820220947266]},{"pos":[1.601991891860962,3.8523635864257814,16.618545532226564,-0.9986820220947266,8.94627039116358e-9,-0.051324550062417987,1.468250854230746e-8,1,-1.1138699562707188e-7,0.051324550062417987,-1.1199376359627422e-7,-0.9986820220947266]},{"pos":[1.601991891860962,3.8523635864257814,16.618545532226564,-0.9986820220947266,8.574749799095116e-9,-0.051324550062417987,1.4072774057183324e-8,1,-1.0676131267928213e-7,0.051324550062417987,-1.0734287769764706e-7,-0.9986820220947266]},{"pos":[1.601991891860962,3.8523635864257814,16.618545532226564,-0.9986820220947266,5.14268583273747e-9,-0.051324550062417987,8.440111720631194e-9,1,-6.402981966857624e-8,0.051324550062417987,-6.437861799213351e-8,-0.9986820220947266]},{"pos":[1.601991891860962,3.8523635864257814,16.618545532226564,-0.9986820220947266,1.7135554086777916e-9,-0.051324550062417987,2.812263977247653e-9,1,-2.1334859212629455e-8,0.051324550062417987,-2.1451079135204055e-8,-0.9986820220947266]},{"pos":[1.601991891860962,3.8523635864257814,16.618545532226564,-0.9986820220947266,-1.7126440265968768e-9,-0.051324550062417987,-2.8107731697701867e-9,1,2.132360954476553e-8,0.051324550062417987,2.1439767294850755e-8,-0.9986820220947266]},{"pos":[1.601991891860962,3.8523635864257814,16.618545532226564,-0.9986820220947266,-5.135914804554886e-9,-0.051324550062417987,-8.429004161314424e-9,1,6.394562035438867e-8,0.051324550062417987,6.429394971974034e-8,-0.9986820220947266]},{"pos":[1.601991891860962,3.8523635864257814,16.618545532226564,-0.9986820220947266,-8.556259700753799e-9,-0.051324550062417987,-1.4042432106009528e-8,1,1.0653119630887886e-7,0.051324550062417987,1.0711151077202885e-7,-0.9986820220947266]},{"pos":[1.601991891860962,3.8523635864257814,16.618545532226564,-0.9986820220947266,-6.39074215769142e-9,-0.051324550062417987,-1.0488410140396809e-8,1,7.956903402828175e-8,0.051324550062417987,8.000247930795013e-8,-0.9986820220947266]},{"pos":[1.601991891860962,3.8523635864257814,16.618545532226564,-0.9986820220947266,-4.2270764666341169e-9,-0.051324550062417987,-6.937426633157884e-9,1,5.2629918201319018e-8,0.051324550062417987,5.291661508977086e-8,-0.9986820220947266]},{"pos":[1.601991891860962,3.8523635864257814,16.618545532226564,-0.9986820220947266,-2.0652601850912335e-9,-0.051324550062417987,-3.389478253623679e-9,1,2.5713831064422267e-8,0.051324550062417987,2.5853905682993174e-8,-0.9986820220947266]},{"pos":[1.601991891860962,3.8523635864257814,16.618545532226564,-0.9986820220947266,9.470818573831252e-11,-0.051324550062417987,1.5543749620761106e-10,1,-1.1792493648243863e-9,0.051324550062417987,-1.185673004222565e-9,-0.9986820220947266]},{"pos":[1.601991891860962,3.8523635864257814,16.618545532226564,-0.9986820220947266,2.252830366700209e-9,-0.051324550062417987,3.6973231143377918e-9,1,-2.804934240430157e-8,0.051324550062417987,-2.820213751419942e-8,-0.9986820220947266]},{"pos":[1.601991891860962,3.8523635864257814,16.618545532226564,-0.9986820220947266,4.4091077455732378e-9,-0.051324550062417987,7.236180987746366e-9,1,-5.489646781597912e-8,0.051324550062417987,-5.5195510384464799e-8,-0.9986820220947266]},{"pos":[1.601991891860962,3.8523635864257814,16.618545532226564,-0.9986820220947266,6.563541710136178e-9,-0.051324550062417987,1.0772014391591256e-8,1,-8.172064269729162e-8,0.051324550062417987,-8.216580482667269e-8,-0.9986820220947266]},{"pos":[1.601991891860962,3.8523635864257814,16.618545532226564,-0.9986820220947266,8.71613448083508e-9,-0.051324550062417987,1.4304824880184697e-8,1,-1.0852188836452115e-7,0.051324550062417987,-1.0911304570981884e-7,-0.9986820220947266]},{"pos":[1.601991891860962,3.8523635864257814,16.618545532226564,-0.9986820220947266,8.038781196262335e-9,-0.051324550062417987,1.3193159453805947e-8,1,-1.0008835005237415e-7,0.051324550062417987,-1.0063357080980495e-7,-0.9986820220947266]},{"pos":[1.5285574197769166,3.8523614406585695,16.558948516845704,-0.9873620271682739,0.000022597207134822385,0.15848101675510407,-0.0000037520778732869077,1,-0.00016596225032117218,-0.15848101675510407,-0.0001644594594836235,-0.9873620271682739]},{"pos":[1.3575479984283448,3.8523647785186769,16.404109954833986,-0.9042600393295288,0.00014053418999537826,0.42698216438293459,-0.00005822995080961846,0.9999998807907105,-0.00045245260116644204,-0.42698219418525698,-0.00043399794958531857,-0.9042599201202393]},{"pos":[1.1679887771606446,3.8466100692749025,16.217529296875,-0.7611097693443298,0.00025559330242685974,0.6486230492591858,-0.00009097656584344804,0.9999998807907105,-0.0005008092266507447,-0.6486231088638306,-0.0004401802725624293,-0.7611096501350403]},{"pos":[0.9396960139274597,3.8488106727600099,15.974273681640625,-0.5419240593910217,0.00029001335497014225,0.8404273986816406,-0.00006042185123078525,0.9999999403953552,-0.00038403956568799913,-0.8404274582862854,-0.0002589004870969802,-0.541923999786377]},{"pos":[0.8054323792457581,3.8500237464904787,15.825569152832032,-0.40823912620544436,0.00027195404982194304,0.9128749966621399,-0.00003753244163817726,0.9999999403953552,-0.0003146939561702311,-0.9128750562667847,-0.00016273281653411686,-0.40823909640312197]},{"pos":[0.6279283761978149,3.8510687351226808,15.626068115234375,-0.24097859859466554,0.00021780775568913668,0.9705303907394409,-0.00001837677882576827,1,-0.0002289842232130468,-0.9705304503440857,-0.00007301552250282839,-0.24097859859466554]},{"pos":[0.4506853222846985,3.851656198501587,15.426384925842286,-0.08991263806819916,0.00016713138029444963,0.9959496259689331,-0.00000931960948946653,1,-0.0001686524337856099,-0.9959496855735779,-0.00002444584788463544,-0.08991263806819916]},{"pos":[0.27486899495124819,3.8519787788391115,15.225522994995118,0.042572151869535449,0.00012597774912137538,0.9990934133529663,-0.000005095799224363873,1,-0.00012587492528837174,-0.9990934133529663,2.675872110557975e-7,0.042572151869535449]},{"pos":[0.054088328033685687,3.852184295654297,14.975440979003907,0.18238596618175507,0.00008633523975731805,0.983227014541626,-0.000002226420747319935,1,-0.0000873950484674424,-0.983227014541626,0.000013750553080171813,0.18238596618175507]},{"pos":[-0.12200812995433808,3.852266311645508,14.774945259094239,0.27479466795921328,0.00006327295704977587,0.9615029096603394,-8.772871069595567e-7,1,-0.00006555558502441272,-0.9615029096603394,0.00001717081067909021,0.27479466795921328]},{"pos":[-0.29645204544067385,3.8523106575012209,14.573083877563477,0.3522970974445343,0.00004500243449001573,0.9358882308006287,-1.0983319498336641e-7,1,-0.00004804392301593907,-0.9358882308006287,0.00001682294168858789,0.3522970974445343]},{"pos":[-0.42720749974250796,3.852330207824707,14.421636581420899,0.4016681909561157,0.00003486980131128803,0.9157852530479431,2.1913750458679716e-7,1,-0.00003817250762949698,-0.9157852530479431,0.000015533365512965248,0.4016681909561157]},{"pos":[-0.601791262626648,3.8523454666137697,14.219961166381836,0.4577455222606659,0.000024450477212667466,0.8890832662582398,4.0014415958467e-7,1,-0.000027706788387149574,-0.8890832662582398,0.000013038419638178312,0.4577455222606659]},{"pos":[-0.7765648365020752,3.852354049682617,14.018472671508789,0.504756510257721,0.000017511778423795478,0.8632617592811585,4.4269461341173157e-7,1,-0.000020544441213132815,-0.8632617592811585,0.000010752100934041664,0.504756510257721]},{"pos":[-0.9950667023658752,3.8523590564727785,13.766674995422364,0.5532175302505493,0.00001168862399936188,0.8330368399620056,4.012927661278809e-7,1,-0.000014297837878984865,-0.8330368399620056,0.00000824410562927369,0.5532175302505493]},{"pos":[-1.1693499088287354,3.8523612022399904,13.564776420593262,0.5836865901947022,0.000007841817932785489,0.8119790554046631,3.592768962334958e-7,1,-0.000009915924238157459,-0.8119790554046631,0.000006079517334001139,0.5836865901947022]},{"pos":[-1.3427507877349854,3.8523623943328859,13.36214542388916,0.6096853613853455,0.000005853664788446622,0.7926435470581055,3.20199006864641e-7,1,-0.000007631280823261477,-0.7926435470581055,0.00000490648380946368,0.6096853613853455]},{"pos":[-1.51548171043396,3.852362871170044,13.158950805664063,0.6319940090179443,0.0000044930438889423389,0.7749732732772827,2.58506048567142e-7,1,-0.0000060084880715294279,-0.7749732732772827,0.000003997663498012116,0.6319940090179443]},{"pos":[-1.6881580352783204,3.852363109588623,12.955716133117676,0.6509079337120056,0.0000033493497539893726,0.7591567039489746,2.042344817709818e-7,1,-0.000004587047442328185,-0.7591567039489746,0.000003140791250189068,0.6509079337120056]},{"pos":[-1.8599778413772584,3.852363109588623,12.751763343811036,0.6673582196235657,0.000002516513632144779,0.744736909866333,1.6648778000671883e-7,1,-0.0000035282535009173445,-0.744736909866333,0.000002478598617017269,0.6673582196235657]},{"pos":[-2.031304359436035,3.852363109588623,12.547399520874024,0.6815692782402039,0.000001915375378302997,0.7317535877227783,1.402094511604446e-7,1,-0.0000027481078177515885,-0.7317535877227783,0.0000019756244000745939,0.6815692782402039]},{"pos":[-2.202394485473633,3.852363109588623,12.342840194702149,0.693770706653595,0.0000014443230611504987,0.7201959490776062,1.1170649827363377e-7,1,-0.0000021130661025381416,-0.7201959490776062,0.0000015464339639947867,0.693770706653595]},{"pos":[-2.373076915740967,3.852363109588623,12.137945175170899,0.7043535113334656,0.0000010914914128079545,0.7098493576049805,8.782838989418451e-8,1,-0.0000016247863641183358,-0.7098493576049805,0.0000012067688430761337,0.7043535113334656]},{"pos":[-2.5435338020324709,3.852363109588623,11.932862281799317,0.7134871482849121,8.262179562734673e-7,0.7006683349609375,6.889002435173097e-8,1,-0.000001249335923603212,-0.7006683349609375,9.396541145179071e-7,0.7134871482849121]},{"pos":[-2.7139742374420168,3.852363109588623,11.727768898010254,0.7212991714477539,6.158406335998734e-7,0.6926236748695374,5.314286610769159e-8,1,-9.444848387829552e-7,-0.6926236748695374,7.180640864135057e-7,0.7212991714477539]},{"pos":[-2.8842105865478517,3.852363109588623,11.522506713867188,0.7280716896057129,4.6133538944559407e-7,0.685500979423523,4.1136143380526849e-8,1,-7.166808586589468e-7,-0.685500979423523,5.499938993125397e-7,0.7280716896057129]},{"pos":[-3.054447889328003,3.852363109588623,11.317245483398438,0.733873724937439,3.4483343824831538e-7,0.6792859435081482,3.1545120293685616e-8,1,-5.41721192348632e-7,-0.6792859435081482,4.1898309177668127e-7,0.733873724937439]},{"pos":[-3.2241647243499758,3.852363109588623,11.111556053161621,0.7390734553337097,2.6974464617524065e-7,0.6736248731613159,2.520920894255596e-8,1,-4.280959728930611e-7,-0.6736248731613159,3.333759082124743e-7,0.7390734553337097]},{"pos":[-3.393425941467285,3.852363109588623,10.905491828918457,0.7437357902526856,2.1979529662985443e-7,0.6684736609458923,2.0848993642630377e-8,1,-3.519980680266599e-7,-0.6684736609458923,2.7573057082008747e-7,0.7437357902526856]},{"pos":[-3.562086820602417,3.852363109588623,10.698935508728028,0.7479983568191528,1.8367789778039879e-7,0.6637005805969238,1.7651586858846714e-8,1,-2.966416730032506e-7,-0.6637005805969238,2.33602847288239e-7,0.7479983568191528]},{"pos":[-3.7301461696624758,3.852363109588623,10.491890907287598,0.7519192695617676,1.5630867267191207e-7,0.6592552065849304,1.5205081638214325e-8,1,-2.544411756844056e-7,-0.6592552065849304,2.013432407466098e-7,0.7519192695617676]},{"pos":[-3.8977630138397219,3.852363109588623,10.284488677978516,0.7554795145988464,1.3127662157330634e-7,0.6551722884178162,1.2924951775517002e-8,1,-2.1527340265947715e-7,-0.6551722884178162,1.7110271244291654e-7,0.7554795145988464]},{"pos":[-4.063159942626953,3.852363109588623,10.07531452178955,0.759459912776947,1.43643262617843e-7,0.6505541205406189,1.428008289394711e-8,1,-2.3747205091240176e-7,-0.6505541205406189,1.8964047399094853e-7,0.759459912776947]},{"pos":[-4.228407859802246,3.852363109588623,9.86601734161377,0.7629631757736206,1.34916348315528e-7,0.6464419364929199,1.3387585262591984e-8,1,-2.245067634021325e-7,-0.6464419364929199,1.799446920358605e-7,0.7629631757736206]},{"pos":[-4.392155170440674,3.852363109588623,9.655547142028809,0.7665821313858032,1.2839224439176179e-7,0.6421462893486023,1.2917637626230772e-8,1,-2.153632010504225e-7,-0.6421462893486023,1.7338859947813035e-7,0.7665821313858032]},{"pos":[-4.554924011230469,3.852363109588623,9.444318771362305,0.770098090171814,1.2619011613423937e-7,0.6379255056381226,1.2806045113222808e-8,1,-2.1327258536985028e-7,-0.6379255056381226,1.7241012528756983e-7,0.770098090171814]},{"pos":[-4.71685266494751,3.852363109588623,9.23244571685791,0.7734619379043579,1.1818472245295198e-7,0.6338427662849426,1.2073686939118034e-8,1,-2.011906730103874e-7,-0.6338427662849426,1.632661508210731e-7,0.7734619379043579]},{"pos":[-4.877686023712158,3.852363109588623,9.019739151000977,0.7767903804779053,1.1310147129961479e-7,0.6297591924667358,1.1669786914580982e-8,1,-1.939891518532022e-7,-0.6297591924667358,1.5803806263647858e-7,0.7767903804779053]},{"pos":[-5.035943031311035,3.852363109588623,8.8051118850708,0.780656635761261,1.3888394789773884e-7,0.62496018409729,1.4420127314451748e-8,1,-2.4024109279707775e-7,-0.62496018409729,1.965578064755391e-7,0.780656635761261]},{"pos":[-5.1926679611206059,3.852363109588623,8.589362144470215,0.7845834493637085,1.592262321992166e-7,0.6200231909751892,1.6462704977016075e-8,1,-2.7763897492150138e-7,-0.6200231909751892,2.2803820343142434e-7,0.7845834493637085]},{"pos":[-5.348340034484863,3.852363109588623,8.372849464416504,0.788364589214325,1.5490962823605515e-7,0.6152083277702332,1.6108050004959297e-8,1,-2.724420937738614e-7,-0.6152083277702332,2.2469349403309025e-7,0.788364589214325]},{"pos":[-5.502113342285156,3.852363109588623,8.154986381530762,0.792324423789978,1.5906294947853895e-7,0.6101000308990479,1.67878404511157e-8,1,-2.825182150445471e-7,-0.6101000308990479,2.3408834692872916e-7,0.792324423789978]},{"pos":[-5.654559135437012,3.852363109588623,7.936191558837891,0.7962251901626587,1.6203712505102886e-7,0.605000376701355,1.722099973733293e-8,1,-2.904939151449071e-7,-0.605000376701355,2.417172879631835e-7,0.7962251901626587]},{"pos":[-5.804460525512695,3.852363109588623,7.715648174285889,0.8005001544952393,1.8311847327368015e-7,0.5993325114250183,1.9618925151121404e-8,1,-3.3174143254655066e-7,-0.5993325114250183,2.773173264358775e-7,0.8005001544952393]},{"pos":[-5.952548980712891,3.852363109588623,7.4938812255859379,0.8048298954963684,2.003307599807158e-7,0.5935055613517761,2.1501312730265455e-8,1,-3.666952181902161e-7,-0.5935055613517761,3.078884276419558e-7,0.8048298954963684]},{"pos":[-6.099392414093018,3.852363109588623,7.2712860107421879,0.8089909553527832,1.9404369311359916e-7,0.5878210663795471,2.1001556049782267e-8,1,-3.590101869122009e-7,-0.5878210663795471,3.027811601441499e-7,0.8089909553527832]},{"pos":[-6.242164611816406,3.852363109588623,7.0460662841796879,0.8139621615409851,2.40872736867459e-7,0.5809179544448853,2.646757479851658e-8,1,-4.5172703266871397e-7,-0.5809179544448853,3.8306419014588757e-7,0.8139621615409851]},{"pos":[-6.380356788635254,3.852363109588623,6.818007469177246,0.8197770118713379,3.4020541761492498e-7,0.5726828575134277,3.71421364775415e-8,1,-6.472233167187369e-7,-0.5726828575134277,5.518494390344131e-7,0.8197770118713379]},{"pos":[-6.514767169952393,3.852363109588623,6.587696552276611,0.8260052800178528,4.213731585878122e-7,0.5636623501777649,4.559143462756765e-8,1,-8.143739478327916e-7,-0.5636623501777649,6.983754019529442e-7,0.8260052800178528]},{"pos":[-6.710851192474365,3.852363109588623,6.239057540893555,0.8356885313987732,4.774002491103602e-7,0.549203634262085,5.2407308714919057e-8,1,-9.490039474258083e-7,-0.549203634262085,8.218540301641042e-7,0.8356885313987732]},{"pos":[-6.774309158325195,3.852363109588623,6.121795177459717,0.8388879895210266,4.784628231391253e-7,0.5443040728569031,5.303541428247627e-8,1,-9.607747415429913e-7,-0.5443040728569031,8.348498568011564e-7,0.8388879895210266]},{"pos":[-6.897318363189697,3.852363109588623,5.885200023651123,0.8458310961723328,5.337300876817608e-7,0.5334508419036865,6.050341028185358e-8,1,-0.000001096456685445446,-0.5334508419036865,9.596927839083947e-7,0.8458310961723328]},{"pos":[-7.014157295227051,3.852363109588623,5.64550256729126,0.8535622954368591,6.636417424488172e-7,0.520990788936615,7.57077884827595e-8,1,-0.0000013978425386085292,-0.520990788936615,0.0000012325888292252785,0.8535622954368591]},{"pos":[-7.126016616821289,3.852363109588623,5.403435230255127,0.86153244972229,7.619075859111035e-7,0.5077024698257446,8.675936413737873e-8,1,-0.0000016479211808473338,-0.5077024698257446,0.000001463785565647413,0.86153244972229]},{"pos":[-7.232390880584717,3.852363109588623,5.158909320831299,0.8697634935379028,8.282167982542887e-7,0.49346882104873659,9.60110710934714e-8,1,-0.000001847581188485492,-0.49346882104873659,0.0000016543372112209909,0.8697634935379028]},{"pos":[-7.331326007843018,3.852363109588623,4.911287307739258,0.8786379098892212,9.538836138744956e-7,0.4774886667728424,1.1336405236761493e-7,1,-0.0000022063134110794637,-0.4774886667728424,0.0000019926806089642925,0.8786379098892212]},{"pos":[-7.421438694000244,3.852363109588623,4.660325050354004,0.888275146484375,0.0000011591067732297234,0.45931169390678408,1.3321320579962049e-7,1,-0.0000027811979634861929,-0.45931169390678408,0.000002531655582060921,0.888275146484375]},{"pos":[-7.510770797729492,3.852363109588623,4.409055233001709,0.8965414762496948,0.0000010469402695889585,0.4429597556591034,1.2604643018221396e-7,1,-0.0000026186262402916329,-0.4429597556591034,0.0000024035405203903794,0.8965414762496948]},{"pos":[-7.591636657714844,3.852363109588623,4.154961585998535,0.9053367972373962,0.0000010291429362041527,0.4246942698955536,1.3071382909402019e-7,1,-0.00000270190366791212,-0.4246942698955536,0.0000025016463496285725,0.9053367972373962]},{"pos":[-7.667983055114746,3.852363109588623,3.8994555473327638,0.913642168045044,0.0000010223459412372904,0.4065193235874176,1.373667259940703e-7,1,-0.000002823604972945759,-0.4065193235874176,0.000002635606961121084,0.913642168045044]},{"pos":[-7.740581512451172,3.852363109588623,3.642857313156128,0.9213062524795532,9.219693311024457e-7,0.3888377845287323,1.3296573797560996e-7,1,-0.0000026861366677621847,-0.3888377845287323,0.000002526456455598236,0.9213062524795532]},{"pos":[-7.8095173835754398,3.852363109588623,3.385251522064209,0.9283762574195862,8.045160484471126e-7,0.371641606092453,1.2491139500525606e-7,1,-0.000002476796908013057,-0.371641606092453,0.0000023458217128791149,0.9283762574195862]},{"pos":[-7.874857425689697,3.852363109588623,3.1267106533050539,0.9349024295806885,7.055930382193765e-7,0.35490483045578005,1.1748770134545339e-7,1,-0.000002297608943990781,-0.35490483045578005,0.0000021897371880186258,0.9349024295806885]},{"pos":[-7.939884662628174,3.852363109588623,2.8680853843688967,0.9403732419013977,5.538041705221985e-7,0.3401442766189575,9.85090409244549e-8,1,-0.000001900485813166597,-0.3401442766189575,0.000001820673332986189,0.9403732419013977]},{"pos":[-8.001652717590332,3.852363109588623,2.6086692810058595,0.9454598426818848,4.506231050527276e-7,0.3257386088371277,8.765103132191143e-8,1,-0.0000016377966858271976,-0.3257386088371277,0.0000015770223171784892,0.9454598426818848]},{"pos":[-8.057928085327149,3.852363109588623,2.348012685775757,0.9505621790885925,4.4467265070124997e-7,0.3105343282222748,9.195461103672642e-8,1,-0.0000017134377685579239,-0.3105343282222748,0.0000016572842014284107,0.9505621790885925]},{"pos":[-8.110998153686524,3.852363109588623,2.0866777896881105,0.9552786946296692,4.2571252834022746e-7,0.29570698738098147,9.106116749535431e-8,1,-0.0000017338154520984972,-0.29570698738098147,0.0000016832044593684259,0.9552786946296692]},{"pos":[-8.161567687988282,3.852363109588623,1.8248465061187745,0.959538459777832,3.675401671898726e-7,0.2815776467323303,8.368601100983142e-8,1,-0.0000015904676047284739,-0.2815776467323303,0.0000015496789274038748,0.959538459777832]},{"pos":[-8.211923599243164,3.852363109588623,1.5629714727401734,0.9630914926528931,2.782273043067107e-7,0.2691742777824402,6.892610571185287e-8,1,-0.0000012802464652850177,-0.2691742777824402,0.000001251547701031086,0.9630914926528931]},{"pos":[-8.259292602539063,3.852363109588623,1.3005450963974,0.9664229154586792,2.2599770943543263e-7,0.25695669651031496,6.177171485433064e-8,1,-0.0000011118421525679879,-0.25695669651031496,0.0000010903823977059802,0.9664229154586792]},{"pos":[-8.300389289855957,3.852363109588623,1.0370720624923707,0.9699581265449524,2.43245636966094e-7,0.24327202141284944,7.092722853485611e-8,1,-0.000001282688003811927,-0.24327202141284944,0.0000012614082152140327,0.9699581265449524]},{"pos":[-8.337697982788086,3.852363109588623,0.7730280160903931,0.9733137488365173,2.5139900117210347e-7,0.22947849333286286,7.592762329977632e-8,1,-0.0000014175637943480979,-0.22947849333286286,0.000001397158143845445,0.9733137488365173]},{"pos":[-8.371970176696778,3.852363109588623,0.5085712671279907,0.9763964414596558,2.2676134392440873e-7,0.2159859985113144,7.358507758681299e-8,1,-0.0000013825411997459015,-0.2159859985113144,0.0000013658017223860953,0.9763964414596558]},{"pos":[-8.40398120880127,3.852363109588623,0.24383015930652619,0.9791490435600281,1.8857564043628373e-7,0.20314331352710725,6.775709238127092e-8,1,-0.000001254877247447439,-0.20314331352710725,0.0000012424761735019275,0.9791490435600281]},{"pos":[-8.433126449584961,3.852363109588623,-0.021240130066871644,0.9816715717315674,1.585438269557926e-7,0.19058045744895936,6.364169280459464e-8,1,-0.0000011597152251852095,-0.19058045744895936,0.0000011505883321660804,0.9816715717315674]},{"pos":[-8.462017059326172,3.852363109588623,-0.28634166717529299,0.9837523102760315,1.2093886425645906e-7,0.17953108251094819,5.355449061994477e-8,1,-9.670926601756947e-7,-0.17953108251094819,9.609943845134695e-7,0.9837523102760315]},{"pos":[-8.489471435546875,3.852363109588623,-0.5515936613082886,0.9855733513832092,8.968646625362453e-8,0.16924892365932465,4.473149672890031e-8,1,-7.903898335825943e-7,-0.16924892365932465,7.865579050303495e-7,0.9855733513832092]},{"pos":[-8.513056755065918,3.852363109588623,-0.8172129988670349,0.9873706698417664,8.134320950148322e-8,0.1584271788597107,4.549607268700129e-8,1,-7.969888997649832e-7,-0.1584271788597107,7.941312674120127e-7,0.9873706698417664]},{"pos":[-8.535018920898438,3.852363109588623,-1.0829758644104005,0.9889561533927918,7.198622142823297e-8,0.14820854365825654,4.384745722063599e-8,1,-7.782913939990976e-7,-0.14820854365825654,7.76194610807579e-7,0.9889561533927918]},{"pos":[-8.555062294006348,3.852363109588623,-1.3488894701004029,0.9903770089149475,5.853087969853732e-8,0.13839593529701234,4.007674903050429e-8,1,-7.097171419445658e-7,-0.13839593529701234,7.084339586072019e-7,0.9903770089149475]},{"pos":[-8.574936866760254,3.852363109588623,-1.6148173809051514,0.9915412664413452,4.220854421532749e-8,0.12979166209697724,3.305946094656065e-8,1,-5.777594651590334e-7,-0.12979166209697724,5.771631776951836e-7,0.9915412664413452]},{"pos":[-8.593361854553223,3.852363109588623,-1.8808478116989136,0.9925758242607117,3.070413967520835e-8,0.1216273084282875,2.8104915728022207e-8,1,-4.818029424313863e-7,-0.1216273084282875,4.816442924493458e-7,0.9925758242607117]},{"pos":[-8.609156608581543,3.852363109588623,-2.147045612335205,0.9935668110847473,2.6407946052131593e-8,0.11324755847454071,2.8083233516440488e-8,1,-4.795733730134089e-7,-0.11324755847454071,4.796685288965819e-7,0.9935668110847473]},{"pos":[-8.623469352722168,3.852363109588623,-2.4133288860321047,0.9944477677345276,2.2259149190517747e-8,0.10523158311843872,2.7184968942606248e-8,1,-4.684257248754875e-7,-0.10523158311843872,4.686856129865191e-7,0.9944477677345276]},{"pos":[-8.635627746582032,3.852363109588623,-2.679718017578125,0.9952635765075684,1.7916640615567304e-8,0.09721343219280243,2.6427905197579095e-8,1,-4.548689673811168e-7,-0.09721343219280243,4.552836401217064e-7,0.9952635765075684]},{"pos":[-8.645611763000489,3.852363109588623,-2.946197748184204,0.9960159063339233,1.4189171615441865e-8,0.08917582780122757,2.6442151579431085e-8,1,-4.5445020191436927e-7,-0.08917582780122757,4.5499763245970828e-7,0.9960159063339233]},{"pos":[-8.654068946838379,3.852363109588623,-3.212731122970581,0.9966782331466675,1.0179078913097328e-8,0.0814402848482132,2.5239931034093389e-8,1,-4.338782844115485e-7,-0.0814402848482132,4.3449256281746786e-7,0.9966782331466675]},{"pos":[-8.662396430969239,3.852363109588623,-3.479269504547119,0.9972087740898132,5.794673629822e-9,0.07466384768486023,2.0876127493352216e-8,1,-3.564312862636143e-7,-0.07466384768486023,3.5699508771358526e-7,0.9972087740898132]},{"pos":[-8.668732643127442,3.852363109588623,-3.7458605766296388,0.9976978898048401,2.7518383127755898e-9,0.06781540811061859,1.9106934701085266e-8,1,-3.216788968529727e-7,-0.06781540811061859,3.2223411494669565e-7,0.9976978898048401]},{"pos":[-8.66995906829834,3.852363109588623,-4.012518405914307,0.9982376098632813,1.9183718502624459e-10,0.059343427419662479,2.5921989887933706e-8,1,-4.3927605020144258e-7,-0.059343427419662479,4.400401962811884e-7,0.9982376098632813]},{"pos":[-8.666542053222657,3.852363109588623,-4.279159069061279,0.9987663626670837,-4.690831723053179e-9,0.04965692758560181,3.5222615935026627e-8,1,-6.139795232229517e-7,-0.04965692758560181,6.149710998215596e-7,0.9987663626670837]},{"pos":[-8.658960342407227,3.852363109588623,-4.545714855194092,0.9992329478263855,-1.2787516823209444e-8,0.039160389453172687,4.22108890063555e-8,1,-7.505288408538036e-7,-0.039160389453172687,7.516061373280536e-7,0.9992329478263855]},{"pos":[-8.647476196289063,3.852363109588623,-4.812131881713867,0.9996052384376526,-2.3326897746756005e-8,0.02809644490480423,4.704321554527269e-8,1,-8.434430469606014e-7,-0.02809644490480423,8.444318382316851e-7,0.9996052384376526]},{"pos":[-8.632477760314942,3.852363109588623,-5.078375816345215,0.9998599290847778,-3.489646260845802e-8,0.01673780381679535,4.9941196067493368e-8,1,-8.984297892311588e-7,-0.01673780381679535,8.99139877219568e-7,0.9998599290847778]},{"pos":[-8.617172241210938,3.852363109588623,-5.344606399536133,0.9999774098396301,-3.821508798296236e-8,0.0067179263569414619,4.345200821376238e-8,1,-7.793971690261969e-7,-0.0067179263569414619,7.796714953656192e-7,0.9999774098396301]},{"pos":[-8.598479270935059,3.852363109588623,-5.6106157302856449,0.9999933838844299,-4.402096465128125e-8,-0.003632802050560713,4.1380463500217959e-8,1,-7.269249522323662e-7,0.003632802050560713,7.26769826542295e-7,0.9999933838844299]},{"pos":[-8.574573516845704,3.852363109588623,-5.8762030601501469,0.999884307384491,-6.220135162493534e-8,-0.015210949815809727,4.903953865209587e-8,1,-8.656576255816617e-7,0.015210949815809727,8.648115681353374e-7,0.999884307384491]},{"pos":[-8.547619819641114,3.852363109588623,-6.141504287719727,0.9996408224105835,-7.808505841921942e-8,-0.026800673454999925,5.262655733417887e-8,1,-9.506252922619751e-7,0.026800673454999925,9.488734349361039e-7,0.9996408224105835]},{"pos":[-8.517908096313477,3.852363109588623,-6.406510829925537,0.9992690086364746,-8.736679291132532e-8,-0.03822895511984825,5.1637940146065378e-8,1,-9.355892416351708e-7,0.03822895511984825,9.329312433692394e-7,0.9992690086364746]},{"pos":[-8.487957000732422,3.852363109588623,-6.671494007110596,0.9988347291946411,-8.112095173373746e-8,-0.04826199635863304,4.3550752337750967e-8,1,-7.79515175963752e-7,0.04826199635863304,7.76504975874559e-7,0.9988347291946411]},{"pos":[-8.454353332519532,3.852363109588623,-6.936032772064209,0.9982724189758301,-8.549921659550819e-8,-0.05875551700592041,4.218826887836258e-8,1,-7.38378901132819e-7,0.05875551700592041,7.346245070039004e-7,0.9982724189758301]},{"pos":[-8.399029731750489,3.852363109588623,-7.332188129425049,0.997197151184082,-1.0532014016462199e-7,-0.07481842488050461,4.529515962303776e-8,1,-8.039722274588712e-7,0.07481842488050461,7.983298928593285e-7,0.997197151184082]},{"pos":[-8.378278732299805,3.852363109588623,-7.463893413543701,0.9967649579048157,-1.129985207626305e-7,-0.0803719311952591,4.651831275737095e-8,1,-8.290294317703228e-7,0.0803719311952591,8.226086833929003e-7,0.9967649579048157]},{"pos":[-8.333118438720704,3.852363109588623,-7.726705074310303,0.9957259297370911,-1.421788908828603e-7,-0.09235705435276032,5.357185273169307e-8,1,-9.618755711926497e-7,0.09235705435276032,9.528167765893159e-7,0.9957259297370911]},{"pos":[-8.284708023071289,3.852363109588623,-7.988940238952637,0.9945322871208191,-1.648497942596805e-7,-0.10442972183227539,5.6935476777653096e-8,1,-0.0000010363488627262996,0.10442972183227539,0.0000010247366617477383,0.9945322871208191]},{"pos":[-8.233909606933594,3.852363109588623,-8.250724792480469,0.9932381510734558,-1.7019249298755313e-7,-0.1160946786403656,5.4779498270818297e-8,1,-9.973188070944162e-7,0.1160946786403656,9.84215489552298e-7,0.9932381510734558]},{"pos":[-8.157413482666016,3.852363109588623,-8.643346786499024,0.9913389682769775,-1.3994250025461953e-7,-0.13132785260677339,4.222323823910301e-8,1,-7.468710236935294e-7,0.13132785260677339,7.348572808041354e-7,0.9913389682769775]},{"pos":[-8.130011558532715,3.852363109588623,-8.773831367492676,0.9906482696533203,-1.3902447904001748e-7,-0.13644054532051087,4.1160877373158658e-8,1,-7.200830509646039e-7,0.13644054532051087,7.077330224092293e-7,0.9906482696533203]},{"pos":[-8.073318481445313,3.852363109588623,-9.034401893615723,0.9891775250434876,-1.4984357221692336e-7,-0.14672353863716126,4.211116433339157e-8,1,-7.373606081273465e-7,0.14672353863716126,7.232018788272399e-7,0.9891775250434876]},{"pos":[-8.016441345214844,3.852363109588623,-9.29493522644043,0.9877944588661194,-1.365573751854754e-7,-0.1557631492614746,3.655640412603134e-8,1,-6.448712497331144e-7,0.1557631492614746,6.313060794127523e-7,0.9877944588661194]},{"pos":[-7.958457946777344,3.852363109588623,-9.55522346496582,0.9864391088485718,-1.1622796591836959e-7,-0.16412761807441712,3.0312634180518219e-8,1,-5.259711883809359e-7,0.16412761807441712,5.138634264767461e-7,0.9864391088485718]},{"pos":[-7.901422023773193,3.852363109588623,-9.815722465515137,0.9852896928787231,-8.649469407373545e-8,-0.17089244723320008,2.2222284457029674e-8,1,-3.7801149233018807e-7,0.17089244723320008,3.6865318975287666e-7,0.9852896928787231]},{"pos":[-7.844486236572266,3.852363109588623,-10.076240539550782,0.9842691421508789,-6.10748358553792e-8,-0.1766754686832428,1.558746198782046e-8,1,-2.5885074705911395e-7,0.1766754686832428