{"data":[{"type":"position","time":0.007979631423950196,"pos":[-126.57373809814453,3.6982033252716066,197.31875610351563,-0.05605900287628174,4.95904686204085e-8,0.9984274506568909,-1.1559454726750573e-8,1,-5.031760963447596e-8,-0.9984274506568909,-1.4362031564019162e-8,-0.05605900287628174]},{"type":"position","time":0.02245640754699707,"pos":[-126.57373809814453,3.6982033252716066,197.31875610351563,-0.05605900287628174,1.3035795554117158e-8,0.9984274506568909,-2.9474884755131826e-9,1,-1.322182008323125e-8,-0.9984274506568909,-3.684055505104311e-9,-0.05605900287628174]},{"type":"position","time":0.041059255599975589,"pos":[-126.57373809814453,3.6982033252716066,197.31875610351563,-0.05605900287628174,-2.348764738258069e-8,0.9984274506568909,5.657116108892524e-9,1,2.3842272156571199e-8,-0.9984274506568909,6.984794076458911e-9,-0.05605900287628174]},{"type":"position","time":0.0570070743560791,"pos":[-126.57373809814453,3.6982033252716066,197.31875610351563,-0.05605900287628174,-5.997988239414554e-8,0.9984274506568909,1.4254364799626274e-8,1,6.087469728299766e-8,-0.9984274506568909,1.7644524064053259e-8,-0.05605900287628174]},{"type":"position","time":0.07518148422241211,"pos":[-126.57373809814453,3.6982033252716066,197.31875610351563,-0.05605900287628174,-9.64409423431789e-8,0.9984274506568909,2.2844263369847796e-8,1,9.787547838868704e-8,-0.9984274506568909,2.82951422292399e-8,-0.05605900287628174]},{"type":"position","time":0.08975577354431153,"pos":[-126.57373809814453,3.6982033252716066,197.31875610351563,-0.05605900287628174,-9.741095396975652e-8,0.9984274506568909,2.3042737495870825e-8,1,9.885816609767062e-8,-0.9984274506568909,2.8548392094762677e-8,-0.05605900287628174]},{"type":"position","time":0.10714936256408692,"pos":[-126.57373809814453,3.6982033252716066,197.31875610351563,-0.05605900287628174,-6.293540621982175e-8,0.9984274506568909,1.486054301835793e-8,1,6.3868910160636e-8,-0.9984274506568909,1.8417601665987605e-8,-0.05605900287628174]},{"type":"position","time":0.1245567798614502,"pos":[-126.57373809814453,3.6982033252716066,197.31875610351563,-0.05605900287628174,-2.848931579535474e-8,0.9984274506568909,6.685342057721755e-9,1,2.8909550309208499e-8,-0.9984274506568909,8.295470088626189e-9,-0.05605900287628174]},{"type":"position","time":0.14074134826660157,"pos":[-126.57373809814453,3.6982033252716066,197.31875610351563,-0.05605900287628174,5.927344393086287e-9,0.9984274506568909,-1.4828703820413125e-9,1,-6.019939657875284e-9,-0.9984274506568909,-1.8180102978604396e-9,-0.05605900287628174]},{"type":"position","time":0.15770840644836427,"pos":[-126.57373809814453,3.6982033252716066,197.31875610351563,-0.05605900287628174,4.03145996585863e-8,0.9984274506568909,-9.644100629202513e-9,1,-4.091958416552188e-8,-0.9984274506568909,-1.1922845821743522e-8,-0.05605900287628174]},{"type":"position","time":0.17525672912597657,"pos":[-126.57373809814453,3.6982033252716066,197.31875610351563,-0.05605900287628174,7.467247087333817e-8,0.9984274506568909,-1.779835301363164e-8,1,-7.578940852681626e-8,-0.9984274506568909,-2.2019044365606534e-8,-0.05605900287628174]},{"type":"position","time":0.19386744499206544,"pos":[-126.57373809814453,3.6982033252716066,197.31875610351563,-0.05605900287628174,1.0900098601496211e-7,0.9984274506568909,-2.5945634973822963e-8,1,-1.106294433839139e-7,-0.9984274506568909,-3.210660892705164e-8,-0.05605900287628174]},{"type":"position","time":0.21135616302490235,"pos":[-126.57373809814453,3.6982033252716066,197.31875610351563,-0.05605900287628174,7.602744744872325e-8,0.9984274506568909,-1.8082934261087759e-8,1,-7.716250394196322e-8,-0.9984274506568909,-2.2380151065704014e-8,-0.05605900287628174]},{"type":"position","time":0.2263491153717041,"pos":[-126.57373809814453,3.6982033252716066,197.31875610351563,-0.05605900287628174,4.308208900738464e-8,0.9984274506568909,-1.0226956170811264e-8,1,-4.3724160292413219e-8,-0.9984274506568909,-1.266200655436478e-8,-0.05605900287628174]},{"type":"position","time":0.23984146118164063,"pos":[-126.57373809814453,3.6982033252716066,197.31875610351563,-0.05605900287628174,1.0164874275631064e-8,0.9984274506568909,-2.3776938196107268e-9,1,-1.0314385789911285e-8,-0.9984274506568909,-2.9521689537403974e-9,-0.05605900287628174]},{"type":"position","time":0.2570466995239258,"pos":[-126.57373809814453,3.6982033252716066,197.31875610351563,-0.05605900287628174,-2.2724215398284288e-8,0.9984274506568909,5.464859231807395e-9,1,2.3066844434538326e-8,-0.9984274506568909,6.749369951819517e-9,-0.05605900287628174]},{"type":"position","time":0.2730827331542969,"pos":[-126.57373809814453,3.6982033252716066,197.31875610351563,-0.05605900287628174,-5.5585203995178747e-8,0.9984274506568909,1.3300708090469016e-8,1,5.6419551697217688e-8,-0.9984274506568909,1.6442616157519298e-8,-0.05605900287628174]},{"type":"position","time":0.2920067310333252,"pos":[-126.57373809814453,3.6982033252716066,197.31875610351563,-0.05605900287628174,-8.841811194315597e-8,0.9984274506568909,2.1129858751578469e-8,1,8.974375731440887e-8,-0.9984274506568909,2.6127576546741694e-8,-0.05605900287628174]},{"type":"position","time":0.30700063705444338,"pos":[-126.57373809814453,3.6982033252716066,197.31875610351563,-0.05605900287628174,-1.2122296766392538e-7,0.9984274506568909,2.895231610011706e-8,1,1.230394985896055e-7,-0.9984274506568909,3.5804259113092488e-8,-0.05605900287628174]},{"type":"position","time":0.32387876510620119,"pos":[-126.57373809814453,3.6982033252716066,197.31875610351563,-0.05605900287628174,-8.142170315750264e-8,0.9984274506568909,1.94390903374142e-8,1,8.264139239599899e-8,-0.9984274506568909,2.4041314716782837e-8,-0.05605900287628174]},{"type":"position","time":0.33817553520202639,"pos":[-126.57373809814453,3.6982033252716066,197.31875610351563,-0.05605900287628174,-4.1654438120986018e-8,0.9984274506568909,9.933995848143696e-9,1,4.2277811473923069e-8,-0.9984274506568909,1.2288426276541032e-8,-0.05605900287628174]},{"type":"position","time":0.36262035369873049,"pos":[-126.57373809814453,3.6982033252716066,197.31875610351563,-0.05605900287628174,-1.921150571959629e-9,0.9984274506568909,4.3702774732423679e-10,1,1.9487145230812077e-9,-0.9984274506568909,5.455835228040939e-10,-0.05605900287628174]},{"type":"position","time":0.3817713260650635,"pos":[-126.57373809814453,3.6982033252716066,197.31875610351563,-0.05605900287628174,3.777818946559819e-8,0.9984274506568909,-9.051821514560743e-9,1,-3.8345927322325227e-8,-0.9984274506568909,-1.118722092741109e-8,-0.05605900287628174]},{"type":"position","time":0.4004697799682617,"pos":[-126.57373809814453,3.6982033252716066,197.31875610351563,-0.05605900287628174,9.726360872264195e-8,0.9984274506568909,-2.3269887350352293e-8,1,-9.87233477189875e-8,-0.9984274506568909,-2.8767626503167777e-8,-0.05605900287628174]},{"type":"position","time":0.4169445037841797,"pos":[-126.57373809814453,3.6982033252716066,197.31875610351563,-0.05605900287628174,1.0016763241083027e-7,0.9984274506568909,-2.39586093186972e-8,1,-1.0167060793264682e-7,-0.9984274506568909,-2.9620485619830107e-8,-0.05605900287628174]},{"type":"position","time":0.4322841167449951,"pos":[-126.57373809814453,3.6982033252716066,197.31875610351563,-0.05605900287628174,6.637428384692612e-8,0.9984274506568909,-1.5870634584302935e-8,1,-6.736991764455525e-8,-0.9984274506568909,-1.962236773067616e-8,-0.05605900287628174]},{"type":"position","time":0.44558000564575198,"pos":[-126.57373809814453,3.6982033252716066,197.31875610351563,-0.05605900287628174,4.948843823626703e-8,0.9984274506568909,-1.1829240698091326e-8,1,-5.0230564596631669e-8,-0.9984274506568909,-1.4626513333837466e-8,-0.05605900287628174]},{"type":"position","time":0.45888543128967287,"pos":[-126.57373809814453,3.6982033252716066,197.31875610351563,-0.05605900287628174,1.5738393699393783e-8,0.9984274506568909,-3.75163411447943e-9,1,-1.5973824929460535e-8,-0.9984274506568909,-4.641210971101373e-9,-0.05605900287628174]},{"type":"position","time":0.4741199016571045,"pos":[-126.57373809814453,3.6982033252716066,197.31875610351563,-0.05605900287628174,-1.798281701326232e-8,0.9984274506568909,4.319066437830088e-9,1,1.825364392971096e-8,-0.9984274506568909,5.335555552932192e-9,-0.05605900287628174]},{"type":"position","time":0.49352550506591799,"pos":[-126.57373809814453,3.6982033252716066,197.31875610351563,-0.05605900287628174,-5.167521166526967e-8,0.9984274506568909,1.2382866287907746e-8,1,5.245186684987857e-8,-0.9984274506568909,1.5303793787779797e-8,-0.05605900287628174]},{"type":"position","time":0.5086631774902344,"pos":[-126.57373809814453,3.6982033252716066,197.31875610351563,-0.05605900287628174,-8.533882578376506e-8,0.9984274506568909,2.043977431753774e-8,1,8.662087225275173e-8,-0.9984274506568909,2.5263510394779588e-8,-0.05605900287628174]},{"type":"position","time":0.523695707321167,"pos":[-126.68146514892578,3.6982030868530275,197.36338806152345,-0.09704407304525376,0.000012829757906729356,0.9952800869941711,2.264005019014803e-7,1,-0.000012868526027887129,-0.9952800869941711,-0.000001023482241180318,-0.09704407304525376]},{"type":"position","time":0.5419001579284668,"pos":[-126.91205596923828,3.6982038021087648,197.456298828125,-0.13531944155693055,0.000019433173292782159,0.9908020496368408,6.714038818245172e-7,1,-0.000019521881768014283,-0.9908020496368408,-0.000001976461817321251,-0.13531944155693055]},{"type":"position","time":0.5595383644104004,"pos":[-127.15821838378906,3.6982040405273439,197.5579833984375,-0.16949845850467683,0.000016069412595243194,0.985530436038971,5.870876975677675e-7,1,-0.000016204372514039279,-0.985530436038971,-0.0000021680232293874725,-0.16949845850467683]},{"type":"position","time":0.5758187770843506,"pos":[-127.40425872802735,3.6982040405273439,197.66087341308595,-0.1994764655828476,0.000011701444236678072,0.9799026250839233,3.217180903902772e-7,1,-0.000011875944437633735,-0.9799026250839233,-0.000002053719072137028,-0.1994764655828476]},{"type":"position","time":0.5936734676361084,"pos":[-127.65169525146485,3.6982040405273439,197.76036071777345,-0.22350230813026429,0.00000785770589573076,0.9747033715248108,1.476278583822932e-7,1,-0.000008027785952435807,-0.9747033715248108,-0.0000016503353208463523,-0.22350230813026429]},{"type":"position","time":0.6088275909423828,"pos":[-127.90086364746094,3.6982040405273439,197.8553924560547,-0.24183805286884309,0.0000046974355427664708,0.9703166484832764,5.345071940610069e-8,1,-0.000004827814791497076,-0.9703166484832764,-0.0000011156844266224653,-0.24183805286884309]},{"type":"position","time":0.6241803169250488,"pos":[-128.14990234375,3.6982040405273439,197.9507598876953,-0.25772935152053835,0.0000031001775369077224,0.9662171602249146,2.4128336661988216e-8,1,-0.0000032021359857026256,-0.9662171602249146,-8.019709980544576e-7,-0.25772935152053835]},{"type":"position","time":0.6423389911651611,"pos":[-128.3993377685547,3.6982040405273439,198.0450897216797,-0.2708985507488251,0.000002259168013551971,0.9626079201698303,1.8749560126707366e-8,1,-0.0000023416478143190035,-0.9626079201698303,-6.163004400150385e-7,-0.2708985507488251]},{"type":"position","time":0.6600351333618164,"pos":[-128.64974975585938,3.6982040405273439,198.1367645263672,-0.28088968992233279,0.0000014436077435675543,0.9597400426864624,1.1857281378979679e-8,1,-0.0000015006950206952752,-0.9597400426864624,-4.1014979501596829e-7,-0.28088968992233279]},{"type":"position","time":0.6767101287841797,"pos":[-128.75221252441407,3.698204278945923,198.1743621826172,-0.28183478116989138,3.243698074584245e-7,0.9594629406929016,-3.955397342991773e-9,1,-3.3923620890163877e-7,-0.9594629406929016,-9.940361422877686e-8,-0.28183478116989138]},{"type":"position","time":0.6985960006713867,"pos":[-128.7564697265625,3.6982038021087648,198.17593383789063,-0.281860888004303,-9.961208036202152e-8,0.9594553112983704,-3.7251919327019324e-9,1,1.0272713524273058e-7,-0.9594553112983704,2.5380606061276013e-8,-0.281860888004303]},{"type":"position","time":0.7167062759399414,"pos":[-128.75656127929688,3.6982038021087648,198.17596435546876,-0.28186163306236269,-9.750880280989804e-8,0.9594550728797913,2.1849744236135395e-9,1,1.0227124391803955e-7,-0.9594550728797913,3.092272393701023e-8,-0.28186163306236269]},{"type":"position","time":0.7319269180297852,"pos":[-128.75656127929688,3.6982038021087648,198.17596435546876,-0.28186163306236269,-9.610810991489416e-8,0.9594550728797913,6.1209304291764969e-9,1,1.0196763611247661e-7,-0.9594550728797913,3.461352093836467e-8,-0.28186163306236269]},{"type":"position","time":0.7474634647369385,"pos":[-128.75656127929688,3.6982038021087648,198.17596435546876,-0.28186163306236269,-9.470861783711371e-8,0.9594550728797913,1.005352334715326e-8,1,1.0166429120772591e-7,-0.9594550728797913,3.8301166682686019e-8,-0.28186163306236269]},{"type":"position","time":0.7665243148803711,"pos":[-128.75656127929688,3.6982038021087648,198.17596435546876,-0.28186163306236269,-9.331032657655669e-8,0.9594550728797913,1.3982754509811457e-8,1,1.0136120920378744e-7,-0.9594550728797913,4.1985661169974267e-8,-0.28186163306236269]},{"type":"position","time":0.7840282917022705,"pos":[-128.75656127929688,3.6982038021087648,198.17596435546876,-0.28186163306236269,-9.191322192236839e-8,0.9594550728797913,1.7908629246221609e-8,1,1.0105838299523384e-7,-0.9594550728797913,4.5667007952943098e-8,-0.28186163306236269]},{"type":"position","time":0.8189880847930908,"pos":[-128.75656127929688,3.6982038021087648,198.17596435546876,-0.28186163306236269,-8.912260085480739e-8,0.9594550728797913,2.5750319210260387e-8,1,1.0045351217513599e-7,-0.9594550728797913,5.302026551134986e-8,-0.28186163306236269]},{"type":"position","time":0.8385424613952637,"pos":[-128.75656127929688,3.6982038021087648,198.17596435546876,-0.28186163306236269,-8.772907733600732e-8,0.9594550728797913,2.9666139766959533e-8,1,1.0015146045816437e-7,-0.9594550728797913,5.6692183392215159e-8,-0.28186163306236269]},{"type":"position","time":0.8535375595092773,"pos":[-128.75656127929688,3.6982038021087648,198.17596435546876,-0.28186163306236269,-8.633674752900333e-8,0.9594550728797913,3.3578615443730089e-8,1,9.984967164200498e-8,-0.9594550728797913,6.036096067418839e-8,-0.28186163306236269]},{"type":"position","time":0.8735055923461914,"pos":[-128.75656127929688,3.6982038021087648,198.17596435546876,-0.28186163306236269,-8.494560432836806e-8,0.9594550728797913,3.748774446421521e-8,1,9.954813862123047e-8,-0.9594550728797913,6.40266080154106e-8,-0.28186163306236269]},{"type":"position","time":0.8895523548126221,"pos":[-128.62879943847657,3.6981992721557619,198.08206176757813,0.05587540194392204,0.0006174885202199221,0.9984375834465027,-0.00007925204408820719,0.9999998211860657,-0.0006140195182524622,-0.998437762260437,-0.00004481962969293818,0.05587543919682503]},{"type":"position","time":0.9088795185089111,"pos":[-128.437255859375,3.6948065757751467,197.92332458496095,0.37337854504585268,0.001150444964878261,0.9276783466339111,-0.0002750988642219454,0.9999993443489075,-0.0011294089490547777,-0.9276790022850037,0.00016649380268063396,0.37337860465049746]},{"type":"position","time":0.9296936988830566,"pos":[-128.18751525878907,3.693171501159668,197.7030792236328,0.6729735732078552,0.0008984252344816923,0.7396659851074219,-0.00027503189630806446,0.9999995231628418,-0.0009644022793509066,-0.7396665215492249,0.0004455854941625148,0.6729734539985657]},{"type":"position","time":0.9498164653778076,"pos":[-127.99178314208985,3.6951091289520265,197.52134704589845,0.8278972506523132,0.0005287761450745165,0.5608795285224915,-0.00016318177222274244,0.9999997615814209,-0.0007018945761956275,-0.5608797669410706,0.0004895713063888252,0.8278971314430237]},{"type":"position","time":0.966658353805542,"pos":[-127.74885559082031,3.6967055797576906,197.29238891601563,0.9401066303253174,0.00022160644584801048,0.34088045358657839,-0.00007154372724471614,0.9999998807907105,-0.00045279128244146705,-0.34088051319122317,0.0004012842255178839,0.9401065707206726]},{"type":"position","time":0.9855642318725586,"pos":[-127.55384063720703,3.6973843574523927,197.10997009277345,0.9835872054100037,0.00010262429714202881,0.18043333292007447,-0.000043019037548219788,0.9999999403953552,-0.00033425819128751755,-0.18043334782123567,0.00032101001124829054,0.9835871458053589]},{"type":"position","time":1.00551438331604,"pos":[-127.30794525146485,3.6978213787078859,196.88442993164063,0.9999882578849793,0.0000270584350801073,0.004849666263908148,-0.000025949921109713615,1,-0.00022863810590934008,-0.004849672317504883,0.00022850956884212792,0.9999881982803345]},{"type":"position","time":1.0247313976287842,"pos":[-127.05839538574219,3.698026180267334,196.66307067871095,0.9895713925361633,-0.000007679204827581998,-0.14404310286045075,-0.000016087726180558094,1,-0.00016383400361519307,0.14404310286045075,0.00016444276843685657,0.9895713925361633]},{"type":"position","time":1.043053150177002,"pos":[-126.85572052001953,3.6981077194213869,196.48951721191407,0.9697821140289307,-0.00002012000732065644,-0.24397259950637818,-0.000010800755262607709,1,-0.00012540091120172292,0.24397259950637818,0.00012424665328580886,0.9697821140289307]},{"type":"position","time":1.0615553855895997,"pos":[-126.59465789794922,3.698159694671631,196.2821044921875,0.9360934495925903,-0.000026037954739877024,-0.3517513573169708,-0.000006764814770576777,1,-0.00009202652290696278,0.3517513573169708,0.0000885249610291794,0.9360934495925903]},{"type":"position","time":1.0815224647521973,"pos":[-126.48712158203125,3.6981801986694338,196.19845581054688,0.9261362552642822,-0.000014007890058564954,-0.3771890699863434,-0.0000014273064152803273,1,-0.00004064213499077596,0.3771890699863434,0.0000381785212084651,0.9261362552642822]},{"type":"position","time":1.100038766860962,"pos":[-126.48023986816406,3.698193073272705,196.1932373046875,0.9248748421669006,3.376755159933964e-7,-0.38027164340019228,6.075528631299676e-7,1,0.0000023656400571780979,0.38027164340019228,-0.000002418956228211755,0.9248748421669006]},{"type":"position","time":1.1132652759552003,"pos":[-126.48017883300781,3.698197603225708,196.19322204589845,0.9247938394546509,0.0000012020533404211165,-0.38046857714653017,2.2293852453003638e-7,1,0.0000037012928260082846,0.38046857714653017,-0.0000035077539450867336,0.9247938394546509]},{"type":"position","time":1.1291875839233399,"pos":[-126.48017883300781,3.69819974899292,196.19322204589845,0.9247879385948181,4.473185697406734e-7,-0.38048288226127627,-2.5144031301493898e-9,1,0.000001169548795587616,0.38048288226127627,-0.0000010806279533426278,0.9247879385948181]},{"type":"position","time":1.1436810493469239,"pos":[-126.48017883300781,3.6982014179229738,196.19322204589845,0.924787700176239,-5.6106927104337959e-8,-0.38048359751701357,-4.489408311769694e-8,1,-2.5657985247562467e-7,0.38048359751701357,2.5436335704398518e-7,0.924787700176239]},{"type":"position","time":1.1614713668823243,"pos":[-126.48017883300781,3.69820237159729,196.19322204589845,0.9247876405715942,-6.470088464993751e-8,-0.38048359751701357,-1.0140706052652604e-8,1,-1.9469665346605326e-7,0.38048359751701357,1.839114389667884e-7,0.9247876405715942]},{"type":"position","time":1.1772034168243409,"pos":[-126.48017883300781,3.6982028484344484,196.19322204589845,0.9247876405715942,-1.8702298376638283e-8,-0.38048359751701357,2.2745554772996003e-8,1,6.130384200275785e-9,0.38048359751701357,-1.4323615182831873e-8,0.9247876405715942]},{"type":"position","time":1.1942307949066163,"pos":[-126.48017883300781,3.6982033252716066,196.19322204589845,0.9247876405715942,9.892720420623391e-9,-0.38048359751701357,2.2649290443155224e-8,1,8.105081406029058e-8,0.38048359751701357,-8.357247338608431e-8,0.9247876405715942]},{"type":"position","time":1.2107911109924317,"pos":[-126.48017883300781,3.6982033252716066,196.19322204589845,0.9247876405715942,3.1170593217666467e-8,-0.38048359751701357,1.4353459754090636e-8,1,1.168105399074193e-7,0.38048359751701357,-1.1348620176931945e-7,0.9247876405715942]},{"type":"position","time":1.2230067253112794,"pos":[-126.48017883300781,3.6982033252716066,196.19322204589845,0.9247876405715942,2.841915502926895e-8,-0.38048359751701357,2.5439539363958376e-9,1,8.087542369139556e-8,0.38048359751701357,-7.576052496460761e-8,0.9247876405715942]},{"type":"position","time":1.2425575256347657,"pos":[-126.48017883300781,3.6982033252716066,196.19322204589845,0.9247876405715942,2.5670066960969963e-8,-0.38048359751701357,-9.255451516310132e-9,1,4.497103134326608e-8,0.38048359751701357,-3.806710680009928e-8,0.9247876405715942]},{"type":"position","time":1.258643388748169,"pos":[-126.48017883300781,3.6982033252716066,196.19322204589845,0.9247876405715942,2.29233290127695e-8,-0.38048359751701357,-2.1044767706257518e-8,1,9.097334441321437e-9,0.38048359751701357,-4.059132752143313e-10,0.9247876405715942]},{"type":"position","time":1.2735540866851807,"pos":[-126.48017883300781,3.6982033252716066,196.19322204589845,0.9247876405715942,2.0178935855597048e-8,-0.38048359751701357,-3.2824004847498148e-8,1,-2.674569365979096e-8,0.38048359751701357,3.722308505871297e-8,0.9247876405715942]},{"type":"position","time":1.2925546169281006,"pos":[-126.48017883300781,3.6982033252716066,196.19322204589845,0.9247876405715942,1.74368874894526e-8,-0.38048359751701357,-4.4593168269102537e-8,1,-6.25580796054237e-8,0.38048359751701357,7.481990849100839e-8,0.9247876405715942]},{"type":"position","time":1.3078925609588624,"pos":[-126.48017883300781,3.6982033252716066,196.19322204589845,0.9247876405715942,1.4697182137979326e-8,-0.38048359751701357,-5.635226685285488e-8,1,-9.83398464882157e-8,0.38048359751701357,1.123845905226517e-7,0.9247876405715942]},{"type":"position","time":1.3237714767456055,"pos":[-126.48017883300781,3.6982033252716066,196.19322204589845,0.9247876405715942,5.957935922396018e-9,-0.38048359751701357,-3.581617491477118e-8,1,-7.139445301618253e-8,0.38048359751701357,7.96521817392204e-8,0.9247876405715942]},{"type":"position","time":1.3428685665130616,"pos":[-126.48017883300781,3.6982033252716066,196.19322204589845,0.9247876405715942,-2.7738393804099816e-9,-0.38048359751701357,-1.5297636934974436e-8,1,-4.447209889235637e-8,0.38048359751701357,4.694774702329596e-8,0.9247876405715942]},{"type":"position","time":1.3596885204315186,"pos":[-126.48017883300781,3.6982033252716066,196.19322204589845,0.9247876405715942,-1.1498150875866031e-8,-0.38048359751701357,5.203364850103753e-9,1,-1.757275036595729e-8,0.38048359751701357,1.4271267723131587e-8,0.9247876405715942]},{"id":"Workspace.TrapExamples.Dialogs.StartDialogueGui.PromptAttachment.ProximityPrompt","type":"proximityPrompt","time":1.3695557117462159},{"type":"position","time":1.3801162242889405,"pos":[-126.48017883300781,3.6982033252716066,196.19322204589845,0.9247876405715942,-2.0215006557577909e-8,-0.38048359751701357,2.5686842874961259e-8,1,9.303604109334174e-9,0.38048359751701357,-1.8377281918446898e-8,0.9247876405715942]},{"type":"position","time":1.401090145111084,"pos":[-126.48017883300781,3.6982033252716066,196.19322204589845,0.9247876405715942,-3.327631858951463e-8,-0.38048359751701357,5.637923194967698e-8,1,4.95750676066109e-8,0.38048359751701357,-6.729778334602088e-8,0.9247876405715942]},{"type":"position","time":1.4143056869506837,"pos":[-126.48017883300781,3.6982033252716066,196.19322204589845,0.9247876405715942,-4.1974555387014337e-8,-0.38048359751701357,7.681896363465057e-8,1,7.639402355152925e-8,0.38048359751701357,-9.987660831711764e-8,0.9247876405715942]},{"type":"position","time":1.4270520210266114,"pos":[-126.48017883300781,3.6982033252716066,196.19322204589845,0.9247876405715942,-4.632088490552633e-8,-0.38048359751701357,8.703227649675682e-8,1,8.979490928595624e-8,0.38048359751701357,-1.1615557582445035e-7,0.9247876405715942]},{"type":"position","time":1.4412362575531006,"pos":[-126.48017883300781,3.6982033252716066,196.19322204589845,0.9247876405715942,-2.8874522328692366e-8,-0.38048359751701357,5.6638221224147858e-8,1,6.177350542202476e-8,0.38048359751701357,-7.867728868404811e-8,0.9247876405715942]},{"type":"position","time":1.4588866233825684,"pos":[-126.48017883300781,3.6982033252716066,196.19322204589845,0.9247876405715942,-1.1443070491168328e-8,-0.38048359751701357,2.6270148723028798e-8,1,3.377606461185678e-8,0.38048359751701357,-4.123105057374232e-8,0.9247876405715942]},{"type":"position","time":1.473526954650879,"pos":[-126.48017883300781,3.6982033252716066,196.19322204589845,0.9247876405715942,5.973482153365239e-9,-0.38048359751701357,-4.071964987417687e-9,1,5.802561098278147e-9,0.38048359751701357,-3.816821081414901e-9,0.9247876405715942]},{"type":"position","time":1.4926834106445313,"pos":[-126.48017883300781,3.6982033252716066,196.19322204589845,0.9247876405715942,2.3375148927584634e-8,-0.38048359751701357,-3.438814033529525e-8,1,-2.2147023770457964e-8,0.38048359751701357,3.356542066512702e-8,0.9247876405715942]},{"type":"position","time":1.508810043334961,"pos":[-126.48017883300781,3.6982033252716066,196.19322204589845,0.9247876405715942,4.076194315416615e-8,-0.38048359751701357,-6.467840307777806e-8,1,-5.007271397516888e-8,0.38048359751701357,7.091569642625473e-8,0.9247876405715942]},{"type":"position","time":1.5245590209960938,"pos":[-126.48017883300781,3.6982033252716066,196.19322204589845,0.9247876405715942,5.81338746030724e-8,-0.38048359751701357,-9.494277009025609e-8,1,-7.797452639124458e-8,0.38048359751701357,1.0823404750226473e-7,0.9247876405715942]},{"type":"position","time":1.5433502197265626,"pos":[-126.48017883300781,3.6982033252716066,196.19322204589845,0.9247876405715942,4.000226283551456e-8,-0.38048359751701357,-6.643363548164416e-8,1,-5.6335526466000377e-8,0.38048359751701357,7.737531149132337e-8,0.9247876405715942]},{"type":"position","time":1.5609617233276368,"pos":[-126.48017883300781,3.6982033252716066,196.19322204589845,0.9247876405715942,2.188615155773732e-8,-0.38048359751701357,-3.794887604158248e-8,1,-3.471502907359536e-8,0.38048359751701357,4.654295793216079e-8,0.9247876405715942]},{"type":"position","time":1.5772571563720704,"pos":[-126.48017883300781,3.6982033252716066,196.19322204589845,0.9247876405715942,3.7855296675104459e-9,-0.38048359751701357,-9.488466901075299e-9,1,-1.3113015562282726e-8,0.38048359751701357,1.5736961955781227e-8,0.9247876405715942]},{"type":"position","time":1.5940253734588624,"pos":[-126.48017883300781,3.6982033252716066,196.19322204589845,0.9247876405715942,-1.4299617490109995e-8,-0.38048359751701357,1.8947609703445779e-8,1,8.470529166970664e-9,0.38048359751701357,-1.504269597774055e-8,0.9247876405715942]},{"type":"position","time":1.6078479290008546,"pos":[-126.48017883300781,3.6982033252716066,196.19322204589845,0.9247876405715942,-3.2369303681889508e-8,-0.38048359751701357,4.735937508826282e-8,1,3.0035621989554787e-8,0.38048359751701357,-4.579603896104345e-8,0.9247876405715942]},{"type":"position","time":1.6259491443634034,"pos":[-126.48017883300781,3.6982033252716066,196.19322204589845,0.9247876405715942,-5.042354089823675e-8,-0.38048359751701357,7.574685412237159e-8,1,5.158227978085961e-8,0.38048359751701357,-7.652309363948007e-8,0.9247876405715942]},{"type":"position","time":1.6405909061431885,"pos":[-126.48017883300781,3.6982033252716066,196.19322204589845,0.9247876405715942,-6.846234867907697e-8,-0.38048359751701357,1.0411005746391311e-7,1,7.311052030445353e-8,0.38048359751701357,-1.0722387600026195e-7,0.9247876405715942]},{"type":"position","time":1.6597328186035157,"pos":[-126.48017883300781,3.6982033252716066,196.19322204589845,0.9247876405715942,-4.569957567923666e-8,-0.38048359751701357,7.003782798165048e-8,1,5.012185866348773e-8,0.38048359751701357,-7.30003222315645e-8,0.9247876405715942]},{"type":"position","time":1.6785192489624024,"pos":[-126.48017883300781,3.6982033252716066,196.19322204589845,0.9247876405715942,-2.295626444492882e-8,-0.38048359751701357,3.599472364612666e-8,1,2.7152847081879373e-8,0.38048359751701357,-3.880602150729828e-8,0.9247876405715942]},{"type":"position","time":1.700613021850586,"pos":[-126.48017883300781,3.6982033252716066,196.19322204589845,0.9247876405715942,1.1122250676010026e-8,-0.38048359751701357,-1.5015373833193736e-8,1,-7.263868173623678e-9,0.38048359751701357,1.2430639628746576e-8,0.9247876405715942]},{"type":"position","time":1.716294288635254,"pos":[-126.48017883300781,3.6982033252716066,196.19322204589845,0.9247876405715942,3.3816984768009209e-8,-0.38048359751701357,-4.8985771883280907e-8,1,-3.0183830546093307e-8,0.38048359751701357,4.6551917876058727e-8,0.9247876405715942]},{"type":"position","time":1.731036901473999,"pos":[-126.48017883300781,3.6982033252716066,196.19322204589845,0.9247876405715942,5.6492318378786879e-8,-0.38048359751701357,-8.292713005175756e-8,1,-5.3084203699427238e-8,0.38048359751701357,8.064402834406792e-8,0.9247876405715942]},{"type":"position","time":1.743147373199463,"pos":[-126.48017883300781,3.6982033252716066,196.19322204589845,0.9247876405715942,6.782271100291837e-8,-0.38048359751701357,-9.988692539764088e-8,1,-6.45270503696338e-8,0.38048359751701357,9.767915543079653e-8,0.9247876405715942]},{"type":"position","time":1.7603363990783692,"pos":[-126.48017883300781,3.6982033252716066,196.19322204589845,0.9247876405715942,4.806667419643418e-8,-0.38048359751701357,-7.110887167982583e-8,1,-4.650379636927937e-8,0.38048359751701357,7.006190116953803e-8,0.9247876405715942]},{"type":"position","time":1.7784545421600342,"pos":[-126.48017883300781,3.6982033252716066,196.19322204589845,0.9247876405715942,2.8327526990779007e-8,-0.38048359751701357,-4.235542050423646e-8,1,-2.849595404086358e-8,0.38048359751701357,4.246825113796149e-8,0.9247876405715942]},{"type":"position","time":1.7962746620178223,"pos":[-126.48017883300781,3.6982033252716066,196.19322204589845,0.9247876405715942,8.605254286919717e-9,-0.38048359751701357,-1.3626550554590722e-8,1,-1.0503503844461193e-8,0.38048359751701357,1.489819023703376e-8,0.9247876405715942]},{"type":"position","time":1.815488576889038,"pos":[-126.48017883300781,3.6982033252716066,196.19322204589845,0.9247876405715942,-2.094654583117972e-8,-0.38048359751701357,2.9420712976957476e-8,1,1.6456334961389986e-8,0.38048359751701357,-2.6412713793888544e-8,0.9247876405715942]},{"type":"position","time":1.834364414215088,"pos":[-126.48017883300781,3.6982033252716066,196.19322204589845,0.9247876405715942,-4.062669134441421e-8,-0.38048359751701357,5.808822223229981e-8,1,3.4410359006642469e-8,0.38048359751701357,-5.392389113012541e-8,0.9247876405715942]},{"type":"position","time":1.8543345928192139,"pos":[-126.48017883300781,3.6982033252716066,196.19322204589845,0.9247876405715942,-6.029001298202275e-8,-0.38048359751701357,8.673121953961527e-8,1,5.234902999973201e-8,0.38048359751701357,-8.141154239638127e-8,0.9247876405715942]},{"type":"position","time":1.8771438598632813,"pos":[-126.48017883300781,3.6982033252716066,196.19322204589845,0.9247876405715942,-4.749086457422891e-8,-0.38048359751701357,6.861755252884905e-8,1,4.196186509375366e-8,0.38048359751701357,-6.491367088301559e-8,0.9247876405715942]},{"type":"position","time":1.8931424617767335,"pos":[-126.48017883300781,3.6982033252716066,196.19322204589845,0.9247876405715942,-2.4885700611321228e-8,-0.38048359751701357,3.621929423047732e-8,1,2.2627663298635526e-8,0.38048359751701357,-3.4706630458458679e-8,0.9247876405715942]},{"type":"position","time":1.906667709350586,"pos":[-126.48017883300781,3.6982033252716066,196.19322204589845,0.9247876405715942,-2.29986163446938e-9,-0.38048359751701357,3.848731555677887e-9,1,3.3099927243540607e-9,0.38048359751701357,-4.525419594614277e-9,0.9247876405715942]},{"type":"position","time":1.927541971206665,"pos":[-126.48017883300781,3.6982033252716066,196.19322204589845,0.9247876405715942,2.0266670119895026e-8,-0.38048359751701357,-2.8494156367742108e-8,1,-1.59911586194994e-8,0.38048359751701357,2.5629985245245736e-8,0.9247876405715942]},{"type":"position","time":1.9429686069488526,"pos":[-126.48017883300781,3.6982033252716066,196.19322204589845,0.9247876405715942,4.281391241534038e-8,-0.38048359751701357,-6.080939130015395e-8,1,-3.5275807164225628e-8,0.38048359751701357,5.575960670967106e-8,0.9247876405715942]},{"type":"position","time":1.9578659534454346,"pos":[-126.48017883300781,3.6982033252716066,196.19322204589845,0.9247876405715942,6.534187946272141e-8,-0.38048359751701357,-9.309700743642679e-8,1,-5.454396401205486e-8,0.38048359751701357,8.586346922356825e-8,0.9247876405715942]},{"type":"position","time":1.9739508628845215,"pos":[-126.48017883300781,3.6982033252716066,196.19322204589845,0.9247876405715942,6.454254730670073e-8,-0.38048359751701357,-9.208567064433737e-8,1,-5.4186699571801e-8,0.38048359751701357,8.514827953831628e-8,0.9247876405715942]},{"type":"position","time":1.9911985397338868,"pos":[-126.48017883300781,3.6982033252716066,196.19322204589845,0.9247876405715942,4.044581558559912e-8,-0.38048359751701357,-5.781808809501854e-8,1,-3.4229181267164679e-8,0.38048359751701357,5.3653558040878127e-8,0.9247876405715942]},{"type":"position","time":2.008615255355835,"pos":[-126.48017883300781,3.6982033252716066,196.19322204589845,0.9247876405715942,1.636968072205036e-8,-0.38048359751701357,-2.3579799446338258e-8,1,-1.4288728422684472e-8,0.38048359751701357,2.2185766113125284e-8,0.9247876405715942]},{"type":"position","time":2.024082660675049,"pos":[-126.48017883300781,3.6982033252716066,196.19322204589845,0.9247876405715942,-7.685869718443428e-9,-0.38048359751701357,1.0629219282520808e-8,1,5.634673172494331e-9,0.38048359751701357,-9.255120225759584e-9,0.9247876405715942]},{"type":"position","time":2.041290283203125,"pos":[-126.48017883300781,3.6982033252716066,196.19322204589845,0.9247876405715942,-3.172085527580748e-8,-0.38048359751701357,4.4808992072375989e-8,1,2.5541037729226447e-8,0.38048359751701357,-4.0669124956593808e-8,0.9247876405715942]},{"type":"position","time":2.060157060623169,"pos":[-126.48017883300781,3.6982033252716066,196.19322204589845,0.9247876405715942,-5.573529548996703e-8,-0.38048359751701357,7.895954468040145e-8,1,4.543037945836659e-8,0.38048359751701357,-7.20562667311242e-8,0.9247876405715942]},{"type":"position","time":2.07922625541687,"pos":[-126.48017883300781,3.6982033252716066,196.19322204589845,0.9247876405715942,-5.826608528991528e-8,-0.38048359751701357,8.263162953880965e-8,1,4.7704094896516838e-8,0.38048359751701357,-7.555613734666622e-8,0.9247876405715942]},{"type":"position","time":2.0955262184143068,"pos":[-126.48017883300781,3.6982033252716066,196.19322204589845,0.9247876405715942,-3.93407653120903e-8,-0.38048359751701357,5.5864326498067388e-8,1,3.238477574996068e-8,0.38048359751701357,-5.1204501971824359e-8,0.9247876405715942]},{"type":"position","time":2.1140365600585939,"pos":[-126.48017883300781,3.6982033252716066,196.19322204589845,0.9247876405715942,-1.0983116638385582e-8,-0.38048359751701357,1.5756274507339186e-8,1,9.430347169825382e-9,0.38048359751701357,-1.4716072804787928e-8,0.9247876405715942]},{"type":"position","time":2.1322293281555177,"pos":[-126.48017883300781,3.6982033252716066,196.19322204589845,0.9247876405715942,7.90178145138043e-9,-0.38048359751701357,-1.0953855600348561e-8,1,-5.856253260105859e-9,0.38048359751701357,9.583553506331555e-9,0.9247876405715942]},{"type":"position","time":2.1487741470336916,"pos":[-126.48017883300781,3.6982033252716066,196.19322204589845,0.9247876405715942,2.677053601018997e-8,-0.38048359751701357,-3.764115064086582e-8,1,-2.1129785920948053e-8,0.38048359751701357,3.386240621239267e-8,0.9247876405715942]},{"type":"position","time":2.163219690322876,"pos":[-126.48017883300781,3.6982033252716066,196.19322204589845,0.9247876405715942,3.6198862574110538e-8,-0.38048359751701357,-5.09762436706751e-8,1,-2.8761654391473713e-8,0.38048359751701357,4.5994049457931399e-8,0.9247876405715942]},{"type":"position","time":2.1798887252807619,"pos":[-126.48017883300781,3.6982033252716066,196.19322204589845,0.9247876405715942,5.5043425817302707e-8,-0.38048359751701357,-7.762932341393025e-8,1,-4.401560360633994e-8,0.38048359751701357,7.02417750630957e-8,0.9247876405715942]},{"type":"position","time":2.1954410076141359,"pos":[-126.3353500366211,3.698202610015869,196.135498046875,0.8834261298179627,-0.00003139327964163385,-0.46857041120529177,-0.0000029266018373164117,1,-0.00007251570787047967,0.46857041120529177,0.00006543359631905332,0.8834261298179627]},{"type":"position","time":2.215834379196167,"pos":[-125.96387481689453,3.684581756591797,195.9999542236328,0.8049582242965698,-0.00006312469486147165,-0.593331515789032,-0.000011253958291490563,1,-0.00012165823864052072,0.593331515789032,0.00010460712655913085,0.8049582242965698]},{"type":"position","time":2.233833074569702,"pos":[-125.71161651611328,3.6824982166290285,195.91311645507813,0.7509352564811707,-0.00006199397466843948,-0.6603758335113525,-0.000009662345291872044,1,-0.00010486417158972472,0.6603758931159973,0.00008512697968399152,0.7509351968765259]},{"type":"position","time":2.250908374786377,"pos":[-125.45740509033203,3.6883420944213869,195.83230590820313,0.6987760663032532,-0.000047391022235387939,-0.7153404355049133,-0.00000533939100932912,1,-0.00007146535790525377,0.7153404951095581,0.00005375776527216658,0.6987760663032532]},{"type":"position","time":2.268186330795288,"pos":[-125.20145416259766,3.692626953125,195.7572784423828,0.6484848856925964,-0.00003858781565213576,-0.7612274885177612,-0.0000028421595743566287,1,-0.00005311278437147848,0.7612274885177612,0.000036606368666980418,0.6484848856925964]},{"type":"position","time":2.2839443683624269,"pos":[-124.9444351196289,3.695134162902832,195.68603515625,0.6010439395904541,-0.000033125987101811919,-0.7992159724235535,-0.000001989497832255438,1,-0.00004294429163564928,0.7992159724235535,0.000027401443730923348,0.6010439395904541]},{"type":"position","time":2.2965080738067629,"pos":[-124.68647003173828,3.6965272426605226,195.6182861328125,0.5568739175796509,-0.00002797548040689435,-0.8305970430374146,-0.0000015572553593301564,1,-0.00003472523167147301,0.8305970430374146,0.000020631028746720405,0.5568739175796509]},{"type":"position","time":2.3129334449768068,"pos":[-124.4925765991211,3.6971404552459719,195.56910705566407,0.5263679623603821,-0.000024125201889546589,-0.8502569198608398,-0.0000012352170415397268,1,-0.000029138700483599679,0.8502569198608398,0.000016387930372729899,0.5263679623603821]},{"type":"position","time":2.328613758087158,"pos":[-124.23294830322266,3.697624444961548,195.50814819335938,0.4878956973552704,-0.00001975099803530611,-0.8729019165039063,-8.761624030739768e-7,1,-0.00002311654134246055,0.8729019165039063,0.000012043265087413602,0.4878956973552704]},{"type":"position","time":2.3445169925689699,"pos":[-123.97257232666016,3.6978886127471926,195.450439453125,0.4520868957042694,-0.00001678350781730842,-0.8919739127159119,-6.406997385965951e-7,1,-0.000019140874428558165,0.8919739127159119,0.000009224826499121264,0.4520868957042694]},{"type":"position","time":2.3645577430725099,"pos":[-123.71113586425781,3.774857759475708,195.3978271484375,0.4183913469314575,-0.000014452934010478203,-0.9082668423652649,-4.888723310614296e-7,1,-0.000016137850252562204,0.9082668423652649,0.000007195963462436339,0.4183913469314575]},{"type":"position","time":2.389341115951538,"pos":[-123.31614685058594,3.991783380508423,195.33480834960938,0.36742326617240908,-0.000013620030586025678,-0.9300538301467896,-4.247407900948019e-7,1,-0.000014812142580922228,0.9300538301467896,0.000005837357548443833,0.36742326617240908]},{"type":"position","time":2.407172918319702,"pos":[-122.9867172241211,4.198885917663574,195.2837371826172,0.3304830491542816,-0.000011237325452384539,-0.9438119530677795,-3.328040634187346e-7,1,-0.00001202285238832701,0.9438119530677795,0.00000428745352110127,0.3304830491542816]},{"type":"position","time":2.424276828765869,"pos":[-122.72203826904297,4.387669086456299,195.25131225585938,0.30239999294281008,-0.000009312906513514463,-0.9531811475753784,-2.427914012059773e-7,1,-0.00000984736925602192,0.9531