{"data":[{"type":"position","time":0.0033903121948242189,"pos":[406.7314147949219,6.265623569488525,-69834.5,0.7428656220436096,-1.729540777262173e-8,-0.6694405674934387,7.656463907323996e-8,1,5.9126726625891027e-8,0.6694405674934387,-9.517868448938316e-8,0.7428656220436096]},{"type":"position","time":0.018845081329345704,"pos":[406.7314147949219,6.265623569488525,-69834.5,0.7428656220436096,-2.133617726940429e-8,-0.6694405674934387,9.43156663879563e-8,1,7.278867286686364e-8,0.6694405674934387,-1.1721093784444747e-7,0.7428656220436096]},{"type":"position","time":0.035462379455566409,"pos":[406.7314147949219,6.265623569488525,-69834.5,0.7428656220436096,-1.4107746082459017e-8,-0.6694405674934387,6.227637783240425e-8,1,4.803299447075915e-8,0.6694405674934387,-7.737239826610676e-8,0.7428656220436096]},{"type":"position","time":0.05187797546386719,"pos":[406.7314147949219,6.265623569488525,-69834.5,0.7428656220436096,-6.885501502296165e-9,-0.6694405674934387,3.026446293574736e-8,1,2.329844939197301e-8,0.6694405674934387,-3.7567875921240559e-8,0.7428656220436096]},{"type":"position","time":0.06893491744995117,"pos":[406.7314147949219,6.265623569488525,-69834.5,0.7428656220436096,3.3055855275243575e-10,-0.6694405674934387,-1.720105502478475e-9,1,-1.4149854621337e-9,0.6694405674934387,2.2026525048346459e-9,0.7428656220436096]},{"type":"position","time":0.0858919620513916,"pos":[406.7314147949219,6.265623569488525,-69834.5,0.7428656220436096,7.540442048536989e-9,-0.6694405674934387,-3.367734535686395e-8,1,-2.610732252605885e-8,0.6694405674934387,4.1939212991337629e-8,0.7428656220436096]},{"type":"position","time":0.1026449203491211,"pos":[406.7314147949219,6.265623569488525,-69834.5,0.7428656220436096,1.4744153453705167e-8,-0.6694405674934387,-6.560728138538252e-8,1,-5.077858133972768e-8,0.6694405674934387,8.164183640246847e-8,0.7428656220436096]},{"type":"position","time":0.11841726303100586,"pos":[406.7314147949219,6.265623569488525,-69834.5,0.7428656220436096,1.8744113816637765e-8,-0.6694405674934387,-8.330589196248184e-8,1,-6.444331290822447e-8,0.6694405674934387,1.0364106373117466e-7,0.7428656220436096]},{"type":"position","time":0.13522076606750489,"pos":[406.7314147949219,6.265623569488525,-69834.5,0.7428656220436096,1.3152006594907562e-8,-0.6694405674934387,-5.839543248953305e-8,1,-4.5154052941143166e-8,0.6694405674934387,7.263566459414506e-8,0.7428656220436096]},{"type":"position","time":0.15214824676513673,"pos":[406.7314147949219,6.265623569488525,-69834.5,0.7428656220436096,7.564683102145864e-9,-0.6694405674934387,-3.350625732423396e-8,1,-2.5881256249249419e-8,0.6694405674934387,4.1656743832163559e-8,0.7428656220436096]},{"type":"position","time":0.16893410682678224,"pos":[406.7314147949219,6.265623569488525,-69834.5,0.7428656220436096,1.982143116308066e-9,-0.6694405674934387,-8.638343373945645e-9,1,-6.6249126184914079e-9,0.6694405674934387,1.0704277464412826e-8,0.7428656220436096]},{"type":"position","time":0.1858532428741455,"pos":[406.7314147949219,6.265623569488525,-69834.5,0.7428656220436096,-3.59561824758714e-9,-0.6694405674934387,1.62083235721866e-8,1,1.2614993494253213e-8,0.6694405674934387,-2.022175493721079e-8,0.7428656220436096]},{"type":"position","time":0.20187783241271974,"pos":[406.7314147949219,6.265623569488525,-69834.5,0.7428656220436096,-9.168602765896594e-9,-0.6694405674934387,4.1033761277731176e-8,1,3.183847852028521e-8,0.6694405674934387,-5.112137557716778e-8,0.7428656220436096]},{"type":"position","time":0.21878814697265626,"pos":[406.7314147949219,6.265623569488525,-69834.5,0.7428656220436096,-1.4736817099958444e-8,-0.6694405674934387,6.583799461168383e-8,1,5.104555356183482e-8,0.6694405674934387,-8.199460665991865e-8,0.7428656220436096]},{"type":"position","time":0.23584270477294923,"pos":[406.7314147949219,6.265623569488525,-69834.5,0.7428656220436096,-2.0300266356798603e-8,-0.6694405674934387,9.062102890311508e-8,1,7.023623282975677e-8,0.6694405674934387,-1.1284147660717281e-7,0.7428656220436096]},{"type":"position","time":0.2544682025909424,"pos":[406.7314147949219,6.265623569488525,-69834.5,0.7428656220436096,-1.439121355417683e-8,-0.6694405674934387,6.420557951969386e-8,1,4.975035139409556e-8,0.6694405674934387,-7.993964601382686e-8,0.7428656220436096]},{"type":"position","time":0.269146203994751,"pos":[406.7314147949219,6.265623569488525,-69834.5,0.7428656220436096,-8.920936878098474e-9,-0.6694405674934387,3.976793649940191e-8,1,3.0803771977616637e-8,0.6694405674934387,-4.9505331389809729e-8,0.7428656220436096]},{"type":"position","time":0.28553318977355959,"pos":[406.7314147949219,6.265623569488525,-69834.5,0.7428656220436096,-1.6326999752180882e-9,-0.6694405674934387,7.208768693089951e-9,1,5.560533367088283e-9,0.6694405674934387,-8.956571484475262e-9,0.7428656220436096]},{"type":"position","time":0.3019411563873291,"pos":[406.7314147949219,6.265623569488525,-69834.5,0.7428656220436096,5.649298806531533e-9,-0.6694405674934387,-2.5322583141473843e-8,1,-1.9661159811334984e-8,0.6694405674934387,3.155756544970245e-8,0.7428656220436096]},{"type":"position","time":0.31862473487854006,"pos":[406.7314147949219,6.265623569488525,-69834.5,0.7428656220436096,1.2925064574176304e-8,-0.6694405674934387,-5.7826149202355739e-8,1,-4.4861330650292078e-8,0.6694405674934387,7.20371104989681e-8,0.7428656220436096]},{"type":"position","time":0.3356149196624756,"pos":[406.7314147949219,6.265623569488525,-69834.5,0.7428656220436096,2.01945962174932e-8,-0.6694405674934387,-9.030193837133993e-8,1,-7.003998803156719e-8,0.6694405674934387,1.1248208409142535e-7,0.7428656220436096]},{"type":"position","time":0.35174059867858889,"pos":[406.7314147949219,6.265623569488525,-69834.5,0.7428656220436096,1.4617217658496884e-8,-0.6694405674934387,-6.534435925686921e-8,1,-5.067643016332113e-8,0.6694405674934387,8.138994189721416e-8,0.7428656220436096]},{"type":"position","time":0.3691539764404297,"pos":[406.7314147949219,6.265623569488525,-69834.5,0.7428656220436096,9.044615723041716e-9,-0.6694405674934387,-4.0408099977184978e-8,1,-3.1329403071822529e-8,0.6694405674934387,5.0324356237752e-8,0.7428656220436096]},{"type":"position","time":0.3860161304473877,"pos":[406.7314147949219,6.265623569488525,-69834.5,0.7428656220436096,3.476783527744942e-9,-0.6694405674934387,-1.5493144545075667e-8,1,-1.1998885440789309e-8,0.6694405674934387,1.9285298691329446e-8,0.7428656220436096]},{"type":"position","time":0.403017520904541,"pos":[406.7314147949219,6.265623569488525,-69834.5,0.7428656220436096,-3.476303689353699e-9,-0.6694405674934387,1.5620617688227868e-8,1,1.2141057936787547e-8,0.6694405674934387,-1.9476249946137615e-8,0.7428656220436096]},{"type":"position","time":0.41895437240600588,"pos":[406.7314147949219,6.265623569488525,-69834.5,0.7960308194160461,-9.254323529717113e-9,-0.6052560806274414,3.300306872233705e-8,1,2.81156005144112e-8,0.6052560806274414,-4.235619144310476e-8,0.7960308194160461]},{"type":"position","time":0.4357285499572754,"pos":[406.7314147949219,6.265623569488525,-69834.5,0.8156918287277222,-1.6209376951792366e-8,-0.5784866809844971,5.544276149294092e-8,1,5.0156437225723496e-8,0.5784866809844971,-7.298509530073716e-8,0.8156918287277222]},{"type":"position","time":0.4523758888244629,"pos":[406.7314147949219,6.265623569488525,-69834.5,0.8382269740104675,-2.4671034992707065e-8,-0.5453214645385742,7.696242221300054e-8,1,7.305955307401746e-8,0.5453214645385742,-1.0320975007971356e-7,0.8382269740104675]},{"type":"position","time":0.46952056884765627,"pos":[406.7314147949219,6.265623569488525,-69834.5,0.8610147833824158,-2.268507692804178e-8,-0.5085799098014832,6.438290256483015e-8,1,6.43941220346278e-8,0.5085799098014832,-8.818814478672721e-8,0.8610147833824158]},{"type":"position","time":0.48548102378845217,"pos":[406.7314147949219,6.265623569488525,-69834.5,0.8838617205619812,-1.7594533829878857e-8,-0.46774822473526,4.255606000924672e-8,1,4.279896259617999e-8,0.46774822473526,-5.773388522811729e-8,0.8838617205619812]},{"type":"position","time":0.502589225769043,"pos":[406.7314147949219,6.265623569488525,-69834.5,0.8989081382751465,-7.235789745152488e-9,-0.43813714385032656,9.841651937847473e-9,1,3.6768184052959897e-9,0.43813714385032656,-7.617114938796022e-9,0.8989081382751465]},{"type":"position","time":0.5184342861175537,"pos":[406.7314147949219,6.265623569488525,-69834.5,0.9130052924156189,-1.7921822914601649e-9,-0.40794768929481509,-7.626898224089019e-9,1,-2.1462508215108757e-8,0.40794768929481509,2.27067591396235e-8,0.9130052924156189]},{"type":"position","time":0.5345618724822998,"pos":[406.7314147949219,6.265623569488525,-69834.5,0.92229163646698,4.942665388085743e-9,-0.3864946663379669,-2.897944639812522e-8,1,-5.636516320350893e-8,0.3864946663379669,6.31855172628093e-8,0.92229163646698]},{"type":"position","time":0.5514378547668457,"pos":[406.7314147949219,6.265623569488525,-69834.5,0.9298203587532044,1.1241342079415518e-8,-0.3680137097835541,-4.865560043754158e-8,1,-9.238684128831665e-8,0.3680137097835541,1.038090928773272e-7,0.9298203587532044]},{"type":"position","time":0.5679810047149658,"pos":[406.7314147949219,6.265623569488525,-69834.5,0.9334907531738281,1.0442838593860415e-8,-0.35860148072242739,-4.2119712162502768e-8,1,-8.052259659052652e-8,0.35860148072242739,9.027128555771924e-8,0.9334907531738281]},{"type":"position","time":0.5845394134521484,"pos":[406.7314147949219,6.265623569488525,-69834.5,0.934654176235199,6.7866436914698628e-9,-0.3555581569671631,-2.7229754451241207e-8,1,-5.249144052754673e-8,0.3555581569671631,5.874310105014047e-8,0.934654176235199]},{"type":"position","time":0.601686954498291,"pos":[406.7314147949219,6.265623569488525,-69834.5,0.9346827268600464,2.844480206931621e-9,-0.35548311471939089,-1.2354758105459496e-8,1,-2.4483016503040745e-8,0.35548311471939089,2.7275758540667995e-8,0.9346827268600464]},{"type":"position","time":0.6186573505401611,"pos":[406.7314147949219,6.265623569488525,-69834.5,0.9310434460639954,-1.3747465388291858e-9,-0.36490827798843386,2.7895079579565164e-9,1,3.3499010232418415e-9,0.36490827798843386,-4.13681799926735e-9,0.9310434460639954]},{"type":"position","time":0.6353402137756348,"pos":[406.7314147949219,6.265623569488525,-69834.5,0.9061214327812195,-5.050699858344387e-9,-0.4230177402496338,1.9648030757934977e-8,1,3.014720562077855e-8,0.4230177402496338,-3.562849215654751e-8,0.9061214327812195]},{"type":"position","time":0.6511232852935791,"pos":[406.7314147949219,6.265623569488525,-69834.5,0.8644263744354248,-5.764250854412012e-9,-0.5027593970298767,3.8830808790635277e-8,1,5.5299061330060798e-8,0.5027593970298767,-6.732452106916753e-8,0.8644263744354248]},{"type":"position","time":0.6681008338928223,"pos":[406.7314147949219,6.265623569488525,-69834.5,0.8137433528900147,-3.390550729065467e-9,-0.5812243819236755,6.025847198998236e-8,1,7.853142136582392e-8,0.5812243819236755,-9.89281190300062e-8,0.8137433528900147]},{"type":"position","time":0.6853699684143066,"pos":[406.7314147949219,6.265623569488525,-69834.5,0.7604719400405884,1.3802445852917345e-9,-0.6493707895278931,7.171297511376906e-8,1,8.610789592466972e-8,0.6493707895278931,-1.120509480756482e-7,0.7604719400405884]},{"type":"position","time":0.7019748687744141,"pos":[406.7314147949219,6.265623569488525,-69834.5,0.7037965655326843,7.3294228464249049e-9,-0.7104015946388245,4.482615878487195e-8,1,5.472668007655557e-8,0.7104015946388245,-7.036102545043832e-8,0.7037965655326843]},{"type":"position","time":0.718867301940918,"pos":[406.7314147949219,6.265623569488525,-69834.5,0.6547824740409851,8.644437166083208e-9,-0.7558174133300781,1.5928328878089816e-8,1,2.5236291278929458e-8,0.7558174133300781,-2.856318914723488e-8,0.6547824740409851]},{"type":"position","time":0.735276460647583,"pos":[406.7314147949219,6.265623569488525,-69834.5,0.6241534352302551,6.410743935703067e-9,-0.7813017964363098,-1.4095705935801562e-8,1,-3.05533554012527e-9,0.7813017964363098,1.2919998404470335e-8,0.6241534352302551]},{"type":"position","time":0.752249002456665,"pos":[406.7314147949219,6.265623569488525,-69834.5,0.6189298629760742,2.9626234798740826e-9,-0.785446286201477,-4.428191502370282e-8,1,-3.112214841394234e-8,0.785446286201477,5.404348968340855e-8,0.6189298629760742]},{"type":"position","time":0.7689568996429443,"pos":[406.7314147949219,6.265623569488525,-69834.5,0.6189298629760742,-3.9634029391777405e-10,-0.785446286201477,-7.444234029208019e-8,1,-5.916499645763906e-8,0.785446286201477,9.508944032177169e-8,0.6189298629760742]},{"type":"position","time":0.7877035140991211,"pos":[406.7314147949219,6.265623569488525,-69834.5,0.6187680959701538,-2.798530296388435e-9,-0.7855736613273621,-7.006700286638079e-8,1,-5.875165598467902e-8,0.7855736613273621,9.139644419065007e-8,0.6187680959701538]},{"type":"position","time":0.8034892082214356,"pos":[406.7314147949219,6.265623569488525,-69834.5,0.6242015957832336,-3.1028153379963898e-9,-0.7812633514404297,-4.428858701999161e-8,1,-3.935653936082417e-8,0.7812633514404297,5.916746204093215e-8,0.6242015957832336]},{"type":"position","time":0.8194682598114014,"pos":[406.7314147949219,6.265623569488525,-69834.5,0.6395540237426758,-2.867670989559201e-9,-0.7687461376190186,-1.8921086919476694e-8,1,-1.947161543114362e-8,0.7687461376190186,2.699866286093311e-8,0.6395540237426758]},{"type":"position","time":0.8355042934417725,"pos":[406.7314147949219,6.265623569488525,-69834.5,0.6649512648582459,-2.6640321060256157e-9,-0.7468867301940918,-4.1966743968835376e-10,1,-3.9404777218976509e-9,0.7468867301940918,2.933669751570278e-9,0.6649512648582459]},{"type":"position","time":0.8526990413665772,"pos":[406.7314147949219,6.265623569488525,-69834.5,0.6893800497055054,-3.5011908927629067e-9,-0.7243998646736145,2.3529903359076344e-8,1,1.7559163012492719e-8,0.7243998646736145,-2.9149996194632878e-8,0.6893800497055054]},{"type":"position","time":0.8698976039886475,"pos":[406.7314147949219,6.265623569488525,-69834.5,0.7155610918998718,-5.740025343925481e-9,-0.6985501646995544,5.2430202401865247e-8,1,4.548991228148225e-8,0.6985501646995544,-6.917593964317348e-8,0.7155610918998718]},{"type":"position","time":0.8863687515258789,"pos":[406.7314147949219,6.265623569488525,-69834.5,0.7406389117240906,-9.201245987355833e-9,-0.6719033122062683,7.469605378673805e-8,1,6.864314627819113e-8,0.6719033122062683,-1.0102830572122912e-7,0.7406389117240906]},{"type":"position","time":0.9021143913269043,"pos":[406.7314147949219,6.265623569488525,-69834.5,0.7647464275360107,-1.1873726002420426e-8,-0.6443313360214233,7.813120106447968e-8,1,7.430467263702667e-8,0.6443313360214233,-1.0716661336118705e-7,0.7647464275360107]},{"type":"position","time":0.919593334197998,"pos":[406.7314147949219,6.265623569488525,-69834.5,0.7857895493507385,-8.003985030313743e-9,-0.6184939742088318,4.2926984633595569e-8,1,4.1597154165629038e-8,0.6184939742088318,-5.923669021967726e-8,0.7857895493507385]},{"type":"position","time":0.9367897510528565,"pos":[406.7314147949219,6.265623569488525,-69834.5,0.8040465712547302,-3.841774010027166e-9,-0.5945663452148438,1.559009987772697e-8,1,1.4621400090675252e-8,0.5945663452148438,-2.1025634566740338e-8,0.8040465712547302]},{"type":"position","time":0.9520323276519775,"pos":[406.7314147949219,6.265623569488525,-69834.5,0.8214256763458252,-1.4688111837912744e-11,-0.5703155994415283,-4.285022114913772e-9,1,-6.197472313118624e-9,0.5703155994415283,7.534577406431709e-9,0.8214256763458252]},{"type":"position","time":0.9695918560028076,"pos":[406.7314147949219,6.265623569488525,-69834.5,0.8363440036773682,7.600926998918567e-9,-0.5482049584388733,-3.6445523932115978e-8,1,-4.173634238213708e-8,0.5482049584388733,5.4885557432271528e-8,0.8363440036773682]},{"type":"position","time":0.9856529235839844,"pos":[406.7314147949219,6.265623569488525,-69834.5,0.8506653904914856,1.3506829432685663e-8,-0.5257075428962708,-5.515034118275253e-8,1,-6.35479864286026e-8,0.5257075428962708,8.305102028316469e-8,0.8506653904914856]},{"type":"position","time":1.002561330795288,"pos":[406.7314147949219,6.265623569488525,-69834.5,0.8610703349113464,1.8096425691283004e-8,-0.5084858536720276,-6.80272265185522e-8,1,-7.960850467725322e-8,0.5084858536720276,1.0313940634887331e-7,0.8610703349113464]},{"type":"position","time":1.0209124088287354,"pos":[406.7314147949219,6.265623569488525,-69834.5,0.8694396615028381,1.2216780476137501e-8,-0.4940391480922699,-4.1689833807367907e-8,1,-4.863990099579496e-8,0.4940391480922699,6.288586718028455e-8,0.8694396615028381]},{"type":"position","time":1.035240888595581,"pos":[406.7314147949219,6.265623569488525,-69834.5,0.874296247959137,8.284267494218512e-9,-0.485392689704895,-2.608579130480848e-8,1,-2.9918954425056657e-8,0.485392689704895,3.881988419607296e-8,0.874296247959137]},{"type":"position","time":1.0519561767578126,"pos":[406.7314147949219,6.265623569488525,-69834.5,0.8743292689323425,2.21738916117431e-9,-0.4853331744670868,-5.2976600883880568e-9,1,-4.974954226355521e-9,0.4853331744670868,6.920878536931241e-9,0.8743292689323425]},{"type":"position","time":1.0697362422943116,"pos":[406.7314147949219,6.265623569488525,-69834.5,0.8694432973861694,-3.9161052178826598e-9,-0.49403271079063418,1.572033170305076e-8,1,1.973924490528134e-8,0.49403271079063418,-2.4928512587507613e-8,0.8694432973861694]},{"type":"position","time":1.0854103565216065,"pos":[406.7314147949219,6.265623569488525,-69834.5,0.8400102257728577,-8.55444870495603e-9,-0.5425705909729004,3.8087655696017467e-8,1,4.3200959254363627e-8,0.5425705909729004,-5.6954490901262037e-8,0.8400102257728577]},{"type":"position","time":1.1021153926849366,"pos":[406.7314147949219,6.265623569488525,-69834.5,0.798080325126648,-1.0420183826909124e-8,-0.6025510430335999,6.20904003767464e-8,1,6.494544635415878e-8,0.6025510430335999,-8.924431682544309e-8,0.798080325126648]},{"type":"position","time":1.1186048984527588,"pos":[406.7314147949219,6.265623569488525,-69834.5,0.7450730800628662,-8.993176869864783e-9,-0.6669828295707703,8.780026661270313e-8,1,8.45965359985712e-8,0.6669828295707703,-1.215918672414773e-7,0.7450730800628662]},{"type":"position","time":1.1363236904144288,"pos":[406.7314147949219,6.265623569488525,-69834.5,0.6918337345123291,-4.272059594967459e-9,-0.7220568656921387,5.423873972176807e-8,1,4.6051955138182168e-8,0.7220568656921387,-7.102374866008177e-8,0.6918337345123291]},{"type":"position","time":1.1531314849853516,"pos":[406.7314147949219,6.265623569488525,-69834.5,0.6547741889953613,-4.393289287918378e-9,-0.7558245658874512,2.5905018574690076e-8,1,1.662905546595539e-8,0.7558245658874512,-3.0467923295418589e-8,0.6547741889953613]},{"type":"position","time":1.1688594818115235,"pos":[406.7314147949219,6.265623569488525,-69834.5,0.6371144652366638,-6.450003642299862e-9,-0.7707691788673401,4.1662047145507589e-9,1,-4.924502139402875e-9,0.7707691788673401,-7.371073196260625e-11,0.6371144652366638]},{"type":"position","time":1.1857154369354249,"pos":[406.7314147949219,6.265623569488525,-69834.5,0.6344782710075378,-1.0130578154132764e-8,-0.7729406952857971,-2.4895101091715334e-8,1,-3.354200117655637e-8,0.7729406952857971,4.052410673693885e-8,0.6344782710075378]},{"type":"position","time":1.203019380569458,"pos":[406.7314147949219,6.265623569488525,-69834.5,0.6344765424728394,-1.4727328689900787e-8,-0.7729421257972717,-6.118688844480858e-8,1,-6.927940887635487e-8,0.7729421257972717,9.125008659793821e-8,0.6344765424728394]},{"type":"position","time":1.2196159362792969,"pos":[406.7314147949219,6.265623569488525,-69834.5,0.649713397026062,-1.2235020108164463e-8,-0.7601792812347412,-6.536974694881792e-8,1,-7.196542384235727e-8,0.7601792812347412,9.644962517540989e-8,0.649713397026062]},{"type":"position","time":1.2359068393707276,"pos":[406.7314147949219,6.265623569488525,-69834.5,0.6845003366470337,-3.950442195588266e-9,-0.7290124893188477,-5.117176371527421e-8,1,-5.346620568502658e-8,0.7290124893188477,7.390249123773174e-8,0.6845003366470337]},{"type":"position","time":1.2523777484893799,"pos":[406.7314147949219,6.265623569488525,-69834.5,0.7292519211769104,5.752862186625407e-9,-0.6842452883720398,-3.385254387922032e-8,1,-2.7671612556900983e-8,0.6842452883720398,4.334302161623782e-8,0.7292519211769104]},{"type":"position","time":1.26985764503479,"pos":[406.7314147949219,6.265623569488525,-69834.5,0.7733149528503418,1.4902942879757576e-8,-0.634022057056427,-1.4423598315715936e-8,1,5.912979439415267e-9,0.634022057056427,4.5722838848405449e-9,0.7733149528503418]},{"type":"position","time":1.285761833190918,"pos":[406.7314147949219,6.265623569488525,-69834.5,0.811821460723877,1.892000156544782e-8,-0.5839056968688965,-4.071282866391357e-9,1,2.6742068115481744e-8,0.5839056968688965,-1.9332540901473295e-8,0.811821460723877]},{"type":"position","time":1.3022732734680176,"pos":[406.7314147949219,6.265623569488525,-69834.5,0.8489002585411072,2.2597635762622305e-8,-0.5285531282424927,7.84298670453154e-9,1,5.535025593417231e-8,0.5285531282424927,-5.113227885544802e-8,0.8489002585411072]},{"type":"position","time":1.3193204402923585,"pos":[406.7314147949219,6.265623569488525,-69834.5,0.8822559714317322,2.414037147957515e-8,-0.47077006101608279,1.781455694072065e-8,1,8.466420098329763e-8,0.47077006101608279,-8.308205678986269e-8,0.8822559714317322]},{"type":"position","time":1.336418867111206,"pos":[406.7314147949219,6.265623569488525,-69834.5,0.9102913737297058,2.31259811300788e-8,-0.41396814584732058,2.9349086716479179e-8,1,1.2040105445976224e-7,0.41396814584732058,-1.2174962193967077e-7,0.9102913737297058]},{"type":"position","time":1.3523690700531006,"pos":[406.7314147949219,6.265623569488525,-69834.5,0.9310635924339294,1.1747758321689617e-8,-0.3648569583892822,2.2247753861392995e-8,1,8.897139025521028e-8,0.3648569583892822,-9.095526820601663e-8,0.9310635924339294]},{"type":"position","time":1.369492769241333,"pos":[406.7314147949219,6.265623569488525,-69834.5,0.9470517039299011,1.0280520879035749e-9,-0.32108110189437868,1.474766797571192e-8,1,4.670114961413674e-8,0.32108110189437868,-4.896359939721151e-8,0.9470517039299011]},{"type":"position","time":1.3866298198699952,"pos":[406.7314147949219,6.265623569488525,-69834.5,0.9582132697105408,-8.851056776393307e-9,-0.2860547602176666,7.328114115523476e-9,1,-6.394441864898681e-9,0.2860547602176666,4.030996869630599e-9,0.9582132697105408]},{"type":"position","time":1.402277946472168,"pos":[406.7314147949219,6.265623569488525,-69834.5,0.9672135710716248,-1.355490741872245e-8,-0.25396445393562319,3.9433598608695778e-9,1,-3.835511819261228e-8,0.25396445393562319,3.6096118094519628e-8,0.9672135710716248]},{"type":"position","time":1.4188232421875,"pos":[406.7314147949219,6.265623569488525,-69834.5,0.9720857739448547,-1.928501447423514e-8,-0.2346256971359253,2.838030088714305e-10,1,-8.101897464030117e-8,0.2346256971359253,7.869080320688227e-8,0.9720857739448547]},{"type":"position","time":1.4357130527496338,"pos":[406.7314147949219,6.265623569488525,-69834.5,0.9758729934692383,-2.0971045344708729e-8,-0.21833892166614533,-2.1190134091852998e-9,1,-1.055191276577716e-7,0.21833892166614533,1.0343593004336071e-7,0.9758729934692383]},{"type":"position","time":1.452441930770874,"pos":[406.7314147949219,6.265623569488525,-69834.5,0.9772977828979492,-1.2963912610075568e-8,-0.21187028288841248,-3.0984323995397746e-9,1,-7.548016611735875e-8,0.21187028288841248,7.442306326765902e-8,0.9772977828979492]},{"type":"position","time":1.4688050746917725,"pos":[406.7314147949219,6.265623569488525,-69834.5,0.9773063659667969,-5.645617751071086e-9,-0.21183086931705476,-4.078224868919733e-9,1,-4.546689780227098e-8,0.21183086931705476,4.529898234295615e-8,0.9773063659667969]},{"type":"position","time":1.4861524105072022,"pos":[406.7314147949219,6.265623569488525,-69834.5,0.9773063659667969,3.489721400740109e-9,-0.21183088421821595,-5.301790118039662e-9,1,-7.986332484222203e-9,0.21183088421821595,8.92817553221903e-9,0.9773063659667969]},{"type":"position","time":1.5029537677764893,"pos":[406.7314147949219,6.265623569488525,-69834.5,0.9773063659667969,1.0790977889030274e-8,-0.21183088421821595,-6.2797052002849799e-9,1,2.1969329466742239e-8,0.21183088421821595,-2.0140529244372375e-8,0.9773063659667969]},{"type":"position","time":1.519995927810669,"pos":[406.7314147949219,6.265623569488525,-69834.5,0.9765897393226624,1.8153546221810758e-8,-0.21511030197143556,-7.1563097669979928e-9,1,5.1902524944580367e-8,0.21511030197143556,-4.9148077607696908e-8,0.9765897393226624]},{"type":"position","time":1.5356662273406983,"pos":[406.7314147949219,6.265623569488525,-69834.5,0.975124180316925,2.3950141425643779e-8,-0.22165928781032563,-7.662708689792908e-9,1,7.433953896907042e-8,0.22165928781032563,-7.079177066771081e-8,0.975124180316925]},{"type":"position","time":1.5523676872253419,"pos":[406.7314147949219,6.265623569488525,-69834.5,0.9720896482467651,3.2173730346585219e-8,-0.23460963368415833,-7.939734203432636e-9,1,1.0423952545579596e-7,0.23460963368415833,-9.946742807187548e-8,0.9720896482467651]},{"type":"position","time":1.570465326309204,"pos":[406.7314147949219,6.265623569488525,-69834.5,0.9688693881034851,2.678427968305641e-8,-0.24757245182991029,-4.953341736779748e-9,1,8.880284241286063e-8,0.24757245182991029,-8.481204361032724e-8,0.9688693881034851]},{"type":"position","time":1.5858662128448487,"pos":[406.7314147949219,6.265623569488525,-69834.5,0.9654867649078369,1.4115131286018823e-8,-0.2604520320892334,-1.5952098531002435e-9,1,4.8281357578616738e-8,0.2604520320892334,-4.619953486439954e-8,0.9654867649078369]},{"type":"position","time":1.6023104190826417,"pos":[406.7314147949219,6.265623569488525,-69834.5,0.9628462195396423,4.2349697082499919e-9,-0.27005019783973696,6.190714052500823e-10,1,1.7889416170646656e-8,0.27005019783973696,-1.7391936779631579e-8,0.9628462195396423]},{"type":"position","time":1.6187891960144044,"pos":[406.7314147949219,6.265623569488525,-69834.5,0.9572370052337647,-9.192608452224249e-9,-0.2893049716949463,2.756603389997281e-9,1,-2.2653898312796629e-8,0.2893049716949463,2.0887650720169405e-8,0.9572370052337647]},{"type":"position","time":1.6362526416778565,"pos":[406.7314147949219,6.265623569488525,-69834.5,0.9533140659332275,-2.323269043813525e-8,-0.30198055505752566,4.354639315806708e-9,1,-6.318735046306756e-8,0.30198055505752566,5.892237453508642e-8,0.9533140659332275]},{"type":"position","time":1.6525976657867432,"pos":[406.7314147949219,6.265623569488525,-69834.5,0.9491883516311646,-4.120710528354721e-8,-0.3147084712982178,5.672834646475167e-9,1,-1.1382762465927954e-7,0.3147084712982178,1.0625856816659507e-7,0.9491883516311646]},{"type":"position","time":1.6695506572723389,"pos":[406.7314147949219,6.265623569488525,-69834.5,0.9470620155334473,-3.0846216247937266e-8,-0.32105064392089846,4.37053682134092e-9,1,-8.318639999060906e-8,0.32105064392089846,7.737951790431907e-8,0.9470620155334473]},{"type":"position","time":1.6856865882873536,"pos":[406.7314147949219,6.265623569488525,-69834.5,0.9449095129966736,-2.3578584418260108e-8,-0.32733169198036196,5.8026996541116208e-9,1,-5.528202251525727e-8,0.32733169198036196,5.0337099821717859e-8,0.9449095129966736]},{"type":"position","time":1.7014052867889405,"pos":[406.7314147949219,6.265623569488525,-69834.5,0.9415763020515442,-1.986873421344626e-8,-0.336799681186676,8.323082667516246e-9,1,-3.57242520010459e-8,0.336799681186676,3.083389898961286e-8,0.9415763020515442]},{"type":"position","time":1.719444990158081,"pos":[406.7314147949219,6.265623569488525,-69834.5,0.9393193125724793,-1.5289547405927807e-8,-0.34304407238960268,1.4438785278514388e-8,1,-5.034096695055723e-9,0.34304407238960268,-2.2451572545545418e-10,0.9393193125724793]},{"type":"position","time":1.7350387573242188,"pos":[406.7314147949219,6.265623569488525,-69834.5,0.9393193125724793,-1.3421559863502353e-8,-0.34304407238960268,1.8867647000320177e-8,1,1.253829040592791e-8,0.34304407238960268,-1.8249894040422988e-8,0.9393193125724793]},{"type":"position","time":1.7519359588623047,"pos":[406.7314147949219,6.265623569488525,-69834.5,0.938197135925293,-1.1717967041136035e-8,-0.3461013734340668,2.5487961963222007e-8,1,3.523466318711144e-8,0.3461013734340668,-4.187847579828485e-8,0.938197135925293]},{"type":"position","time":1.7688720226287842,"pos":[406.7314147949219,6.265623569488525,-69834.5,0.938197135925293,-1.0797566396547609e-8,-0.3461013734340668,3.265326142809499e-8,1,5.7317397050837829e-8,0.3461013734340668,-6.507635674779522e-8,0.938197135925293]},{"type":"position","time":1.78566575050354,"pos":[406.7314147949219,6.265623569488525,-69834.5,0.938197135925293,-1.0403518047041871e-8,-0.3461013734340668,4.021311639235137e-8,1,7.894886522308298e-8,0.3461013734340668,-8.798741646387498e-8,0.938197135925293]},{"type":"position","time":1.803593397140503,"pos":[406.7314147949219,6.265623569488525,-69834.5,0.938197135925293,-1.0436494335408497e-8,-0.3461013734340668,5.005414038805611e-8,1,1.0553022633530418e-7,0.3461013734340668,-1.1633196095317544e-7,0.938197135925293]},{"type":"position","time":1.8180770874023438,"pos":[406.7314147949219,6.265623569488525,-69834.5,0.9381863474845886,-9.358956276628306e-9,-0.34613052010536196,4.870982905913479e-8,1,1.0498911962031343e-7,0.34613052010536196,-1.1535932031847551e-7,0.9381863474845886]},{"type":"position","time":1.836458444595337,"pos":[406.7314147949219,6.265623569488525,-69834.5,0.9370166063308716,-3.5015235155810844e-9,-0.3492847681045532,2.2161344759297209e-8,1,4.9426787995798807e-8,0.3492847681045532,-5.405434322369729e-8,0.9370166063308716]},{"type":"position","time":1.8525075912475587,"pos":[406.7314147949219,6.265623569488525,-69834.5,0.9370166063308716,2.794582065757112e-10,-0.3492847979068756,1.4337148135368239e-9,1,4.6462735880936638e-9,0.3492847979068756,-4.85441065123382e-9,0.9370166063308716]},{"type":"position","time":1.8686463832855225,"pos":[406.7314147949219,6.265623569488525,-69834.5,0.9358371496200562,2.8644184801862595e-9,-0.3524327874183655,-1.3993098235687285e-8,1,-2.902920037683998e-8,0.3524327874183655,3.209823162819703e-8,0.9358371496200562]},{"type":"position","time":1.8866500854492188,"pos":[406.7314147949219,6.265623569488525,-69834.5,0.9346479773521423,5.909450262464588e-9,-0.355574369430542,-3.447405561018968e-8,1,-7.399761159376794e-8,0.355574369430542,8.141981311382551e-8,0.9346479773521423]},{"type":"position","time":1.9024498462677003,"pos":[406.7314453125,6.265623569488525,-69834.5,0.8382488489151001,-9.01294872068803e-10,-0.5452878475189209,3.21205249065315e-8,1,4.77246970831402e-8,0.5452878475189209,-5.7520104235209149e-8,0.8382488489151001]},{"type":"position","time":1.9204216003417969,"pos":[406.7314453125,6.265623569488525,-69834.5,0.8382488489151001,-3.543551840845538e-10,-0.5452878475189209,1.6702461635986766e-9,1,1.9177517351920416e-9,0.5452878475189209,-2.518318220623428e-9,0.8382488489151001]},{"type":"position","time":1.9354500770568848,"pos":[406.7314453125,6.265623569488525,-69834.5,0.8382488489151001,-2.6471340744405049e-11,-0.5452878475189209,-1.6584314366241416e-8,1,-2.5542938431044605e-8,0.5452878475189209,3.0454565091986299e-8,0.8382488489151001]},{"type":"position","time":1.9528515338897706,"pos":[406.7314453125,6.265623569488525,-69834.5,0.8382488489151001,4.103806183763936e-10,-0.5452878475189209,-4.0905536735635908e-8,1,-6.212982128772637e-8,0.5452878475189209,7.438554661121089e-8,0.8382488489151001]},{"type":"position","time":1.9693257808685303,"pos":[406.7314453125,6.265623569488525,-69834.5,0.8382488489151001,7.117398337364023e-10,-0.5452878475189209,-5.5488676764525738e-8,1,-8.399523210300686e-8,0.5452878475189209,1.0066621314308577e-7,0.8382488489151001]},{"type":"position","time":1.986410140991211,"pos":[406.7314453125,6.265623569488525,-69834.5,0.8382488489151001,6.076472103266894e-10,-0.5452878475189209,-4.091989680432562e-8,1,-6.179013212204154e-8,0.5452878475189209,7.41086267908031e-8,0.8382488489151001]},{"type":"position","time":2.0027284622192385,"pos":[406.7314453125,6.265623569488525,-69834.5,0.8382488489151001,5.036423500470733e-10,-0.5452878475189209,-2.636355489471498e-8,1,-3.9603996526693666e-8,0.5452878475189209,4.757373162078693e-8,0.8382488489151001]},{"type":"position","time":2.0196635723114015,"pos":[406.7314453125,6.265623569488525,-69834.5,0.8382488489151001,3.99726890476515e-10,-0.5452878475189209,-1.1819651035693824e-8,1,-1.7436812882465348e-8,0.5452878475189209,2.1061500987684668e-8,0.8382488489151001]},{"type":"position","time":2.0368096828460695,"pos":[406.7314453125,6.265623569488525,-69834.5,0.8382488489151001,2.9590005445889746e-10,-0.5452878475189209,2.7118305379048026e-9,1,4.711436130122593e-9,0.5452878475189209,-5.4280842043397119e-9,0.8382488489151001]},{"type":"position","time":2.0525875091552736,"pos":[406.7314453125,6.265623569488525,-69834.5,0.8382488489151001,1.921616754607669e-10,-0.5452878475189209,1.723089937399891e-8,1,2.684076427783566e-8,0.5452878475189209,-3.189504127476539e-8,0.8382488489151001]},{"type":"position","time":2.0694661140441896,"pos":[406.7314453125,6.265623569488525,-69834.5,0.8382488489151001,8.851136490406475e-11,-0.5452878475189209,3.173756724095256e-8,1,4.895118976833146e-8,0.5452878475189209,-5.833938843124997e-8,0.8382488489151001]},{"type":"position","time":2.0871551036834719,"pos":[406.7314453125,6.265623569488525,-69834.5,0.8382488489151001,-4.092632135965779e-11,-0.5452878475189209,4.98534760140501e-8,1,7.65626708698619e-8,0.5452878475189209,-9.136306999835142e-8,0.8382488489151001]},{"type":"position","time":2.1026723384857179,"pos":[406.7314453125,6.265623569488525,-69834.5,0.8382488489151001,-1.1852215042740256e-10,-0.5452878475189209,6.071373803706592e-8,1,9.311540338785562e-8,0.5452878475189209,-1.1116034670521913e-7,0.8382488489151001]},{"type":"position","time":2.1195664405822756,"pos":[406.7314453125,6.265623569488525,-69834.5,0.8309095501899719,9.620777507990397e-10,-0.5564074516296387,5.585094697835302e-8,1,8.513394789133599e-8,0.5564074516296387,-1.0181449283663824e-7,0.8309095501899719]},{"type":"position","time":2.1366426944732668,"pos":[406.7314453125,6.265623569488525,-69834.5,0.8078923225402832,4.353488236574776e-9,-0.5893300771713257,2.987734859516422e-8,1,4.8345011549599806e-8,0.5893300771713257,-5.666518276825627e-8,0.8078923225402832]},{"type":"position","time":2.154731512069702,"pos":[406.7314453125,6.265623569488525,-69834.5,0.7837449908256531,5.739664299397873e-9,-0.6210827231407166,-4.364945294099698e-9,1,3.733255038440575e-9,0.6210827231407166,-2.1492793655930598e-10,0.7837449908256531]},{"type":"position","time":2.169278860092163,"pos":[406.7314453125,6.265623569488525,-69834.5,0.7668213844299316,5.22158938309758e-9,-0.6418605446815491,-2.5602018283166218e-8,1,-2.245127106448308e-8,0.6418605446815491,3.364904088698495e-8,0.7668213844299316]},{"type":"position","time":2.186213254928589,"pos":[406.7314453125,6.265623569488525,-69834.5,0.7538148164749146,3.851575058888557e-9,-0.657086968421936,-5.458986862549864e-8,1,-5.676429282175377e-8,0.657086968421936,7.866005802270593e-8,0.7538148164749146]},{"type":"position","time":2.2032599449157717,"pos":[406.7314453125,6.265623569488525,-69834.5,0.7472871541976929,2.141824939627668e-9,-0.6645012497901917,-7.153334280474155e-8,1,-7.722201189608313e-8,0.6645012497901917,1.0524100702014039e-7,0.7472871541976929]},{"type":"position","time":2.2198452949523927,"pos":[406.7314453125,6.265623569488525,-69834.5,0.7450637221336365,1.4501345957373957e-10,-0.666993260383606,-5.134037550647008e-8,1,-5.713226869374921e-8,0.666993260383606,7.681086344746291e-8,0.7450637221336365]},{"type":"position","time":2.2361159324645998,"pos":[406.7314453125,6.265623569488525,-69834.5,0.7449902296066284,-1.5073688963695986e-9,-0.6670753955841065,-3.1162450397914657e-8,1,-3.7061912649960507e-8,0.6670753955841065,4.8398465679611039e-8,0.7449902296066284]},{"type":"position","time":2.2527830600738527,"pos":[406.7314453125,6.265623569488525,-69834.5,0.7451126575469971,-3.1409908007873357e-9,-0.6669386625289917,-1.1005441002964745e-8,1,-1.7004987640234505e-8,0.6669386625289917,2.0010585188856568e-8,0.7451126575469971]},{"type":"position","time":2.2703559398651125,"pos":[406.7314453125,6.265623569488525,-69834.5,0.7450698614120483,-5.19342391314126e-9,-0.6669864654541016,1.4168223927413237e-8,1,8.04048205793606e-9,0.6669864654541016,-1.5440734912886e-8,0.7450698614120483]},{"type":"position","time":2.2866716384887697,"pos":[406.7314453125,6.265623569488525,-69834.5,0.7472720146179199,-6.8838121869418959e-9,-0.6645182967185974,3.4221482536622719e-8,1,2.8124047091182548e-8,0.6645182967185974,-4.375711171178409e-8,0.7472720146179199]},{"type":"position","time":2.302415370941162,"pos":[406.7314453125,6.265623569488525,-69834.5,0.7516703605651856,-8.402948559194101e-9,-0.659538984298706,4.9149850411822629e-8,1,4.327498359657511e-8,0.659538984298706,-6.494476423313245e-8,0.7516703605651856]},{"type":"position","time":2.3196396827697756,"pos":[406.7314453125,6.265623569488525,-69834.5,0.7539605498313904,-1.0265747363291667e-8,-0.6569197177886963,6.896911486364843e-8,1,6.353020154392652e-8,0.6569197177886963,-9.32064381231612e-8,0.7539605498313904]},{"type":"position","time":2.3362526893615724,"pos":[406.7314453125,6.265623569488525,-69834.5,0.7561486959457398,-1.2212233002628637e-8,-0.6543998718261719,8.870380696635039e-8,1,8.38341094322459e-8,0.6543998718261719,-1.2143881633619459e-7,0.7561486959457398]},{"type":"position","time":2.3531439304351808,"pos":[406.7314453125,6.265623569488525,-69834.5,0.7561487555503845,-7.230707588234964e-9,-0.6543998122215271,5.7098013428458219e-8,1,5.4926488246564989e-8,0.6543998122215271,-7.889752140499695e-8,0.7561487555503845]},{"type":"position","time":2.3696489334106447,"pos":[406.7314453125,6.265623569488525,-69834.5,0.7561486959457398,-2.2534205612601e-9,-0.6543998718261719,2.5519202750956539e-8,1,2.6043542433740187e-8,0.6543998718261719,-3.639255297116506e-8,0.7561486959457398]},{"type":"position","time":2.385890245437622,"pos":[406.7314453125,6.265623569488525,-69834.5,0.7561487555503845,2.7196109808613757e-9,-0.6543998122215271,-6.032642829723045e-9,1,-2.8147384423249379e-9,0.6543998122215271,6.0761209397242059e-9,0.7561487555503845]},{"type":"position","time":2.402660846710205,"pos":[406.7314453125,6.265623569488525,-69834.5,0.7560575008392334,7.6875501520135e-9,-0.6545052528381348,-3.7561569854460689e-8,1,-3.1643985209939277e-8,0.6545052528381348,4.8508915995171267e-8,0.7560575008392334]},{"type":"position","time":2.4191482067108156,"pos":[406.7314453125,6.265623569488525,-69834.5,0.7560575008392334,1.2652090042308828e-8,-0.6545052528381348,-6.906357441494038e-8,1,-6.044862743692647e-8,0.6545052528381348,9.090510388887196e-8,0.7560575008392334]},{"type":"position","time":2.4357995986938478,"pos":[406.7314453125,6.265623569488525,-69834.5,0.7560575008392334,1.2901276491561476e-8,-0.6545052528381348,-7.33713534373237e-8,1,-6.504406968588228e-8,0.6545052528381348,9.719899196625193e-8,0.7560575008392334]},{"type":"position","time":2.4526236057281496,"pos":[406.7314453125,6.265623569488525,-69834.5,0.7560575008392334,8.441162435701699e-9,-0.6545052528381348,-5.0519734173803957e-8,1,-4.546130227822687e-8,0.6545052528381348,6.743678682141763e-8,0.7560575008392334]},{"type":"position","time":2.4691874980926515,"pos":[406.7314453125,6.265623569488525,-69834.5,0.7560575008392334,3.984859553440856e-9,-0.6545052528381348,-2.7687629966521855e-8,1,-2.589525571750073e-8,0.6545052528381348,3.770000134295515e-8,0.7560575008392334]},{"type":"position","time":2.4861886501312258,"pos":[406.7314453125,6.265623569488525,-69834.5,0.7560575008392334,-4.676347087340105e-10,-0.6545052528381348,-4.875022607819801e-9,1,-6.345910907867847e-9,0.6545052528381348,7.988600891906117e-9,0.7560575008392334]},{"type":"position","time":2.502626419067383,"pos":[406.7314453125,6.265623569488525,-69834.5,0.7560575008392334,-4.9163242366034869e-9,-0.6545052528381348,1.7918106109959809e-8,1,1.3186745029258873e-8,0.6545052528381348,-2.169743140711944e-8,0.7560575008392334]},{"type":"position","time":2