{"data":[{"pos":[18.815107345581056,5.058104038238525,13.350190162658692,-0.9976040720939636,-3.870915676884579e-8,0.06918191909790039,-4.503724326809788e-8,1,-8.991049327278233e-8,-0.06918191909790039,-9.281083634959941e-8,-0.9976040720939636]},{"pos":[18.77189826965332,5.318875789642334,13.885456085205079,-0.9973492622375488,2.711850077830036e-9,0.0727628692984581,3.2114371162350609e-9,1,6.748967162906183e-9,-0.0727628692984581,6.9647505540615388e-9,-0.9973492622375488]},{"pos":[18.72869110107422,5.584204196929932,14.420722007751465,-0.9971656799316406,3.7166699939916728e-8,0.07523666322231293,4.386021146274288e-8,1,8.731378642323762e-8,-0.07523666322231293,9.036620696178943e-8,-0.9971656799316406]},{"pos":[18.704687118530275,5.736774444580078,14.71809196472168,-0.9970914125442505,2.6611685299826605e-8,0.07621468603610993,3.145746063637489e-8,1,6.238008154468844e-8,-0.07621468603610993,6.459616486154118e-8,-0.9970914125442505]},{"pos":[18.680683135986329,5.8900299072265629,15.015461921691895,-0.9970333576202393,1.6083252063481269e-8,0.07697085291147232,1.9026343167638516e-8,1,3.7503109950876026e-8,-0.07697085291147232,3.885632438027642e-8,-0.9970333576202393]},{"pos":[18.651878356933595,6.06986665725708,15.372305870056153,-0.9969764351844788,3.4799487735881486e-9,0.07770456373691559,4.091606609080145e-9,1,7.712373850665699e-9,-0.07770456373691559,8.006991514264428e-9,-0.9969764351844788]},{"pos":[18.62787437438965,6.21956205368042,15.669675827026368,-0.9969379901885986,-6.999533397333835e-9,0.0781959518790245,-8.359772429855639e-9,1,-1.70679079758429e-8,-0.0781959518790245,-1.7669346874527038e-8,-0.9969379901885986]},{"pos":[18.594268798828126,6.425930023193359,16.08599281311035,-0.9968945980072022,-2.1638939529111668e-8,0.07874739170074463,-2.5790159341454456e-8,1,-5.169861339027193e-8,-0.07874739170074463,-5.356897503361324e-8,-0.9968945980072022]},{"pos":[18.57026481628418,6.575297832489014,16.383358001708986,-0.9968701601028442,-3.207457766052357e-8,0.07905624061822891,-3.823371841349399e-8,1,-7.6394634618282e-8,-0.07905624061822891,-7.917814315305805e-8,-0.9968701601028442]},{"pos":[18.551061630249025,6.69632625579834,16.62125015258789,-0.9968542456626892,-4.0411450186184086e-8,0.07925684005022049,-4.818192067546079e-8,1,-9.61292343504283e-8,-0.07925684005022049,-9.964557534658525e-8,-0.9968542456626892]},{"pos":[18.536659240722658,6.787490367889404,16.79966926574707,-0.9968439936637878,-4.6657678609562939e-8,0.07938551157712937,-5.56385373329249e-8,1,-1.1091776741523063e-7,-0.07938551157712937,-1.1498460139591771e-7,-0.9968439936637878]},{"pos":[18.5174560546875,6.908013343811035,17.037561416625978,-0.9968320727348328,-2.8839753696274785e-8,0.07953521609306336,-3.439751949940728e-8,1,-6.850795131185805e-8,-0.07953521609306336,-7.102674004499932e-8,-0.9968320727348328]},{"pos":[18.498252868652345,7.027425289154053,17.275453567504884,-0.9968217015266419,-1.1041364267327936e-8,0.0796646997332573,-1.316569253617672e-8,1,-2.6140609676872374e-8,-0.0796646997332573,-2.7106368705176466e-8,-0.9968217015266419]},{"pos":[18.4742488861084,7.175309181213379,17.572818756103517,-0.9968106746673584,1.1180076420203023e-8,0.07980269193649292,1.3358257611173486e-8,1,2.6760712756868089e-8,-0.07980269193649292,2.7741387853552625e-8,-0.9968106746673584]},{"pos":[18.455127716064454,7.294154644012451,17.810718536376954,-0.9968060851097107,2.8937066076650809e-8,0.0798598900437355,3.456081287822599e-8,1,6.903793803303415e-8,-0.0798598900437355,7.15774604032049e-8,-0.9968060851097107]},{"pos":[18.436016082763673,7.413589954376221,18.04861831665039,-0.9968035221099854,3.9696072207107139e-8,0.07989227026700974,4.740845938044913e-8,1,9.463801831088858e-8,-0.07989227026700974,9.812307411039001e-8,-0.9968035221099854]},{"pos":[18.39779281616211,7.644785404205322,18.524417877197267,-0.996799647808075,1.933344329074771e-8,0.07994070649147034,2.3086071720967994e-8,1,4.6018403310199577e-8,-0.07994070649147034,4.771664663394404e-8,-0.996799647808075]},{"pos":[18.383487701416017,7.7342424392700199,18.702842712402345,-0.9967994093894959,1.1706764446728357e-8,0.07994307577610016,1.397456994567392e-8,1,2.780827657034024e-8,-0.07994307577610016,2.883644434348298e-8,-0.9967994093894959]},{"pos":[18.36918830871582,7.8263444900512699,18.88127326965332,-0.9967998266220093,4.084942606397135e-9,0.07993809133768082,4.868720981932029e-9,1,9.609904871865638e-9,-0.07993809133768082,9.968347924882437e-9,-0.9967998266220093]},{"pos":[18.349456787109376,7.91599178314209,19.127521514892579,-0.9968004822731018,-6.070013380821138e-9,0.07992980629205704,-7.2631518577281899e-9,1,-1.4636589718008964e-8,-0.07992980629205704,-1.5170302347655708e-8,-0.9968004822731018]},{"pos":[18.329612731933595,8.029532432556153,19.375179290771486,-0.9968011379241943,-1.621644152294266e-8,0.07992210984230042,-1.9384426508395337e-8,1,-3.886254873464168e-8,-0.07992210984230042,-4.028747468964866e-8,-0.9968011379241943]},{"pos":[18.30922508239746,8.142800331115723,19.629613876342775,-0.9968016743659973,-2.6354333826361654e-8,0.07991538941860199,-3.1495165586648e-8,1,-6.306795086175043e-8,-0.07991538941860199,-6.53831904173785e-8,-0.9968016743659973]},{"pos":[18.283628463745118,8.264857292175293,19.94908905029297,-0.9968022108078003,-3.901468303979527e-8,0.07990819960832596,-4.661885810719468e-8,1,-9.329578887218304e-8,-0.07990819960832596,-9.672267964333514e-8,-0.9968022108078003]},{"pos":[18.252283096313478,8.377513885498047,20.340272903442384,-0.996802806854248,-4.0138960599733767e-8,0.07990117371082306,-4.7958401694359057e-8,1,-9.59448911430627e-8,-0.07990117371082306,-9.947006418542515e-8,-0.996802806854248]},{"pos":[18.23109245300293,8.429521560668946,20.604719161987306,-0.9968031048774719,-2.216270367227935e-8,0.07989750057458878,-2.6478312875610756e-8,1,-5.295485294709579e-8,-0.07989750057458878,-5.4901111212757317e-8,-0.9968031048774719]},{"pos":[18.222227096557618,8.46157169342041,20.715356826782228,-0.9968031048774719,-4.201718528662468e-9,0.07989715039730072,-5.01683938836095e-9,1,-1.0001389938452121e-8,-0.07989715039730072,-1.0370247771618324e-8,-0.9968031048774719]},{"pos":[18.221839904785158,8.488899230957032,20.720205307006837,-0.9968031048774719,3.167424367234162e-8,0.07989714294672013,3.7851091150287178e-8,1,7.579544103464286e-8,-0.07989714294672013,7.857732953198138e-8,-0.9968031048774719]},{"pos":[18.221839904785158,8.49405288696289,20.72020721435547,-0.9968031048774719,3.597991593551342e-8,0.07989714294672013,4.2994987126121489e-8,1,8.608096635498441e-8,-0.07989714294672013,8.924094885287559e-8,-0.9968031048774719]},{"pos":[18.221839904785158,8.496816635131836,20.72020721435547,-0.9968031048774719,2.66783928282166e-8,0.07989714294672013,3.187883734767638e-8,1,6.38137080954948e-8,-0.07989714294672013,6.615672987209109e-8,-0.9968031048774719]},{"pos":[18.221839904785158,8.498297691345215,20.72020721435547,-0.9968031048774719,1.7384817141419263e-8,0.07989714294672013,2.0772187525608389e-8,1,4.156548172318253e-8,-0.07989714294672013,4.309223911036497e-8,-0.9968031048774719]},{"pos":[18.221839904785158,8.499092102050782,20.72020721435547,-0.9968031048774719,8.099182657872462e-9,0.07989714294672013,9.675025225419631e-9,1,1.9336269474479196e-8,-0.07989714294672013,2.0047460580485678e-8,-0.9968031048774719]},{"pos":[18.221839904785158,8.499516487121582,20.72020721435547,-0.9968031048774719,-1.1785195042079977e-9,0.07989714294672013,-1.4126555480942216e-9,1,-2.873944193737543e-9,-0.07989714294672013,-2.977623703159793e-9,-0.9968031048774719]},{"pos":[18.221839904785158,8.499814987182618,20.72020721435547,-0.9968031048774719,-1.5080214410545524e-8,0.07989714294672013,-1.80264176918854e-8,1,-3.615367916154355e-8,-0.07989714294672013,-3.747835819467582e-8,-0.9968031048774719]},{"pos":[18.221839904785158,8.49990463256836,20.72020721435547,-0.9968031048774719,-2.4338113746580349e-8,0.07989714294672013,-2.9090433173450948e-8,1,-5.831646987530803e-8,-0.07989714294672013,-6.045427625167577e-8,-0.9968031048774719]},{"pos":[18.221839904785158,8.49995231628418,20.72020721435547,-0.9968031048774719,-3.358810474196616e-8,0.07989714294672013,-4.014499310756037e-8,1,-8.046031041430979e-8,-0.07989714294672013,-8.341056201288666e-8,-0.9968031048774719]},{"pos":[18.221839904785158,8.499978065490723,20.72020721435547,-0.9968031048774719,-4.2830190949416649e-8,0.07989714294672013,-5.1190109928711539e-8,1,-1.0258523275297193e-7,-0.07989714294672013,-1.0634722258373586e-7,-0.9968031048774719]},{"pos":[18.221839904785158,8.499985694885254,20.72020721435547,-0.9968031048774719,-4.744827464264745e-8,0.07989714294672013,-5.6709126283749359e-8,1,-1.1364060270580012e-7,-0.07989714294672013,-1.1780819875184534e-7,-0.9968031048774719]},{"pos":[18.221839904785158,8.499999046325684,20.72020721435547,-0.9968031048774719,-2.093762496713225e-8,0.07989714294672013,-2.5023465966000914e-8,1,-5.013751902538388e-8,-0.07989714294672013,-5.1976538628650817e-8,-0.9968031048774719]},{"pos":[18.221839904785158,8.50000286102295,20.72020721435547,-0.9968031048774719,-3.2827287554937358e-9,0.07989714294672013,-3.922249192100935e-9,1,-7.847355654178046e-9,-0.07989714294672013,-8.13564504653641e-9,-0.9968031048774719]},{"pos":[18.221839904785158,8.500005722045899,20.72020721435547,-0.9968031048774719,2.3171338625616046e-8,0.07989714294672013,2.7695778115344184e-8,1,5.552012538601048e-8,-0.07989714294672013,5.7555446630885856e-8,-0.9968031048774719]},{"pos":[18.221839904785158,8.500006675720215,20.72020721435547,-0.9968031048774719,4.078855297962036e-8,0.07989714294672013,4.875195358522433e-8,1,9.77199832163933e-8,-0.07989714294672013,1.0130272443120703e-7,-0.9968031048774719]},{"pos":[18.221839904785158,8.500006675720215,20.72020721435547,-0.9968031048774719,3.122980984926471e-8,0.07989714294672013,3.7326671531445757e-8,1,7.481538943920896e-8,-0.07989714294672013,7.755850361945704e-8,-0.9968031048774719]},{"pos":[18.221839904785158,8.500006675720215,20.72020721435547,-0.9968031048774719,2.1679230854942945e-8,0.07989714294672013,2.5911154111213365e-8,1,5.1930364008967447e-8,-0.07989714294672013,5.383457590824037e-8,-0.9968031048774719]},{"pos":[18.221839904785158,8.500006675720215,20.72020721435547,-0.9968031048774719,1.213681244394138e-8,0.07989714294672013,1.4505387113672441e-8,1,2.9064899820241409e-8,-0.07989714294672013,3.013091998127493e-8,-0.9968031048774719]},{"pos":[18.221839904785158,8.500006675720215,20.72020721435547,-0.9968031048774719,2.602545734475825e-9,0.07989714294672013,3.1093647656632585e-9,1,6.2189791094624528e-9,-0.07989714294672013,6.447526956776528e-9,-0.9968031048774719]},{"pos":[18.221839904785158,8.500006675720215,20.72020721435547,-0.9968031048774719,-6.92357549070266e-9,0.07989714294672013,-8.276921370509172e-9,1,-1.6607415886937816e-8,-0.07989714294672013,-1.7215626257893747e-8,-0.9968031048774719]},{"pos":[18.221839904785158,8.500006675720215,20.72020721435547,-0.9968031048774719,-1.6441559225199854e-8,0.07989714294672013,-1.9653478844361417e-8,1,-3.941430293252779e-8,-0.07989714294672013,-4.085855564994745e-8,-0.9968031048774719]},{"pos":[18.221839904785158,8.500006675720215,20.72020721435547,-0.9968031048774719,-2.5951409909907853e-8,0.07989714294672013,-3.102031698176688e-8,1,-6.22016926854485e-8,-0.07989714294672013,-6.448127720659613e-8,-0.9968031048774719]},{"pos":[18.221839904785158,8.500006675720215,20.72020721435547,-0.9968031048774719,-3.5453137314789276e-8,0.07989714294672013,-4.237744377633135e-8,1,-8.496960646198204e-8,-0.07989714294672013,-8.80838086914082e-8,-0.9968031048774719]},{"pos":[18.221839904785158,8.500006675720215,20.72020721435547,-0.9968031048774719,-4.4946748545271478e-8,0.07989714294672013,-5.372486810983901e-8,1,-1.0771806557841046e-7,-0.07989714294672013,-1.1166616786795203e-7,-0.9968031048774719]},{"pos":[18.221839904785158,8.500006675720215,20.72020721435547,-0.9968031048774719,-4.0378125731876938e-8,0.07989714294672013,-4.8263792962188748e-8,1,-9.676658407897776e-8,-0.07989714294672013,-1.0031336472593466e-7,-0.9968031048774719]},{"pos":[18.221839904785158,8.500006675720215,20.72020721435547,-0.9968031048774719,-2.176528468567085e-8,0.07989714294672013,-2.6015756660058288e-8,1,-5.215834519844975e-8,-0.07989714294672013,-5.407018477399106e-8,-0.9968031048774719]},{"pos":[18.221839904785158,8.500006675720215,20.72020721435547,-0.9968031048774719,1.5412711107387623e-8,0.07989714294672013,1.8423310876869438e-8,1,3.694378136742671e-8,-0.07989714294672013,3.8297645943430328e-8,-0.9968031048774719]},{"pos":[18.221839904785158,8.500006675720215,20.72020721435547,-0.9968031048774719,3.814868776430558e-8,0.07989714294672013,4.559964850159304e-8,1,9.143235502051539e-8,-0.07989714294672013,9.478333851120624e-8,-0.9968031048774719]},{"pos":[18.221839904785158,8.500006675720215,20.72020721435547,-0.9968031048774719,1.7747108671528623e-8,0.07989714294672013,2.1213130807495874e-8,1,4.25322497221714e-8,-0.07989714294672013,4.409114851000595e-8,-0.9968031048774719]},{"pos":[18.221839904785158,8.500006675720215,20.72020721435547,-0.9968031048774719,7.559389558764451e-9,0.07989714294672013,9.035495018849815e-9,1,1.8113537336716946e-8,-0.07989714294672013,1.877753952328476e-8,-0.9968031048774719]},{"pos":[18.221839904785158,8.500006675720215,20.72020721435547,-0.9968031048774719,-2.619627625932708e-9,0.07989714294672013,-3.1317375359662948e-9,1,-6.284306852677446e-9,-0.07989714294672013,-6.5144334371325389e-9,-0.9968031048774719]},{"pos":[18.221839904785158,8.500006675720215,20.72020721435547,-0.9968031048774719,-1.2789949543901003e-8,0.07989714294672013,-1.5288575738736655e-8,1,-3.06612975009557e-8,-0.07989714294672013,-3.1784789911171177e-8,-0.9968031048774719]},{"pos":[18.221839904785158,8.500006675720215,20.72020721435547,-0.9968031048774719,-2.295158196830016e-8,0.07989714294672013,-2.743502491853178e-8,1,-5.501745548031067e-8,-0.07989714294672013,-5.703354943875638e-8,-0.9968031048774719]},{"pos":[18.221839904785158,8.500006675720215,20.72020721435547,-0.9968031048774719,-3.310453067228991e-8,0.07989714294672013,-3.957109839802797e-8,1,-7.935279455750788e-8,-0.07989714294672013,-8.226073333617023e-8,-0.9968031048774719]},{"pos":[18.221839904785158,8.500006675720215,20.72020721435547,-0.9968031048774719,-3.9528494255591798e-8,0.07989714294672013,-4.724970992242561e-8,1,-9.474889850480395e-8,-0.07989714294672013,-9.822111479707019e-8,-0.9968031048774719]},{"pos":[18.221839904785158,8.500006675720215,20.72020721435547,-0.9968031048774719,-2.196135184817649e-8,0.07989714294672013,-2.625106532150312e-8,1,-5.264006830429935e-8,-0.07989714294672013,-5.456917051560595e-8,-0.9968031048774719]},{"pos":[18.221839904785158,8.500006675720215,20.72020721435547,-0.9968031048774719,-1.3183410807471319e-8,0.07989714294672013,-1.5758471860749524e-8,1,-3.159914996331281e-8,-0.07989714294672013,-3.2757188961340947e-8,-0.9968031048774719]},{"pos":[18.221839904785158,8.500006675720215,20.72020721435547,-0.9968031048774719,4.3612207178966859e-9,0.07989714294672013,5.21326803948341e-9,1,1.045570918734029e-8,-0.07989714294672013,1.0838808961466384e-8,-0.9968031048774719]},{"pos":[18.221839904785158,8.500006675720215,20.72020721435547,-0.9968031048774719,1.3127915643451616e-8,0.07989714294672013,1.5692418031676426e-8,1,3.146966065514789e-8,-0.07989714294672013,3.2622832435436069e-8,-0.9968031048774719]},{"pos":[18.221839904785158,8.500006675720215,20.72020721435547,-0.9968031048774719,3.940553128245483e-8,0.07989714294672013,4.71030077164869e-8,1,9.445763282656117e-8,-0.07989714294672013,9.791905597467121e-8,-0.9968031048774719]},{"pos":[18.221839904785158,8.500006675720215,20.72020721435547,-0.9968031048774719,3.045920138333713e-8,0.07989714294672013,3.6409065984344127e-8,1,7.301221671696112e-8,-0.07989714294672013,7.568778670474785e-8,-0.9968031048774719]},{"pos":[18.221839904785158,8.500006675720215,20.72020721435547,-0.9968031048774719,2.152051337134253e-8,0.07989714294672013,2.5724256502712707e-8,1,5.1585132609943687e-8,-0.07989714294672013,5.347551379486504e-8,-0.9968031048774719]},{"pos":[18.221839904785158,8.500006675720215,20.72020721435547,-0.9968031048774719,1.7054034628927185e-8,0.07989714294672013,2.038527568970494e-8,1,4.087845795197609e-8,-0.07989714294672013,4.2376498754492789e-8,-0.9968031048774719]},{"pos":[18.221839904785158,8.500006675720215,20.72020721435547,-0.9968031048774719,3.6660428026635829e-9,0.07989714294672013,4.3820187478615939e-9,1,8.785883132134132e-9,-0.07989714294672013,9.107906429051127e-9,-0.9968031048774719]},{"pos":[18.221839904785158,8.500006675720215,20.72020721435547,-0.9968031048774719,-5.249754853053901e-9,0.07989714294672013,-6.275426844837284e-9,1,-1.2586310660367417e-8,-0.07989714294672013,-1.3047461777659919e-8,-0.9968031048774719]},{"pos":[18.221839904785158,8.500006675720215,20.72020721435547,-0.9968031048774719,-1.8609172869332725e-8,0.07989714294672013,-2.2244524444658965e-8,1,-4.461035629788057e-8,-0.07989714294672013,-4.6245013152201867e-8,-0.9968031048774719]},{"pos":[18.777315139770509,5.286186218261719,13.81835651397705,-0.9973820447921753,-2.4609076998416414e-9,0.07231403142213822,-2.855874425833349e-9,1,-5.358431920399198e-9,-0.07231403142213822,-5.5509232765871278e-9,-0.9973820447921753]},{"pos":[18.707508087158204,5.718844413757324,14.683145523071289,-0.9971004724502564,2.7850797224004965e-8,0.07609976083040238,3.2916297243446027e-8,1,6.530965634965469e-8,-0.07609976083040238,6.762518722780442e-8,-0.9971004724502564]},{"pos":[18.653709411621095,6.0584306716918949,15.349614143371582,-0.9969799518585205,4.280729548611362e-9,0.07765790075063706,5.0419739494600439e-9,1,9.606469397738238e-9,-0.07765790075063706,9.969007841448274e-9,-0.9969799518585205]},{"pos":[18.598495483398439,6.39997673034668,16.03363609313965,-0.9969000816345215,-1.9798937600512546e-8,0.07867804169654846,-2.3597008791398367e-8,1,-4.7343881703909577e-8,-0.07867804169654846,-4.9053689110678536e-8,-0.9969000816345215]},{"pos":[18.553932189941408,6.678234577178955,16.585689544677736,-0.996856689453125,-3.9165492182746678e-8,0.07922685891389847,-4.6694580646544639e-8,1,-9.317938065578346e-8,-0.07922685891389847,-9.658594990469283e-8,-0.996856689453125]},{"pos":[18.518733978271486,6.899993419647217,17.021730422973634,-0.9968329668045044,-3.002521609118958e-8,0.07952525466680527,-3.581116558848407e-8,1,-7.132994994663022e-8,-0.07952525466680527,-7.395192369585857e-8,-0.9968329668045044]},{"pos":[18.47555160522461,7.167279243469238,17.556671142578126,-0.9968115091323853,9.97364146826385e-9,0.07979520410299301,1.1917810738282242e-8,1,2.3888249600645396e-8,-0.07979520410299301,2.4763059158772195e-8,-0.9968115091323853]},{"pos":[18.3873233795166,7.710250377655029,18.654991149902345,-0.9967998266220093,1.3752192273841502e-8,0.07994243502616883,1.641822677811433e-8,1,3.269212811574107e-8,-0.07994243502616883,3.3900008133969098e-8,-0.9967998266220093]},{"pos":[18.322439193725587,8.069390296936036,19.464712142944337,-0.9968012571334839,-1.9783811922025053e-8,0.0799197405576706,-2.3646052227377369e-8,1,-4.7380098067151269e-8,-0.0799197405576706,-4.911832718335063e-8,-0.9968012571334839]},{"pos":[18.253202438354493,8.374212265014649,20.32880973815918,-0.9968029260635376,-4.010601273307657e-8,0.07990137487649918,-4.791914776092199e-8,1,-9.586725724375356e-8,-0.07990137487649918,-9.938955969346353e-8,-0.9968029260635376]},{"pos":[18.222280502319337,8.461380004882813,20.71469497680664,-0.9968031644821167,-4.309288925696819e-9,0.07989714294672013,-5.145373904724693e-9,1,-1.0258640159577226e-8,-0.07989714294672013,-1.0636945546593779e-8,-0.9968031644821167]},{"pos":[18.221839904785158,8.493095397949219,20.72020721435547,-0.9968031644821167,3.517989455303905e-8,0.07989713549613953,4.203921832868218e-8,1,8.416984087489254e-8,-0.07989713549613953,8.725957911792648e-8,-0.9968031644821167]},{"pos":[18.221839904785158,8.498102188110352,20.72020721435547,-0.9968031644821167,1.861309328887728e-8,0.07989713549613953,2.2240087105274143e-8,1,4.450589230486912e-8,-0.07989713549613953,4.614053139562202e-8,-0.9968031644821167]},{"pos":[18.221839904785158,8.499883651733399,20.72020721435547,-0.9968031644821167,-2.2181904313356428e-8,0.07989713549613953,-2.651357178251601e-8,1,-5.315465756439153e-8,-0.07989713549613953,-5.51030865381108e-8,-0.9968031644821167]},{"pos":[18.221839904785158,8.49996566772461,20.72020721435547,-0.9968031644821167,-3.84507217177088e-8,0.07989713549613953,-4.595624858438896e-8,1,-9.2101082316276e-8,-0.07989713549613953,-9.54784198370362e-8,-0.9968031644821167]},{"pos":[18.221839904785158,8.499990463256836,20.72020721435547,-0.9968031644821167,-3.782184876399697e-8,0.07989713549613953,-4.520357776982564e-8,1,-9.058165773012661e-8,-0.07989713549613953,-9.390371502604467e-8,-0.9968031644821167]},{"pos":[18.221839904785158,8.50000286102295,20.72020721435547,-0.9968031644821167,-4.625952509940134e-9,0.07989713549613953,-5.527676538719106e-9,1,-1.1064885008238435e-8,-0.07989713549613953,-1.1471157357334505e-8,-0.9968031644821167]},{"pos":[18.221839904785158,8.500006675720215,20.72020721435547,-0.9968031644821167,4.00931874366961e-8,0.07989713549613953,4.792080332549631e-8,1,9.605376050103587e-8,-0.07989713549613953,9.957542346228365e-8,-0.9968031644821167]},{"pos":[18.221839904785158,8.500006675720215,20.72020721435547,-0.9968031644821167,2.1422708940121994e-8,0.07989713549613953,2.5604540709878166e-8,1,5.131568414640242e-8,-0.07989713549613953,5.319736473552439e-8,-0.9968031644821167]},{"pos":[18.221839904785158,8.500006675720215,20.72020721435547,-0.9968031644821167,9.597743710898499e-10,0.07989713549613953,1.145809558344979e-9,1,2.2825872303400276e-9,-0.07989713549613953,2.366837170697522e-9,-0.9968031644821167]},{"pos":[18.221839904785158,8.500006675720215,20.72020721435547,-0.9968031644821167,-1.6791849688502226e-8,0.07989713549613953,-2.0072169704121735e-8,1,-4.0253667066281199e-8,-0.07989713549613953,-4.1728689836872948e-8,-0.9968031644821167]},{"pos":[18.221839904785158,8.500006675720215,20.72020721435547,-0.9968031644821167,-3.5090600647436079e-8,0.07989713549613953,-4.194411218350069e-8,1,-8.410091112409646e-8,-0.07989713549613953,-8.718325972267849e-8,-0.9968031644821167]},{"pos":[18.221839904785158,8.500006675720215,20.72020721435547,-0.9968031644821167,-3.97192216894382e-8,0.07989713549613953,-4.74762025248765e-8,1,-9.518742416503301e-8,-0.07989713549613953,-9.867633110616225e-8,-0.9968031644821167]},{"pos":[18.221839904785158,8.500006675720215,20.72020721435547,-0.9968031644821167,1.946017924581156e-8,0.07989713549613953,2.3261252479755968e-8,1,4.664386210606608e-8,-0.07989713549613953,4.83532573980483e-8,-0.9968031644821167]},{"pos":[18.221839904785158,8.500006675720215,20.72020721435547,-0.9968031644821167,1.5329865377111674e-8,0.07989713549613953,1.8323737194236857e-8,1,3.6738416753223649e-8,-0.07989713549613953,3.808498050261733e-8,-0.9968031644821167]},{"pos":[18.221839904785158,8.500006675720215,20.72020721435547,-0.9968031644821167,-4.636415695813412e-9,0.07989713549613953,-5.542454495355287e-9,1,-1.1118295617507102e-8,-0.07989713549613953,-1.152557871364479e-8,-0.9968031644821167]},{"pos":[18.221839904785158,8.500006675720215,20.72020721435547,-0.9968031644821167,-2.7390106183133868e-8,0.07989713549613953,-3.27405054179053e-8,1,-6.565604593333774e-8,-0.07989713549613953,-6.806202890174973e-8,-0.9968031644821167]},{"pos":[18.221839904785158,8.500006675720215,20.72020721435547,-0.9968031644821167,-3.715270224802225e-8,0.07989713549613953,-4.440983758513539e-8,1,-8.905406900794333e-8,-0.07989713549613953,-9.231759179328947e-8,-0.9968031644821167]},{"pos":[18.221839904785158,8.500006675720215,20.72020721435547,-0.9968031644821167,-4.819517007703666e-10,0.07989713549613953,-5.759526189308417e-10,1,-1.1534785349098798e-9,-0.07989713549613953,-1.195808008169763e-9,-0.9968031644821167]},{"pos":[18.221839904785158,8.500006675720215,20.72020721435547,-0.9968031644821167,2.957513167700654e-8,0.07989713549613953,3.5352375249431137e-8,1,7.089396092396783e-8,-0.07989713549613953,7.349187569616334e-8,-0.9968031644821167]},{"pos":[18.221839904785158,8.500006675720215,20.72020721435547,-0.9968031644821167,2.8467567858569965e-8,0.07989713549613953,3.4028374784611518e-8,1,6.823802323197015e-8,-0.07989713549613953,7.073865049278538e-8,-0.9968031644821167]},{"pos":[18.221839904785158,8.500006675720215,20.72020721435547,-0.9968031644821167,1.302500596267464e-8,0.07989713549613953,1.5569199263154588e-8,1,3.1220409368870608e-8,-0.07989713549613953,3.2364532387418879e-8,-0.9968031644821167]},{"pos":[18.765562057495118,5.359028339385986,13.96395206451416,-0.9973355531692505,2.6618054427274275e-9,0.07295146584510803,3.147932137181897e-9,1,6.548723785471111e-9,-0.07295146584510803,6.760921156256927e-9,-0.9973355531692505]},{"pos":[18.530744552612306,6.824321269989014,16.87293815612793,-0.9968411922454834,-3.314344709792749e-8,0.0794234350323677,-3.952571958620865e-8,1,-7.878540486672137e-8,-0.0794234350323677,-8.167579323981045e-8,-0.9968411922454834]},{"pos":[18.221839904785158,8.49699878692627,20.72020721435547,-0.9968034029006958,2.2265014720801447e-8,0.07989713549613953,2.66045301344775e-8,1,5.324925922423063e-8,-0.07989713549613953,5.520465151676035e-8,-0.9968034029006958]},{"pos":[18.221839904785158,8.50000286102295,20.72020721435547,-0.9968034029006958,-8.681965146806192e-10,0.07989713549613953,-1.0363926383760714e-9,1,-2.0636892195113889e-9,-0.07989713549613953,-2.139896704278499e-9,-0.9968034029006958]},{"pos":[18.221839904785158,8.500006675720215,20.72020721435547,-0.9968034029006958,2.4605930626364626e-9,0.07989713549613953,2.9396929335234747e-9,1,5.878835196426735e-9,-0.07989713549613953,6.0949139069066408e-9,-0.9968034029006958]},{"pos":[18.221839904785158,8.500006675720215,20.72020721435547,-0.9968034029006958,-3.53818592202515e-8,0.07989713549613953,-4.229222128060428e-8,1,-8.479852908749308e-8,-0.07989713549613953,-8.790647143541719e-8,-0.9968034029006958]},{"pos":[18.221839904785158,8.500006675720215,20.72020721435547,-0.9968034029006958,-8.521043870501899e-10,0.07989713549613953,-1.0189726840081904e-9,1,-2.047768177249054e-9,-0.07989713549613953,-2.122634512602417e-9,-0.9968034029006958]},{"pos":[18.221839904785158,8.500006675720215,20.72020721435547,-0.9968031644821167,-2.7631372745418049e-8,0.07989712059497833,-3.302864826082441e-8,1,-6.623124448879025e-8,-0.07989712059497833,-6.86584016307279e-8,-0.9968031644821167]},{"pos":[18.221839904785158,8.500006675720215,20.72020721435547,-0.9968034029006958,2.9538274048945824e-8,0.07989713549613953,3.530831449438665e-8,1,7.080559072392134e-8,-0.07989713549613953,7.340026542124179e-8,-0.9968034029006958]},{"pos":[18.221839904785158,8.500006675720215,20.72020721435547,-0.9968034029006958,1.5902077876717159e-8,0.07989713549613953,1.900829005307969e-8,1,3.811708282341897e-8,-0.07989713549613953,3.951393168222239e-8,-0.9968034029006958]},{"pos":[18.589374542236329,6.458464622497559,16.146617889404298,-0.9969685077667236,-2.4257325037524425e-8,0.07780779898166657,-2.881903427010002e-8,1,-5.7505033623783677e-8,-0.07780779898166657,-5.9573046939931376e-8,-0.9969685077667236]},{"pos":[18.221839904785158,8.50000286102295,20.72020721435547,-0.9968034029006958,-8.142033158797801e-10,0.07989713549613953,-9.719002269648059e-10,1,-1.93486093813533e-9,-0.07989713549613953,-2.0063273264980809e-9,-0.9968034029006958]},{"pos":[18.221839904785158,8.500006675720215,20.72020721435547,-0.9968034029006958,-3.2071962863255979e-8,0.07989713549613953,-3.8336001040306658e-8,1,-7.686741554380206e-8,-0.07989713549613953,-7.968461801510785e-8,-0.9968034029006958]},{"pos":[18.221839904785158,8.500006675720215,20.72020721435547,-0.9968031644821167,-2.196239634599806e-8,0.07989712059497833,-2.625242956355578e-8,1,-5.2644065107188e-8,-0.07989712059497833,-5.4573259689050249e-8,-0.9968031644821167]},{"pos":[18.221839904785158,8.500006675720215,20.72020721435547,-0.9968034029006958,1.6915359779545726e-8,0.07989713549613953,2.0219518503949986e-8,1,4.054611224546534e-8,-0.07989713549613953,4.203197079277743e-8,-0.9968034029006958]},{"pos":[18.221839904785158,8.500006675720215,20.72020721435547,-0.9968031644821167,-2.6599559888040859e-8,0.07989712059497833,-3.179505370098923e-8,1,-6.37550883197946e-8,-0.07989712059497833,-6.609160863035868e-8,-0.9968031644821167]},{"pos":[18.221839904785158,8.500006675720215,20.72020721435547,-0.9968034029006958,9.469101946990577e-9,0.07989713549613953,1.1318801007575985e-8,1,2.2698122492670337e-8,-0.07989713549613953,2.3529898030005826e-8,-0.9968034029006958]},{"pos":[18.221839904785158,8.500006675720215,20.72020721435547,-0.9968031644821167,-1.7676125008136979e-9,0.07989712059497833,-2.1127497529249696e-9,1,-4.235234829508272e-9,-0.07989712059497833,-4.390498187234471e-9,-0.9968031644821167]},{"pos":[18.443605422973634,8.500006675720215,20.572118759155275,-0.9763177037239075,3.7767624583295859e-9,-0.2163417935371399,-2.3469272747433935e-8,1,1.2337065413703386e-7,0.2163417935371399,1.25526341321347e-7,-0.9763177037239075]},{"pos":[18.5455379486084,8.500006675720215,20.503751754760743,-0.9548175930976868,1.4689848448767862e-8,-0.29719242453575137,-1.954396822156923e-8,1,1.1221946039086106e-7,0.29719242453575137,1.1295743718164886e-7,-0.9548175930976868]},{"pos":[18.564619064331056,8.500006675720215,20.49095344543457,-0.9497551918029785,2.4140213383816446e-8,-0.3129936754703522,-5.401683544903335e-9,1,9.351783347710807e-8,0.3129936754703522,9.050974369984033e-8,-0.9497551918029785]},{"pos":[18.565658569335939,8.500006675720215,20.490253448486329,-0.9486130475997925,3.673750725852187e-8,-0.3164384365081787,1.550645833958697e-8,1,6.961188603327173e-8,0.3164384365081787,6.112790629231313e-8,-0.9486130475997925]},{"pos":[18.5656795501709,8.500006675720215,20.490238189697267,-0.9484729170799255,5.244194412057368e-8,-0.3168581426143646,4.1989032695255449e-8,1,3.9817450669943358e-8,0.3168581426143646,2.4461208170123429e-8,-0.9484729170799255]},{"pos":[18.5656795501709,8.500006675720215,20.490238189697267,-0.9484648108482361,6.185464940244856e-8,-0.31688249111175539,5.78809391527102e-8,1,2.195329606990981e-8,0.31688249111175539,2.480470939758561e-9,-0.9484648108482361]},{"pos":[18.5656795501709,8.500006675720215,20.490238189697267,-0.9484633207321167,7.439464155822862e-8,-0.31688693165779116,7.905431687049713e-8,1,-1.8476024044034035e-9,0.31688693165779116,-2.6803663288887948e-8,-0.9484633207321167]},{"pos":[18.5656795501709,8.500006675720215,20.490238189697267,-0.9484632611274719,9.318349469822351e-8,-0.3168870210647583,1.1077889183752632e-7,1,-3.750933430524128e-8,0.3168870210647583,-7.068062046755586e-8,-0.9484632611274719]},{"pos":[18.5656795501709,8.500006675720215,20.490238189697267,-0.9484632611274719,7.891897269018955e-8,-0.3168870210647583,9.801008360454944e-8,1,-4.430599531701773e-8,0.3168870210647583,-7.308073435297047e-8,-0.9484632611274719]},{"pos":[18.5656795501709,8.500006675720215,20.490238189697267,-0.9484632611274719,1.740522748150397e-8,-0.3168870210647583,2.806601528959618e-8,1,-2.9077737551119754e-8,0.3168870210647583,-3.6472922460006887e-8,-0.9484632611274719]},{"pos":[18.5656795501709,8.500006675720215,20.490238189697267,-0.9484632611274719,-3.0818307905633448e-9,-0.3168870210647583,4.771249617618878e-9,1,-2.4005986531960845e-8,0.3168870210647583,-2.4280744526095078e-8,-0.9484632611274719]},{"pos":[18.5656795501709,8.500006675720215,20.490238189697267,-0.9484632611274719,-4.4029683010649026e-8,-0.3168870210647583,-4.178842161195462e-8,1,-1.3868985071496809e-8,0.3168870210647583,8.798511225149852e-11,-0.9484632611274719]},{"pos":[18.5656795501709,8.500006675720215,20.490238189697267,-0.9484632611274719,-8.49425489946043e-8,-0.3168870210647583,-8.83083046687716e-8,1,-3.740642462446431e-9,0.3168870210647583,2.4435895085161975e-8,-0.9484632611274719]},{"pos":[18.5656795501709,8.500006675720215,20.490238189697267,-0.9484632611274719,-9.168777381773907e-8,-0.3168870210647583,-9.79893428620926e-8,1,3.94942434311929e-9,0.3168870210647583,3.479743782008882e-8,-0.9484632611274719]},{"pos":[18.5656795501709,8.500006675720215,20.490238189697267,-0.9484632611274719,-6.430914822885825e-8,-0.3168870210647583,-7.087874109856785e-8,1,9.20433418372113e-9,0.3168870210647583,3.1190527494118217e-8,-0.9484632611274719]},{"pos":[18.5656795501709,8.500006675720215,20.490238189697267,-0.9484632611274719,-3.6953920812266008e-8,-0.3168870210647583,-4.379130302822887e-8,1,1.4454750285608498e-8,0.3168870210647583,2.7586695594550293e-8,-0.9484632611274719]},{"pos":[18.5656795501709,8.500006675720215,20.490238189697267,-0.9484632611274719,-2.3285073424972326e-8,-0.3168870210647583,-3.025626682529037e-8,1,1.70782730180008e-8,0.3168870210647583,2.5785933388533523e-8,-0.9484632611274719]},{"pos":[18.5656795501709,8.500006675720215,20.490238189697267,-0.9484632611274719,3.1331925498534477e-8,-0.3168870210647583,2.382607000583903e-8,1,2.7561149806842878e-8,0.3168870210647583,1.8590567307796847e-8,-0.9484632611274719]},{"pos":[18.5656795501709,8.500006675720215,20.490238189697267,-0.9484632611274719,4.497158911931365e-8,-0.3168870210647583,3.733221376478468e-8,1,3.017906990976371e-8,0.3168870210647583,1.679364380891002e-8,-0.9484632611274719]},{"pos":[18.5656795501709,8.500006675720215,20.490238189697267,-0.9484632611274719,7.223343345685862e-8,-0.3168870210647583,6.43271889089192e-8,1,3.5411545695751559e-8,0.3168870210647583,1.3202100745957069e-8,-0.9484632611274719]},{"pos":[18.5656795501709,8.500006675720215,20.490238189697267,-0.9484632611274719,9.94719826508117e-8,-0.3168870210647583,9.129909273042358e-8,1,4.063954861521779e-8,0.3168870210647583,9.613621010373663e-9,-0.9484632611274719]},{"pos":[18.5656795501709,8.500006675720215,20.490238189697267,-0.9484632611274719,1.2668725446474128e-7,-0.3168870210647583,1.1824795365100727e-7,1,4.5863078668162419e-8,0.3168870210647583,6.0282046021598038e-9,-0.9484632611274719]},{"pos":[18.5656795501709,8.500006675720215,20.490238189697267,-0.9484632611274719,8.097349279978516e-8,-0.3168870210647583,7.648052502418068e-8,1,2.661681897109247e-8,0.3168870210647583,1.0093895719265334e-9,-0.9484632611274719]},{"pos":[18.5656795501709,8.500006675720215,20.490238189697267,-0.9484632611274719,3.529880032715482e-8,-0.3168870210647583,3.4748790511685e-8,1,7.387011446979841e-9,0.3168870210647583,-4.0051317817813018e-9,-0.9484632611274719]},{"pos":[18.5656795501709,8.500006675720215,20.490238189697267,-0.9484632611274719,1.247609215937473e-8,-0.3168870210647583,1.3896297446081008e-8,1,-2.2217272466207307e-9,0.3168870210647583,-6.510783023827571e-9,-0.9484632611274719]},{"pos":[18.5656795501709,8.500006675720215,20.490238189697267,-0.9484632611274719,-5.593352625510306e-8,-0.3168870210647583,-4.860772762071974e-8,1,-3.1023301261257077e-8,0.3168870210647583,-1.4021304117761702e-8,-0.9484632611274719]},{"pos":[18.5656795501709,8.500006675720215,20.490238189697267,-0.9484632611274719,-1.0149122431357682e-7,-0.3168870210647583,-9.023256808404767e-8,1,-5.020383397891237e-8,0.3168870210647583,-1.9022962760573138e-8,-0.9484632611274719]},{"pos":[18.5656795501709,8.500006675720215,20.490238189697267,-0.9484632611274719,-1.2425546458416648e-7,-0.3168870210647583,-1.1103165320491826e-7,1,-5.978795059036202e-8,0.3168870210647583,-2.1522186699485247e-8,-0.9484632611274719]},{"pos":[18.5656795501709,8.500006675720215,20.490238189697267,-0.9484632611274719,-7.348246811034187e-8,-0.3168870210647583,-6.646184402825384e-8,1,-3.296395689744713e-8,0.3168870210647583,-1.0204206368769065e-8,-0.9484632611274719]},{"pos":[18.5656795501709,8.500006675720215,20.490238189697267,-0.9484632611274719,-3.966995976156795e-8,-0.3168870210647583,-3.678037785448396e-8,1,-1.5100400929668468e-8,0.3168870210647583,-2.66695110440196e-9,-0.9484632611274719]},{"pos":[18.5656795501709,8.500006675720215,20.490238189697267,-0.9484632611274719,-2.2774543140258176e-8,-0.3168870210647583,-2.1949158934830849e-8,1,-6.17435080840778e-9,0.3168870210647583,1.0992591281677733e-9,-0.9484632611274719]},{"pos":[18.5656795501709,8.500006675720215,20.490238189697267,-0.9484632611274719,1.0994627430704896e-8,-0.3168870210647583,7.694264780866434e-9,1,1.1666303478818918e-8,0.3168870210647583,8.626847680659467e-9,-0.9484632611274719]},{"pos":[18.5656795501709,8.500006675720215,20.490238189697267,-0.9484632611274719,6.159427812235663e-8,-0.3168870210647583,5.211190767795415e-8,1,3.839869222588277e-8,0.3168870210647583,1.9906163828409264e-8,-0.9484632611274719]},{"pos":[18.5656795501709,8.500006675720215,20.490238189697267,-0.9484632611274719,9.529134814556528e-8,-0.3168870210647583,8.169203624674992e-8,1,5.620124454708275e-8,0.3168870210647583,2.7417668135854e-8,-0.9484632611274719]},{"pos":[18.5656795501709,8.500006675720215,20.490238189697267,-0.9484632611274719,1.1212907935487238e-7,-0.3168870210647583,9.647262544376645e-8,1,6.509681327315775e-8,0.3168870210647583,3.117101243788056e-8,-0.9484632611274719]},{"pos":[18.5656795501709,8.500006675720215,20.490238189697267,-0.9484632611274719,5.983507378459763e-8,-0.3168870210647583,5.1994074823369377e-8,1,3.3199864191146847e-8,0.3168870210647583,1.501260271652427e-8,-0.9484632611274719]},{"pos":[18.5656795501709,8.500006675720215,20.490238189697267,-0.9484632611274719,2.5009651238860898e-8,-0.3168870210647583,2.2373383146145899e-8,1,1.195795018560375e-8,0.3168870210647583,4.251841989599825e-9,-0.9484632611274719]},{"pos":[18.5656795501709,8.500006675720215,20.490238189697267,-0.9484632611274719,-4.4551935474146379e-8,-0.3168870210647583,-3.679208049334193e-8,1,-3.0471419165678529e-8,0.3168870210647583,-1.724209042208713e-8,-0.9484632611274719]},{"pos":[18.5656795501709,8.500006675720215,20.490238189697267,-0.9484632611274719,-9.664512390372693e-8,-0.3168870210647583,-8.109983440363067e-8,1,-6.224586002190336e-8,0.3168870210647583,-3.333842713004742e-8,-0.9484632611274719]},{"pos":[18.5656795501709,8.500006675720215,20.490238189697267,-0.9484632611274719,-7.881443053747717e-8,-0.3168870210647583,-6.646930472697932e-8,1,-4.9767692189561788e-8,0.3168870210647583,-2.6139570508121325e-8,-0.9484632611274719]},{"pos":[18.5656795501709,8.500006675720215,20.490238189697267,-0.9484632611274719,-4.3664247328933928e-8,-0.3168870210647583,-3.7107255934643038e-8,1,-2.6726810986588135e-8,0.3168870210647583,-1.3590590874912323e-8,-0.9484632611274719]},{"pos":[18.5656795501709,8.500006675720215,20.490238189697267,-0.9484632611274719,-8.544106755437042e-9,-0.3168870210647583,-7.770299070841702e-9,1,-3.705623363714494e-9,0.3168870210647583,-1.0523407700802068e-9,-0.9484632611274719]},{"pos":[18.5656795501709,8.500006675720215,20.490238189697267,-0.9484632611274719,9.00470720210933e-9,-0.3168870210647583,6.888776660218809e-9,1,7.797590129143828e-9,0.3168870210647583,5.21276444231944e-9,-0.9484632611274719]},{"pos":[18.5656795501709,8.500006675720215,20.490238189697267,-0.9484632611274719,6.160615839689854e-8,-0.3168870210647583,5.082842235992757e-8,1,4.227773331422213e-8,0.3168870210647583,2.399201193270528e-8,-0.9484632611274719]}],"duration":5.487752199172974}