{"a":[{"p":[-101.80509185791016,1018.7186889648438,-303.3718566894531,0.9624817967414856,0,-0.27134615182876589,0,1,0,0.27134615182876589,0,0.9624817967414856]},{"p":[-101.80509185791016,1018.7186889648438,-303.3718566894531,0.9624817967414856,0,-0.27134615182876589,0,1,0,0.27134615182876589,0,0.9624817967414856]},{"p":[-101.80509185791016,1018.7186889648438,-303.3718566894531,0.9624817967414856,0,-0.27134615182876589,0,1,0,0.27134615182876589,0,0.9624817967414856]},{"p":[-101.80509185791016,1018.7186889648438,-303.3718566894531,0.9624817967414856,0,-0.27134615182876589,0,1,0,0.27134615182876589,0,0.9624817967414856]},{"p":[-101.80509185791016,1018.7186889648438,-303.3718566894531,0.9624817967414856,0,-0.27134615182876589,0,1,0,0.27134615182876589,0,0.9624817967414856]},{"p":[-101.80509185791016,1018.7186889648438,-303.3718566894531,0.9624817967414856,0,-0.27134615182876589,0,1,0,0.27134615182876589,0,0.9624817967414856]},{"p":[-101.80509185791016,1018.7186889648438,-303.3718566894531,0.9624817967414856,0,-0.27134615182876589,0,1,0,0.27134615182876589,0,0.9624817967414856]},{"p":[-101.80509185791016,1018.7186889648438,-303.3718566894531,0.9624817967414856,0,-0.27134615182876589,0,1,0,0.27134615182876589,0,0.9624817967414856]},{"p":[-101.80509185791016,1018.7186889648438,-303.3718566894531,0.9624817967414856,0,-0.27134615182876589,0,1,0,0.27134615182876589,0,0.9624817967414856]},{"p":[-101.80509185791016,1018.7186889648438,-303.3718566894531,0.9624817967414856,0,-0.27134615182876589,0,1,0,0.27134615182876589,0,0.9624817967414856]},{"p":[-101.80509185791016,1018.7186889648438,-303.3718566894531,0.9624817967414856,0,-0.27134615182876589,0,1,0,0.27134615182876589,0,0.9624817967414856]},{"p":[-101.80509185791016,1018.7186889648438,-303.3718566894531,0.9624817967414856,0,-0.27134615182876589,0,1,0,0.27134615182876589,0,0.9624817967414856]},{"p":[-101.80509185791016,1018.7186889648438,-303.3718566894531,0.9624817967414856,0,-0.27134615182876589,0,1,0,0.27134615182876589,0,0.9624817967414856]},{"p":[-101.80509185791016,1018.7186889648438,-303.3718566894531,0.9624817967414856,0,-0.27134615182876589,0,1,0,0.27134615182876589,0,0.9624817967414856]},{"p":[-101.80509185791016,1018.7186889648438,-303.3718566894531,0.9624817967414856,0,-0.27134615182876589,0,1,0,0.27134615182876589,0,0.9624817967414856]},{"p":[-101.80509185791016,1018.7186889648438,-303.3718566894531,0.9624817967414856,0,-0.27134615182876589,0,1,0,0.27134615182876589,0,0.9624817967414856]},{"p":[-101.80509185791016,1018.7186889648438,-303.3718566894531,0.9624817967414856,0,-0.27134615182876589,0,1,0,0.27134615182876589,0,0.9624817967414856]},{"p":[-101.80509185791016,1018.7186889648438,-303.3718566894531,0.9624817967414856,0,-0.27134615182876589,0,1,0,0.27134615182876589,0,0.9624817967414856]},{"p":[-101.80509185791016,1018.7186889648438,-303.3718566894531,0.9624817967414856,0,-0.27134615182876589,0,1,0,0.27134615182876589,0,0.9624817967414856]},{"p":[-101.80509185791016,1018.7186889648438,-303.3718566894531,0.9624817967414856,0,-0.27134615182876589,0,1,0,0.27134615182876589,0,0.9624817967414856]},{"p":[-101.80509185791016,1018.7186889648438,-303.3718566894531,0.9624817967414856,0,-0.27134615182876589,0,1,0,0.27134615182876589,0,0.9624817967414856]},{"p":[-101.80509185791016,1018.7186889648438,-303.3718566894531,0.9624817967414856,0,-0.27134615182876589,0,1,0,0.27134615182876589,0,0.9624817967414856]},{"p":[-101.80509185791016,1018.7186889648438,-303.3718566894531,0.9624817967414856,0,-0.27134615182876589,0,1,0,0.27134615182876589,0,0.9624817967414856]},{"p":[-101.80509185791016,1018.7186889648438,-303.3718566894531,0.9624817967414856,0,-0.27134615182876589,0,1,0,0.27134615182876589,0,0.9624817967414856]},{"p":[-101.80509185791016,1018.7186889648438,-303.3718566894531,0.9624817967414856,0,-0.27134615182876589,0,1,0,0.27134615182876589,0,0.9624817967414856]},{"p":[-101.80509185791016,1018.7186889648438,-303.3718566894531,0.9624817967414856,0,-0.27134615182876589,0,1,0,0.27134615182876589,0,0.9624817967414856]},{"p":[-101.80509185791016,1018.7186889648438,-303.3718566894531,0.9624817967414856,0,-0.27134615182876589,0,1,0,0.27134615182876589,0,0.9624817967414856]},{"p":[-101.80509185791016,1018.7186889648438,-303.3718566894531,0.9624817967414856,0,-0.27134615182876589,0,1,0,0.27134615182876589,0,0.9624817967414856]},{"p":[-101.80509185791016,1018.7186889648438,-303.3718566894531,0.9624817967414856,0,-0.27134615182876589,0,1,0,0.27134615182876589,0,0.9624817967414856]},{"p":[-101.80509185791016,1018.7186889648438,-303.3718566894531,0.9624817967414856,0,-0.27134615182876589,0,1,0,0.27134615182876589,0,0.9624817967414856]},{"p":[-101.80509185791016,1018.7186889648438,-303.3718566894531,0.9624817967414856,0,-0.27134615182876589,0,1,0,0.27134615182876589,0,0.9624817967414856]},{"p":[-101.80509185791016,1018.7186889648438,-303.3718566894531,0.9624817967414856,0,-0.27134615182876589,0,1,0,0.27134615182876589,0,0.9624817967414856]},{"p":[-101.80509185791016,1018.7186889648438,-303.3718566894531,0.9624817967414856,0,-0.27134615182876589,0,1,0,0.27134615182876589,0,0.9624817967414856]},{"p":[-101.80509185791016,1018.7186889648438,-303.3718566894531,0.9624817967414856,0,-0.27134615182876589,0,1,0,0.27134615182876589,0,0.9624817967414856]},{"p":[-101.80509185791016,1018.7186889648438,-303.3718566894531,0.9624817967414856,0,-0.27134615182876589,0,1,0,0.27134615182876589,0,0.9624817967414856]},{"p":[-101.80509185791016,1018.7186889648438,-303.3718566894531,0.9624817967414856,0,-0.27134615182876589,0,1,0,0.27134615182876589,0,0.9624817967414856]},{"p":[-101.80509185791016,1018.7186889648438,-303.3718566894531,0.9624817967414856,0,-0.27134615182876589,0,1,0,0.27134615182876589,0,0.9624817967414856]},{"p":[-101.80509185791016,1018.7186889648438,-303.3718566894531,0.9624817967414856,0,-0.27134615182876589,0,1,0,0.27134615182876589,0,0.9624817967414856]},{"p":[-101.83377075195313,1018.7186889648438,-303.37982177734377,0.9963628649711609,0,-0.0852116271853447,0,1,0,0.0852116271853447,0,0.9963628649711609]},{"p":[-101.9171142578125,1018.7186889648438,-303.40509033203127,0.9951772093772888,0,0.09809371829032898,0,1,0,-0.09809371829032898,0,0.9951772093772888]},{"p":[-102.05020904541016,1018.7186889648438,-303.4433898925781,0.9665217399597168,0,0.25658470392227175,0,1,0,-0.25658470392227175,0,0.9665217399597168]},{"p":[-102.23218536376953,1018.7186889648438,-303.48870849609377,0.9196271300315857,0,0.3927925229072571,0,1,0,-0.3927925229072571,0,0.9196271300315857]},{"p":[-102.4574966430664,1018.7186889648438,-303.5413513183594,0.8625630140304565,0,0.5059496164321899,0,1,0,-0.5059496164321899,0,0.8625630140304565]},{"p":[-102.71415710449219,1018.7186889648438,-303.5970458984375,0.8007339835166931,0,0.5990201234817505,0,1,0,-0.5990201234817505,0,0.8007339835166931]},{"p":[-102.97464752197266,1018.7186889648438,-303.6532897949219,0.7390390038490295,0,0.6736626625061035,0,1,0,-0.6736626625061035,0,0.7390390038490295]},{"p":[-103.23613739013672,1018.7186889648438,-303.7055358886719,0.6785916090011597,0,0.7345157861709595,0,1,0,-0.7345157861709595,0,0.6785916090011597]},{"p":[-103.49879455566406,1018.7186889648438,-303.7515563964844,0.6197894811630249,0,0.7847681045532227,0,1,0,-0.7847681045532227,0,0.6197894811630249]},{"p":[-103.76197814941406,1018.7186889648438,-303.7945251464844,0.5646107792854309,0,0.8253572583198547,0,1,0,-0.8253572583198547,0,0.5646107792854309]},{"p":[-104.02538299560547,1018.7186889648438,-303.8360900878906,0.5141081809997559,0,0.8577253818511963,0,1,0,-0.8577253818511963,0,0.5141081809997559]},{"p":[-104.28919219970703,1018.7186889648438,-303.8750305175781,0.4677683115005493,0,0.8838511109352112,0,1,0,-0.8838511109352112,0,0.4677683115005493]},{"p":[-104.55335998535156,1018.7186889648438,-303.91143798828127,0.4254423677921295,0,0.9049854874610901,0,1,0,-0.9049854874610901,0,0.4254423677921295]},{"p":[-104.8178482055664,1018.7186889648438,-303.9454040527344,0.3869398832321167,0,0.9221049547195435,0,1,0,-0.9221049547195435,0,0.3869398832321167]},{"p":[-105.08258819580078,1018.7186889648438,-303.9774475097656,0.35215306282043459,0,0.9359424114227295,0,1,0,-0.9359424114227295,0,0.35215306282043459]},{"p":[-105.34751892089844,1018.7186889648438,-304.0078125,0.32086142897605898,0,0.9471261501312256,0,1,0,-0.9471261501312256,0,0.32086142897605898]},{"p":[-105.61264038085938,1018.7186889648438,-304.03643798828127,0.2926695942878723,0,0.956213653087616,0,1,0,-0.956213653087616,0,0.2926695942878723]},{"p":[-105.87786865234375,1018.7186889648438,-304.0640869140625,0.2675907611846924,0,0.9635326266288757,0,1,0,-0.9635326266288757,0,0.2675907611846924]},{"p":[-106.1431655883789,1018.7186889648438,-304.0910949707031,0.24542897939682008,0,0.9694145917892456,0,1,0,-0.9694145917892456,0,0.24542897939682008]},{"p":[-106.40852355957031,1018.7186889648438,-304.11749267578127,0.2258611023426056,0,0.9741595387458801,0,1,0,-0.9741595387458801,0,0.2258611023426056]},{"p":[-106.67388916015625,1018.7186889648438,-304.143798828125,0.2088261991739273,0,0.977952778339386,0,1,0,-0.977952778339386,0,0.2088261991739273]},{"p":[-106.9393310546875,1018.7186889648438,-304.1693115234375,0.19365142285823823,0,0.9810703992843628,0,1,0,-0.9810703992843628,0,0.19365142285823823]},{"p":[-107.20480346679688,1018.7186889648438,-304.1944885253906,0.18031777441501618,0,0.9836084246635437,0,1,0,-0.9836084246635437,0,0.18031777441501618]},{"p":[-107.47027587890625,1018.7186889648438,-304.2196350097656,0.16874459385871888,0,0.9856598377227783,0,1,0,-0.9856598377227783,0,0.16874459385871888]},{"p":[-107.73574829101563,1018.7186889648438,-304.2447814941406,0.15871824324131013,0,0.9873239398002625,0,1,0,-0.9873239398002625,0,0.15871824324131013]},{"p":[-108.001220703125,1018.7186889648438,-304.2699279785156,0.15003567934036256,0,0.9886806011199951,0,1,0,-0.9886806011199951,0,0.15003567934036256]},{"p":[-108.2663803100586,1018.7186889648438,-304.2981872558594,0.14403359591960908,0,0.9895728230476379,0,1,0,-0.9895728230476379,0,0.14403359591960908]},{"p":[-108.5315170288086,1018.7186889648438,-304.3266906738281,0.13902054727077485,0,0.9902895092964172,0,1,0,-0.9902895092964172,0,0.13902054727077485]},{"p":[-108.79650115966797,1018.7186889648438,-304.35662841796877,0.13537238538265229,0,0.9907947778701782,0,1,0,-0.9907947778701782,0,0.13537238538265229]},{"p":[-109.06108856201172,1018.7186889648438,-304.3898620605469,0.13385500013828278,0,0.9910009503364563,0,1,0,-0.9910009503364563,0,0.13385500013828278]},{"p":[-109.32564544677735,1018.7186889648438,-304.4233703613281,0.132732093334198,0,0.9911519289016724,0,1,0,-0.9911519289016724,0,0.132732093334198]},{"p":[-109.58997344970703,1018.7186889648438,-304.4586486816406,0.13264264166355134,0,0.9911639094352722,0,1,0,-0.9911639094352722,0,0.13264264166355134]},{"p":[-109.85375213623047,1018.7186889648438,-304.4977722167969,0.13447663187980653,0,0.9909167885780335,0,1,0,-0.9909167885780335,0,0.13447663187980653]},{"p":[-110.11711883544922,1018.7186889648438,-304.5395812988281,0.13745607435703278,0,0.9905078411102295,0,1,0,-0.9905078411102295,0,0.13745607435703278]},{"p":[-110.38005828857422,1018.7186889648438,-304.5840148925781,0.14136436581611634,0,0.9899576306343079,0,1,0,-0.9899576306343079,0,0.14136436581611634]},{"p":[-110.64253997802735,1018.7186889648438,-304.63104248046877,0.14607299864292146,0,0.9892737865447998,0,1,0,-0.9892737865447998,0,0.14607299864292146]},{"p":[-110.9047622680664,1018.7186889648438,-304.6795349121094,0.15090155601501466,0,0.9885488152503967,0,1,0,-0.9885488152503967,0,0.15090155601501466]},{"p":[-111.1669692993164,1018.7186889648438,-304.7281188964844,0.15515299141407014,0,0.9878904819488525,0,1,0,-0.9878904819488525,0,0.15515299141407014]},{"p":[-111.4291763305664,1018.7186889648438,-304.7767028808594,0.15883004665374757,0,0.9873059391975403,0,1,0,-0.9873059391975403,0,0.15883004665374757]},{"p":[-111.6913833618164,1018.7186889648438,-304.8252868652344,0.16200777888298036,0,0.9867894649505615,0,1,0,-0.9867894649505615,0,0.16200777888298036]},{"p":[-111.9535903930664,1018.7186889648438,-304.8738708496094,0.16475404798984528,0,0.9863346815109253,0,1,0,-0.9863346815109253,0,0.16475404798984528]},{"p":[-112.2157974243164,1018.7186889648438,-304.9224548339844,0.1671275645494461,0,0.9859352707862854,0,1,0,-0.9859352707862854,0,0.1671275645494461]},{"p":[-112.4780044555664,1018.7186889648438,-304.9710388183594,0.1691790372133255,0,0.9855853319168091,0,1,0,-0.9855853319168091,0,0.1691790372133255]},{"p":[-112.7402114868164,1018.7186889648438,-305.0196228027344,0.17095224559307099,0,0.9852793216705322,0,1,0,-0.9852793216705322,0,0.17095224559307099]},{"p":[-113.0024185180664,1018.7186889648438,-305.0682067871094,0.17248499393463136,0,0.9850121736526489,0,1,0,-0.9850121736526489,0,0.17248499393463136]},{"p":[-113.2646255493164,1018.7186889648438,-305.1167907714844,0.1738099306821823,0,0.9847792387008667,0,1,0,-0.9847792387008667,0,0.1738099306821823]},{"p":[-113.52657318115235,1018.7186889648438,-305.166748046875,0.17562296986579896,0,0.9844574928283691,0,1,0,-0.9844574928283691,0,0.17562296986579896]},{"p":[-113.6367416381836,1018.7186889648438,-305.18780517578127,0.17580243945121766,0,0.9844254851341248,0,1,0,-0.9844254851341248,0,0.17580243945121766]},{"p":[-113.64151763916016,1018.7186889648438,-305.188720703125,0.175807386636734,0,0.9844245910644531,0,1,0,-0.9844245910644531,0,0.175807386636734]},{"p":[-113.64161682128906,1018.7186889648438,-305.1887512207031,0.17580752074718476,0,0.9844245314598084,0,1,0,-0.9844245314598084,0,0.17580752074718476]},{"p":[-113.64161682128906,1018.7186889648438,-305.1887512207031,0.17580753564834596,0,0.9844245314598084,0,1,0,-0.9844245314598084,0,0.17580753564834596]},{"p":[-113.64161682128906,1018.7186889648438,-305.1887512207031,0.17580753564834596,0,0.9844245314598084,0,1,0,-0.9844245314598084,0,0.17580753564834596]},{"p":[-113.64161682128906,1018.7186889648438,-305.1887512207031,0.17580753564834596,0,0.9844245314598084,0,1,0,-0.9844245314598084,0,0.17580753564834596]},{"p":[-113.64161682128906,1018.7186889648438,-305.1887512207031,0.17580753564834596,0,0.9844245314598084,0,1,0,-0.9844245314598084,0,0.17580753564834596]},{"p":[-113.64161682128906,1018.7186889648438,-305.1887512207031,0.17580753564834596,0,0.9844245314598084,0,1,0,-0.9844245314598084,0,0.17580753564834596]},{"p":[-113.64161682128906,1018.7186889648438,-305.1887512207031,0.17580753564834596,0,0.9844245314598084,0,1,0,-0.9844245314598084,0,0.17580753564834596]},{"p":[-113.64161682128906,1018.7186889648438,-305.1887512207031,0.17580753564834596,0,0.9844245314598084,0,1,0,-0.9844245314598084,0,0.17580753564834596]},{"p":[-113.64161682128906,1018.7186889648438,-305.1887512207031,0.17580753564834596,0,0.9844245314598084,0,1,0,-0.9844245314598084,0,0.17580753564834596]},{"p":[-113.64161682128906,1018.7186889648438,-305.1887512207031,0.17580753564834596,0,0.9844245314598084,0,1,0,-0.9844245314598084,0,0.17580753564834596]},{"p":[-113.64161682128906,1018.7186889648438,-305.1887512207031,0.17580753564834596,0,0.9844245314598084,0,1,0,-0.9844245314598084,0,0.17580753564834596]},{"p":[-113.64161682128906,1018.7186889648438,-305.1887512207031,0.17580753564834596,0,0.9844245314598084,0,1,0,-0.9844245314598084,0,0.17580753564834596]},{"p":[-113.64161682128906,1018.7186889648438,-305.1887512207031,0.17580753564834596,0,0.9844245314598084,0,1,0,-0.9844245314598084,0,0.17580753564834596]},{"p":[-113.64161682128906,1018.7186889648438,-305.1887512207031,0.17580753564834596,0,0.9844245314598084,0,1,0,-0.9844245314598084,0,0.17580753564834596]},{"p":[-113.64161682128906,1018.7186889648438,-305.1887512207031,0.17580753564834596,0,0.9844245314598084,0,1,0,-0.9844245314598084,0,0.17580753564834596]},{"p":[-113.64161682128906,1018.7186889648438,-305.1887512207031,0.17580753564834596,0,0.9844245314598084,0,1,0,-0.9844245314598084,0,0.17580753564834596]},{"p":[-113.68882751464844,1018.7186889648438,-305.1298828125,0.04773583635687828,0,0.9988600015640259,0,1,0,-0.9988600015640259,0,0.04773583635687828]},{"p":[-113.81946563720703,1018.7186889648438,-304.95672607421877,-0.08296328783035279,0,0.996552586555481,0,1,0,-0.996552586555481,0,-0.08296328783035279]},{"p":[-113.97828674316406,1018.7186889648438,-304.744140625,-0.19624431431293488,0,0.9805550575256348,0,1,0,-0.9805550575256348,0,-0.19624431431293488]},{"p":[-114.1378402709961,1018.7186889648438,-304.5304870605469,-0.29224786162376406,0,0.9563425779342651,0,1,0,-0.9563425779342651,0,-0.29224786162376406]},{"p":[-114.30313110351563,1018.7186889648438,-304.32122802734377,-0.36969175934791567,0,0.9291544556617737,0,1,0,-0.9291544556617737,0,-0.36969175934791567]},{"p":[-114.46985626220703,1018.7186889648438,-304.11309814453127,-0.433748722076416,0,0.901033878326416,0,1,0,-0.901033878326416,0,-0.433748722076416]},{"p":[-114.71913146972656,1018.7186889648438,-303.80029296875,-0.5136398673057556,0,0.8580058813095093,0,1,0,-0.8580058813095093,0,-0.5136398673057556]},{"p":[-114.80128479003906,1018.7186889648438,-303.6952819824219,-0.5353327989578247,0,0.8446412086486816,0,1,0,-0.8446412086486816,0,-0.5353327989578247]},{"p":[-114.96265411376953,1018.7186889648438,-303.48297119140627,-0.5751787424087524,0,0.8180277347564697,0,1,0,-0.8180277347564697,0,-0.5751787424087524]},{"p":[-115.20051574707031,1018.7186889648438,-303.161376953125,-0.6269466876983643,0,0.7790621519088745,0,1,0,-0.7790621519088745,0,-0.6269466876983643]},{"p":[-115.3576431274414,1018.7186889648438,-302.9459228515625,-0.6544899344444275,0,0.7560707330703735,0,1,0,-0.7560707330703735,0,-0.6544899344444275]},{"p":[-115.51372528076172,1018.7186889648438,-302.7297058105469,-0.6779034733772278,0,0.735150933265686,0,1,0,-0.735150933265686,0,-0.6779034733772278]},{"p":[-115.59183502197266,1018.7186889648438,-302.62164306640627,-0.6879007816314697,0,0.7258046865463257,0,1,0,-0.7258046865463257,0,-0.6879007816314697]},{"p":[-115.7475814819336,1018.7186889648438,-302.4051818847656,-0.7060860991477966,0,0.7081260085105896,0,1,0,-0.7081260085105896,0,-0.7060860991477966]},{"p":[-115.90365600585938,1018.7186889648438,-302.18896484375,-0.7214090824127197,0,0.6925091743469238,0,1,0,-0.6925091743469238,0,-0.7214090824127197]},{"p":[-116.13832092285156,1018.7186889648438,-301.8650207519531,-0.7404433488845825,0,0.6721187829971314,0,1,0,-0.6721187829971314,0,-0.7404433488845825]},{"p":[-116.21701049804688,1018.7186889648438,-301.75738525390627,-0.745376467704773,0,0.6666437387466431,0,1,0,-0.6666437387466431,0,-0.745376467704773]},{"p":[-116.37576293945313,1018.7186889648438,-301.5431213378906,-0.7536114454269409,0,0.6573201417922974,0,1,0,-0.6573201417922974,0,-0.7536114454269409]},{"p":[-116.61528778076172,1018.7186889648438,-301.2227478027344,-0.7635314464569092,0,0.6457706689834595,0,1,0,-0.6457706689834595,0,-0.7635314464569092]},{"p":[-116.66429901123047,1018.7186889648438,-301.1572265625,-0.7640684843063355,0,0.6451351046562195,0,1,0,-0.6451351046562195,0,-0.7640684843063355]},{"p":[-116.68502044677735,1018.7186889648438,-301.1295166015625,-0.7641725540161133,0,0.645011842250824,0,1,0,-0.645011842250824,0,-0.7641725540161133]},{"p":[-116.68543243408203,1018.7186889648438,-301.12896728515627,-0.7641754746437073,0,0.6450084447860718,0,1,0,-0.6450084447860718,0,-0.7641754746437073]},{"p":[-116.68544006347656,1018.7186889648438,-301.12896728515627,-0.764175534248352,0,0.6450083255767822,0,1,0,-0.6450083255767822,0,-0.764175534248352]},{"p":[-116.68544006347656,1018.7186889648438,-301.12896728515627,-0.764175534248352,0,0.6450083255767822,0,1,0,-0.6450083255767822,0,-0.764175534248352]},{"p":[-116.68544006347656,1018.7186889648438,-301.12896728515627,-0.764175534248352,0,0.6450083255767822,0,1,0,-0.6450083255767822,0,-0.764175534248352]},{"p":[-116.68544006347656,1018.7186889648438,-301.12896728515627,-0.764175534248352,0,0.6450083255767822,0,1,0,-0.6450083255767822,0,-0.764175534248352]},{"p":[-116.68544006347656,1018.7186889648438,-301.12896728515627,-0.764175534248352,0,0.6450083255767822,0,1,0,-0.6450083255767822,0,-0.764175534248352]},{"p":[-116.68544006347656,1018.7186889648438,-301.12896728515627,-0.764175534248352,0,0.6450083255767822,0,1,0,-0.6450083255767822,0,-0.764175534248352]},{"p":[-116.68544006347656,1018.7186889648438,-301.12896728515627,-0.764175534248352,0,0.6450083255767822,0,1,0,-0.6450083255767822,0,-0.764175534248352]},{"p":[-116.68544006347656,1018.7186889648438,-301.12896728515627,-0.764175534248352,0,0.6450083255767822,0,1,0,-0.6450083255767822,0,-0.764175534248352]},{"p":[-116.68544006347656,1018.7186889648438,-301.12896728515627,-0.764175534248352,0,0.6450083255767822,0,1,0,-0.6450083255767822,0,-0.764175534248352]},{"p":[-116.68544006347656,1018.7186889648438,-301.12896728515627,-0.764175534248352,0,0.6450083255767822,0,1,0,-0.6450083255767822,0,-0.764175534248352]},{"p":[-116.68544006347656,1018.7186889648438,-301.12896728515627,-0.764175534248352,0,0.6450083255767822,0,1,0,-0.6450083255767822,0,-0.764175534248352]},{"p":[-116.68544006347656,1018.7186889648438,-301.12896728515627,-0.764175534248352,0,0.6450083255767822,0,1,0,-0.6450083255767822,0,-0.764175534248352]},{"p":[-116.68544006347656,1018.7186889648438,-301.12896728515627,-0.764175534248352,0,0.6450083255767822,0,1,0,-0.6450083255767822,0,-0.764175534248352]},{"p":[-116.68544006347656,1018.7186889648438,-301.12896728515627,-0.764175534248352,0,0.6450083255767822,0,1,0,-0.6450083255767822,0,-0.764175534248352]},{"p":[-116.68544006347656,1018.7186889648438,-301.12896728515627,-0.764175534248352,0,0.6450083255767822,0,1,0,-0.6450083255767822,0,-0.764175534248352]},{"p":[-116.68544006347656,1018.7186889648438,-301.12896728515627,-0.764175534248352,0,0.6450083255767822,0,1,0,-0.6450083255767822,0,-0.764175534248352]},{"p":[-116.68544006347656,1018.7186889648438,-301.12896728515627,-0.764175534248352,0,0.6450083255767822,0,1,0,-0.6450083255767822,0,-0.764175534248352]},{"p":[-116.68544006347656,1018.7186889648438,-301.12896728515627,-0.764175534248352,0,0.6450083255767822,0,1,0,-0.6450083255767822,0,-0.764175534248352]},{"p":[-116.68544006347656,1018.7186889648438,-301.12896728515627,-0.764175534248352,0,0.6450083255767822,0,1,0,-0.6450083255767822,0,-0.764175534248352]},{"p":[-116.68544006347656,1018.7186889648438,-301.12896728515627,-0.764175534248352,0,0.6450083255767822,0,1,0,-0.6450083255767822,0,-0.764175534248352]},{"p":[-116.68544006347656,1018.7186889648438,-301.12896728515627,-0.764175534248352,0,0.6450083255767822,0,1,0,-0.6450083255767822,0,-0.764175534248352]},{"p":[-116.68544006347656,1018.7186889648438,-301.12896728515627,-0.764175534248352,0,0.6450083255767822,0,1,0,-0.6450083255767822,0,-0.764175534248352]},{"p":[-116.68544006347656,1018.7186889648438,-301.12896728515627,-0.764175534248352,0,0.6450083255767822,0,1,0,-0.6450083255767822,0,-0.764175534248352]},{"p":[-116.68544006347656,1018.7186889648438,-301.12896728515627,-0.764175534248352,0,0.6450083255767822,0,1,0,-0.6450083255767822,0,-0.764175534248352]},{"p":[-116.68544006347656,1018.7186889648438,-301.12896728515627,-0.764175534248352,0,0.6450083255767822,0,1,0,-0.6450083255767822,0,-0.764175534248352]},{"p":[-116.68544006347656,1018.7186889648438,-301.12896728515627,-0.764175534248352,0,0.6450083255767822,0,1,0,-0.6450083255767822,0,-0.764175534248352]},{"p":[-116.68544006347656,1018.7186889648438,-301.12896728515627,-0.764175534248352,0,0.6450083255767822,0,1,0,-0.6450083255767822,0,-0.764175534248352]},{"p":[-116.68544006347656,1018.7186889648438,-301.12896728515627,-0.764175534248352,0,0.6450083255767822,0,1,0,-0.6450083255767822,0,-0.764175534248352]},{"p":[-116.68544006347656,1018.7186889648438,-301.12896728515627,-0.764175534248352,0,0.6450083255767822,0,1,0,-0.6450083255767822,0,-0.764175534248352]},{"p":[-116.68544006347656,1018.7186889648438,-301.12896728515627,-0.764175534248352,0,0.6450083255767822,0,1,0,-0.6450083255767822,0,-0.764175534248352]},{"p":[-116.68544006347656,1018.7186889648438,-301.12896728515627,-0.764175534248352,0,0.6450083255767822,0,1,0,-0.6450083255767822,0,-0.764175534248352]},{"p":[-116.68544006347656,1018.7186889648438,-301.12896728515627,-0.764175534248352,0,0.6450083255767822,0,1,0,-0.6450083255767822,0,-0.764175534248352]},{"p":[-116.68544006347656,1018.7186889648438,-301.12896728515627,-0.764175534248352,0,0.6450083255767822,0,1,0,-0.6450083255767822,0,-0.764175534248352]},{"p":[-116.68544006347656,1018.7186889648438,-301.12896728515627,-0.764175534248352,0,0.6450083255767822,0,1,0,-0.6450083255767822,0,-0.764175534248352]},{"p":[-116.68544006347656,1018.7186889648438,-301.12896728515627,-0.764175534248352,0,0.6450083255767822,0,1,0,-0.6450083255767822,0,-0.764175534248352]},{"p":[-116.68544006347656,1018.7186889648438,-301.12896728515627,-0.764175534248352,0,0.6450083255767822,0,1,0,-0.6450083255767822,0,-0.764175534248352]},{"p":[-116.68544006347656,1018.7186889648438,-301.12896728515627,-0.764175534248352,0,0.6450083255767822,0,1,0,-0.6450083255767822,0,-0.764175534248352]},{"p":[-116.68544006347656,1018.7186889648438,-301.12896728515627,-0.764175534248352,0,0.6450083255767822,0,1,0,-0.6450083255767822,0,-0.764175534248352]},{"p":[-116.68544006347656,1018.7186889648438,-301.12896728515627,-0.764175534248352,0,0.6450083255767822,0,1,0,-0.6450083255767822,0,-0.764175534248352]},{"p":[-116.68544006347656,1018.7186889648438,-301.12896728515627,-0.764175534248352,0,0.6450083255767822,0,1,0,-0.6450083255767822,0,-0.764175534248352]},{"p":[-116.68544006347656,1018.7186889648438,-301.12896728515627,-0.764175534248352,0,0.6450083255767822,0,1,0,-0.6450083255767822,0,-0.764175534248352]},{"p":[-116.68544006347656,1018.7186889648438,-301.12896728515627,-0.764175534248352,0,0.6450083255767822,0,1,0,-0.6450083255767822,0,-0.764175534248352]},{"p":[-116.68544006347656,1018.7186889648438,-301.12896728515627,-0.764175534248352,0,0.6450083255767822,0,1,0,-0.6450083255767822,0,-0.764175534248352]},{"p":[-116.68544006347656,1018.7186889648438,-301.12896728515627,-0.764175534248352,0,0.6450083255767822,0,1,0,-0.6450083255767822,0,-0.764175534248352]},{"p":[-116.68544006347656,1018.7186889648438,-301.12896728515627,-0.764175534248352,0,0.6450083255767822,0,1,0,-0.6450083255767822,0,-0.764175534248352]},{"p":[-116.68544006347656,1018.7186889648438,-301.12896728515627,-0.764175534248352,0,0.6450083255767822,0,1,0,-0.6450083255767822,0,-0.764175534248352]},{"p":[-116.68544006347656,1018.7186889648438,-301.12896728515627,-0.764175534248352,0,0.6450083255767822,0,1,0,-0.6450083255767822,0,-0.764175534248352]},{"p":[-116.68544006347656,1018.7186889648438,-301.12896728515627,-0.764175534248352,0,0.6450083255767822,0,1,0,-0.6450083255767822,0,-0.764175534248352]},{"p":[-116.68544006347656,1018.7186889648438,-301.12896728515627,-0.764175534248352,0,0.6450083255767822,0,1,0,-0.6450083255767822,0,-0.764175534248352]},{"p":[-116.68544006347656,1018.7186889648438,-301.12896728515627,-0.764175534248352,0,0.6450083255767822,0,1,0,-0.6450083255767822,0,-0.764175534248352]},{"p":[-116.68544006347656,1018.7186889648438,-301.12896728515627,-0.764175534248352,0,0.6450083255767822,0,1,0,-0.6450083255767822,0,-0.764175534248352]},{"p":[-116.68544006347656,1018.7186889648438,-301.12896728515627,-0.764175534248352,0,0.6450083255767822,0,1,0,-0.6450083255767822,0,-0.764175534248352]},{"p":[-116.68544006347656,1018.7186889648438,-301.12896728515627,-0.764175534248352,0,0.6450083255767822,0,1,0,-0.6450083255767822,0,-0.764175534248352]},{"p":[-116.68544006347656,1018.7186889648438,-301.12896728515627,-0.764175534248352,0,0.6450083255767822,0,1,0,-0.6450083255767822,0,-0.764175534248352]},{"p":[-116.68544006347656,1018.7186889648438,-301.12896728515627,-0.764175534248352,0,0.6450083255767822,0,1,0,-0.6450083255767822,0,-0.764175534248352]},{"p":[-116.68544006347656,1018.7186889648438,-301.12896728515627,-0.764175534248352,0,0.6450083255767822,0,1,0,-0.6450083255767822,0,-0.764175534248352]},{"p":[-116.68544006347656,1018.7186889648438,-301.12896728515627,-0.764175534248352,0,0.6450083255767822,0,1,0,-0.6450083255767822,0,-0.764175534248352]}],"d":3.0402626991271974}