{"data":[{"type":"position","time":0.00787806510925293,"pos":[-203.83993530273438,2.5081872940063478,-138.1463623046875,-0.961102306842804,7.579331828821978e-9,-0.2761925458908081,-2.565109014085465e-9,1,3.6368337674730358e-8,0.2761925458908081,3.566215767136782e-8,-0.961102306842804]},{"type":"position","time":0.022002458572387697,"pos":[-203.83993530273438,2.5081872940063478,-138.1463623046875,-0.961102306842804,1.2546190752971143e-8,-0.2761925458908081,-4.24607993210202e-9,1,6.020114540206123e-8,0.2761925458908081,5.90321960203255e-8,-0.961102306842804]},{"type":"position","time":0.03557610511779785,"pos":[-203.83993530273438,2.5081872940063478,-138.1463623046875,-0.961102306842804,1.7509865557485683e-8,-0.2761925458908081,-5.92597171333864e-9,1,8.401867290785958e-8,0.2761925458908081,8.238725257569968e-8,-0.961102306842804]},{"type":"position","time":0.05423450469970703,"pos":[-203.83993530273438,2.5081872940063478,-138.1463623046875,-0.961102306842804,2.215529448790221e-8,-0.2761925458908081,-7.498155873975066e-9,1,1.0630913038767176e-7,0.2761925458908081,1.0424489005345095e-7,-0.961102306842804]},{"type":"position","time":0.06904864311218262,"pos":[-203.83993530273438,2.5081872940063478,-138.1463623046875,-0.961102306842804,1.4288068506118634e-8,-0.2761925458908081,-4.835600364572201e-9,1,6.85593235516535e-8,0.2761925458908081,6.722808620907017e-8,-0.961102306842804]},{"type":"position","time":0.0882711410522461,"pos":[-203.83993530273438,2.5081872940063478,-138.1463623046875,-0.961102306842804,6.427564702704558e-9,-0.2761925458908081,-2.1753183698791646e-9,1,3.084177535583876e-8,0.2761925458908081,3.024290862185808e-8,-0.961102306842804]},{"type":"position","time":0.10423970222473145,"pos":[-203.83993530273438,2.5081872940063478,-138.1463623046875,-0.961102306842804,-1.4262205860759992e-9,-0.2761925458908081,4.826929966839089e-10,1,-6.843551503266099e-9,0.2761925458908081,-6.710669353537924e-9,-0.961102306842804]},{"type":"position","time":0.11840653419494629,"pos":[-203.83993530273438,2.5081872940063478,-138.1463623046875,-0.961102306842804,-7.312154437499885e-9,-0.2761925458908081,2.4747124349744355e-9,1,-3.508641555072245e-8,0.2761925458908081,-3.440513296482095e-8,-0.961102306842804]},{"type":"position","time":0.13566899299621583,"pos":[-203.83993530273438,2.5081872940063478,-138.1463623046875,-0.961102306842804,-1.7113661598955333e-8,-0.2761925458908081,5.791910062669103e-9,1,-8.21176371346155e-8,0.2761925458908081,-8.052312949757834e-8,-0.961102306842804]},{"type":"position","time":0.15758347511291505,"pos":[-203.83993530273438,2.5081872940063478,-138.1463623046875,-0.961102306842804,-2.1337541511456949e-8,-0.2761925458908081,7.221431008730406e-9,1,-1.0238536418682998e-7,0.2761925458908081,-1.0039731535016472e-7,-0.961102306842804]},{"type":"position","time":0.17200970649719239,"pos":[-203.83993530273438,2.5081872940063478,-138.1463623046875,-0.961102306842804,-1.4733076980633087e-8,-0.2761925458908081,4.986233648196503e-9,1,-7.069472474086069e-8,0.2761925458908081,-6.932202722964576e-8,-0.961102306842804]},{"type":"position","time":0.18883681297302247,"pos":[-203.83993530273438,2.5081872940063478,-138.1463623046875,-0.961102306842804,-8.13425504730958e-9,-0.2761925458908081,2.7529489798894248e-9,1,-3.9031178289405946e-8,0.2761925458908081,-3.8273299196589508e-8,-0.961102306842804]},{"type":"position","time":0.20089316368103028,"pos":[-203.83993530273438,2.5081872940063478,-138.1463623046875,-0.961102306842804,-1.5410713816166322e-9,-0.2761925458908081,5.215746168296675e-10,1,-7.394688861239729e-9,0.2761925458908081,-7.251107270178636e-9,-0.961102306842804]},{"type":"position","time":0.21646547317504884,"pos":[-203.83993530273438,2.5081872940063478,-138.1463623046875,-0.961102306842804,3.4001192972255014e-9,-0.2761925458908081,-1.1507030883706194e-9,1,1.6314931627903208e-8,0.2761925458908081,1.5998134372807727e-8,-0.961102306842804]},{"type":"position","time":0.23262333869934083,"pos":[-203.83993530273438,2.5081872940063478,-138.1463623046875,-0.961102306842804,9.983447846195759e-9,-0.2761925458908081,-3.3787375119942455e-9,1,4.790411622934698e-8,0.2761925458908081,4.6973941181249759e-8,-0.961102306842804]},{"type":"position","time":0.2526359558105469,"pos":[-203.83993530273438,2.5081872940063478,-138.1463623046875,-0.961102306842804,1.6561152449412476e-8,-0.2761925458908081,-5.6048672369968248e-9,1,7.946631086497291e-8,0.2761925458908081,7.79232749437142e-8,-0.961102306842804]},{"type":"position","time":0.2677321434020996,"pos":[-203.83993530273438,2.5081872940063478,-138.1463623046875,-0.961102306842804,2.313323577141091e-8,-0.2761925458908081,-7.829090264976913e-9,1,1.1100151908749467e-7,0.2761925458908081,1.0884615164741263e-7,-0.961102306842804]},{"type":"position","time":0.28487539291381838,"pos":[-203.83993530273438,2.5081872940063478,-138.1463623046875,-0.961102306842804,1.861670462233178e-8,-0.2761925458908081,-6.300540533743515e-9,1,8.932959616458902e-8,0.2761925458908081,8.759504055433354e-8,-0.961102306842804]},{"type":"position","time":0.3005993366241455,"pos":[-203.83993530273438,2.5081872940063478,-138.1463623046875,-0.961102306842804,1.0411275397359532e-8,-0.2761925458908081,-3.523542568828475e-9,1,4.995703406507346e-8,0.2761925458908081,4.898699756950009e-8,-0.961102306842804]},{"type":"position","time":0.3167762756347656,"pos":[-203.83993530273438,2.5081872940063478,-138.1463623046875,-0.961102306842804,2.2128570087431855e-9,-0.2761925458908081,-7.489173725616638e-10,1,1.0618110835025618e-8,0.2761925458908081,1.0411936202103789e-8,-0.961102306842804]},{"type":"position","time":0.3361663818359375,"pos":[-203.83993530273438,2.5081872940063478,-138.1463623046875,-0.961102306842804,-5.9785580930338259e-9,-0.2761925458908081,2.023336609369153e-9,1,-2.868720194726393e-8,0.2761925458908081,-2.813016664049428e-8,-0.961102306842804]},{"type":"position","time":0.35358142852783205,"pos":[-203.83993530273438,2.5081872940063478,-138.1463623046875,-0.961102306842804,-1.6207986064387115e-8,-0.2761925458908081,5.4853215303296569e-9,1,-7.777161670219357e-8,0.2761925458908081,-7.626148601502791e-8,-0.961102306842804]},{"type":"position","time":0.3716549873352051,"pos":[-203.83993530273438,2.5081872940063478,-138.1463623046875,-0.961102306842804,-2.438366308865625e-8,-0.2761925458908081,8.252247774009902e-9,1,-1.1700140589709918e-7,0.2761925458908081,-1.1472953076463455e-7,-0.961102306842804]},{"type":"position","time":0.3858046531677246,"pos":[-203.83993530273438,2.5081872940063478,-138.1463623046875,-0.961102306842804,-1.729863363664208e-8,-0.2761925458908081,5.854439155683622e-9,1,-8.3004948692178e-8,0.2761925458908081,-8.13932032883713e-8,-0.961102306842804]},{"type":"position","time":0.39938831329345705,"pos":[-203.83993530273438,2.5081872940063478,-138.1463623046875,-0.961102306842804,-1.1988834813791982e-8,-0.2761925458908081,4.057429059400874e-9,1,-5.752667320280125e-8,0.2761925458908081,-5.6409653836908549e-8,-0.961102306842804]},{"type":"position","time":0.4173598289489746,"pos":[-203.83993530273438,2.5081872940063478,-138.1463623046875,-0.961102306842804,-4.9143960012543179e-9,-0.2761925458908081,1.6632064614441334e-9,1,-2.3581039343412159e-8,0.2761925458908081,-2.3123156722704153e-8,-0.961102306842804]},{"type":"position","time":0.43395137786865237,"pos":[-203.83993530273438,2.5081872940063478,-138.1463623046875,-0.961102306842804,2.1539989791818927e-9,-0.2761925458908081,-7.289699954782236e-10,1,1.0335592826038465e-8,0.2761925458908081,1.0134898253966185e-8,-0.961102306842804]},{"type":"position","time":0.4537649154663086,"pos":[-203.83993530273438,2.5081872940063478,-138.1463623046875,-0.961102306842804,1.0981000109211437e-8,-0.2761925458908081,-3.7163150334862395e-9,1,5.2690630525376039e-8,0.2761925458908081,5.166750582930035e-8,-0.961102306842804]},{"type":"position","time":0.4837615489959717,"pos":[-203.83993530273438,2.5081872940063478,-138.1463623046875,-0.961102306842804,1.9798575223717309e-8,-0.2761925458908081,-6.700469512566087e-9,1,9.500043063326302e-8,0.2761925458908081,9.315575510981944e-8,-0.961102306842804]},{"type":"position","time":0.501885175704956,"pos":[-203.83993530273438,2.5081872940063478,-138.1463623046875,-0.961102306842804,1.9022195374418517e-8,-0.2761925458908081,-6.437722799290668e-9,1,9.127511191309168e-8,0.2761925458908081,8.950276964014847e-8,-0.961102306842804]},{"type":"position","time":0.5220346450805664,"pos":[-203.83993530273438,2.5081872940063478,-138.1463623046875,-0.961102306842804,8.926817507415308e-9,-0.2761925458908081,-3.021130234870384e-9,1,4.2834003011194e-8,0.2761925458908081,4.2002273659136338e-8,-0.961102306842804]},{"type":"position","time":0.5392360687255859,"pos":[-203.83993530273438,2.5081872940063478,-138.1463623046875,-0.961102306842804,8.582779487120717e-10,-0.2761925458908081,-2.904835816330831e-10,1,4.11836742486571e-9,0.2761925458908081,4.038401613115639e-9,-0.961102306842804]},{"type":"position","time":0.5536813735961914,"pos":[-203.83993530273438,2.5081872940063478,-138.1463623046875,-0.961102306842804,-7.203368124208964e-9,-0.2761925458908081,2.437829715873363e-9,1,-3.456419150893453e-8,0.2761925458908081,-3.389303415701761e-8,-0.961102306842804]},{"type":"position","time":0.568385124206543,"pos":[-203.83993530273438,2.5081872940063478,-138.1463623046875,-0.961102306842804,-1.3245082364221617e-8,-0.2761925458908081,4.482534787797476e-9,1,-6.355441684036123e-8,0.2761925458908081,-6.232033911146573e-8,-0.961102306842804]},{"type":"position","time":0.5862410068511963,"pos":[-203.83993530273438,2.5081872940063478,-138.1463623046875,-0.961102306842804,-2.3306004237610979e-8,-0.2761925458908081,7.887463127076444e-9,1,-1.1183018244764753e-7,0.2761925458908081,-1.096587070037458e-7,-0.961102306842804]},{"type":"position","time":0.6020886898040772,"pos":[-203.83993530273438,2.5081872940063478,-138.1463623046875,-0.961102306842804,-1.667019411399906e-8,-0.2761925458908081,5.641708433756776e-9,1,-7.998931295105649e-8,0.2761925458908081,-7.843611626867642e-8,-0.961102306842804]},{"type":"position","time":0.6208012104034424,"pos":[-204.0009307861328,2.508186101913452,-138.1745147705078,-0.9955782294273377,-0.000013748985111305956,-0.09393579512834549,-0.0000016112569483084372,1,-0.00012928886280860752,0.09393579512834549,-0.00012856582179665565,-0.9955782294273377]},{"type":"position","time":0.636909008026123,"pos":[-204.2588348388672,2.5081887245178224,-138.20242309570313,-0.9899323582649231,0.000013470697012962774,0.14154130220413209,-0.000033751624869182709,0.9999999403953552,-0.00033122856984846294,-0.14154130220413209,-0.00033267110120505095,-0.9899322986602783]},{"type":"position","time":0.6509757041931152,"pos":[-204.52418518066407,2.502431869506836,-138.23049926757813,-0.9371826648712158,0.00007398580783046782,0.3488389253616333,-0.00004857993917539716,0.9999999403953552,-0.0003426053444854915,-0.3488389253616333,-0.00033803036785684526,-0.937182605266571]},{"type":"position","time":0.6695330142974854,"pos":[-204.7906036376953,2.5041463375091554,-138.2489776611328,-0.8585320115089417,0.00010488302359590307,0.5127599835395813,-0.00003109206591034308,0.9999999403953552,-0.00025660457322373986,-0.5127599835395813,-0.00023624600726179779,-0.8585319519042969]},{"type":"position","time":0.6852500438690186,"pos":[-205.0575408935547,2.5058445930480959,-138.2565460205078,-0.7715594172477722,0.00010058070620289072,0.636157214641571,-0.000011835219993372448,1,-0.00017246094648726285,-0.636157214641571,-0.00014059293607715517,-0.7715594172477722]},{"type":"position","time":0.7140359878540039,"pos":[-205.45787048339845,2.5072269439697267,-138.25872802734376,-0.640774667263031,0.00007548539724666625,0.7677289843559265,-0.000001843180484684126,1,-0.00009986136137740687,-0.7677289843559265,-0.00006540369213325903,-0.640774667263031]},{"type":"position","time":0.7428486347198486,"pos":[-205.85797119140626,2.507801055908203,-138.24644470214845,-0.5253118872642517,0.0000514769708388485,0.8509097695350647,-5.173938006919343e-7,1,-0.00006081580795580521,-0.8509097695350647,-0.00003238752469769679,-0.5253118872642517]},{"type":"position","time":0.7616055011749268,"pos":[-206.25767517089845,2.5080320835113527,-138.2269744873047,-0.43061819672584536,0.000031245632271748039,0.9025341868400574,2.945677977095329e-7,1,-0.00003447934432188049,-0.9025341868400574,-0.000014581574760086369,-0.43061819672584536]},{"type":"position","time":0.7762694358825684,"pos":[-206.45709228515626,2.508089065551758,-138.21087646484376,-0.3929462134838104,0.000023717184376437218,0.9195614457130432,4.858344482272514e-7,1,-0.000025584235118003563,-0.9195614457130432,-0.00000960647412284743,-0.3929462134838104]},{"type":"position","time":0.7908308506011963,"pos":[-206.7225799560547,2.508134126663208,-138.1852264404297,-0.3520648777484894,0.000014272691259975545,0.9359756112098694,4.6448539592347517e-7,1,-0.000015074284419824835,-0.9359756112098694,-0.0000048723795771365989,-0.3520648777484894]},{"type":"position","time":0.8079204559326172,"pos":[-206.9879913330078,2.5081586837768556,-138.15908813476563,-0.31717556715011599,0.000009155818588624243,0.9483668208122253,3.902744367678679e-7,1,-0.000009523776498099324,-0.9483668208122253,-0.0000026505863388592845,-0.31717556715011599]},{"type":"position","time":0.8199877738952637,"pos":[-207.18682861328126,2.508169174194336,-138.13717651367188,-0.29515740275382998,0.000007018986707407748,0.9554486274719238,3.1873904049462e-7,1,-0.000007247808298416203,-0.9554486274719238,-0.0000018347056993661682,-0.29515740275382998]},{"type":"position","time":0.8330755233764648,"pos":[-207.38551330566407,2.508175849914551,-138.1141357421875,-0.27625662088394167,0.000005269658686302137,0.9610838890075684,2.424436331693869e-7,1,-0.000005413348389993189,-0.9610838890075684,-0.0000012624648206838174,-0.27625662088394167]},{"type":"position","time":0.850628137588501,"pos":[-207.65028381347657,2.508181095123291,-138.0823974609375,-0.2544829845428467,0.0000035904895412386397,0.9670772552490234,1.7100047955409537e-7,1,-0.0000036677242860605476,-0.9670772552490234,-7.680027920287102e-7,-0.2544829845428467]},{"type":"position","time":0.8665542602539063,"pos":[-207.91497802734376,2.508183479309082,-138.04978942871095,-0.23597948253154756,0.0000025626718525018079,0.9717580080032349,1.287409503447634e-7,1,-0.0000026058869480038995,-0.9717580080032349,-4.898308247902605e-7,-0.23597948253154756]},{"type":"position","time":0.8848495483398438,"pos":[-208.24559020996095,2.508185386657715,-138.00733947753907,-0.2169942855834961,0.0000016673260461175233,0.9761728644371033,8.819040431262693e-8,1,-0.0000016884193883015542,-0.9761728644371033,-2.8028827614434706e-7,-0.2169942855834961]},{"type":"position","time":0.9016029834747315,"pos":[-208.510009765625,2.5081863403320314,-137.97271728515626,-0.20456817746162415,0.0000011782083220168716,0.9788523316383362,6.443153210966557e-8,1,-0.0000011901976222361555,-0.9788523316383362,-1.804075964173535e-7,-0.20456817746162415]},{"type":"position","time":0.92665696144104,"pos":[-208.77439880371095,2.5081865787506105,-137.93795776367188,-0.1941186934709549,8.177399877240532e-7,0.9809780716896057,4.6006853438029796e-8,1,-8.24492644824204e-7,-0.9809780716896057,-1.1491772511362797e-7,-0.1941186934709549]},{"type":"position","time":0.946591854095459,"pos":[-209.1047821044922,2.5081865787506105,-137.89369201660157,-0.1833566278219223,5.256241593087907e-7,0.9830464720726013,3.04252871785593e-8,1,-5.290141302793927e-7,-0.9830464720726013,-6.708877720029705e-8,-0.1833566278219223]},{"type":"position","time":0.9608688354492188,"pos":[-209.43515014648438,2.5081865787506105,-137.84933471679688,-0.17450612783432008,3.533727124249708e-7,0.9846560955047607,2.0819310719843999e-8,1,-3.5518962704372827e-7,-0.9846560955047607,-4.148290244643249e-8,-0.17450612783432008]},{"type":"position","time":0.9734451770782471,"pos":[-209.63328552246095,2.5081865787506105,-137.82208251953126,-0.17026863992214204,2.708233637349622e-7,0.9853976964950562,1.6120141665965094e-8,1,-2.7205118158235566e-7,-0.9853976964950562,-3.0437036002695098e-8,-0.17026863992214204]},{"type":"position","time":0.9883973598480225,"pos":[-209.83135986328126,2.5081865787506105,-137.79432678222657,-0.1668451875448227,1.8625523523496668e-7,0.98598313331604,1.1219046136545785e-8,1,-1.8700461623666343e-7,-0.98598313331604,-2.013902999919992e-8,-0.1668451875448227]},{"type":"position","time":1.0016531944274903,"pos":[-210.09475708007813,2.5081865787506105,-137.75274658203126,-0.16477316617965699,1.1439409064450956e-7,0.9863314628601074,7.52382156576914e-9,1,-1.1472245375898638e-7,-0.9863314628601074,-1.1482200079626637e-8,-0.16477316617965699]},{"type":"position","time":1.018340826034546,"pos":[-210.29087829589845,2.5081865787506105,-137.71372985839845,-0.16682906448841096,9.33915700329635e-8,0.9859858155250549,7.241008237457436e-9,1,-9.34937958163573e-8,-0.9859858155250549,-8.45795078419087e-9,-0.16682906448841096]},{"type":"position","time":1.0343966484069825,"pos":[-210.55026245117188,2.5081865787506105,-137.6519317626953,-0.17456205189228059,2.942153685125959e-7,0.984646201133728,2.1148052198327606e-8,1,-2.9505392262763055e-7,-0.984646201133728,-3.068187126586963e-8,-0.17456205189228059]},{"type":"position","time":1.051198959350586,"pos":[-210.8063507080078,2.5081865787506105,-137.57777404785157,-0.1876010000705719,8.529968340553751e-7,0.9822453260421753,6.143965691762787e-8,1,-8.566807991883252e-7,-0.9822453260421753,-1.0036535513791023e-7,-0.1876010000705719]},{"type":"position","time":1.0694026947021485,"pos":[-211.1205596923828,2.5081865787506105,-137.4667510986328,-0.21130035817623139,0.0000021652576833730565,0.9774211645126343,1.681315069390621e-7,1,-0.000002178929207730107,-0.9774211645126343,-2.9607323881464256e-7,-0.21130035817623139]},{"type":"position","time":1.083940029144287,"pos":[-211.36953735351563,2.5081863403320314,-137.3712921142578,-0.23157553374767304,0.000002806166321533965,0.9728169441223145,2.2859975956635027e-7,1,-0.0000028301608381298139,-0.9728169441223145,-4.33010285405544e-7,-0.23157553374767304]},{"type":"position","time":1.0984294414520264,"pos":[-211.55416870117188,2.5081863403320314,-137.29441833496095,-0.24738246202468873,0.0000029795075988658938,0.9689179062843323,2.466142632329138e-7,1,-0.000003012122760992497,-0.9689179062843323,-5.06197352478921e-7,-0.24738246202468873]},{"type":"position","time":1.118086814880371,"pos":[-211.79872131347657,2.5081863403320314,-137.1881103515625,-0.268349826335907,0.000003064761585847009,0.9633215069770813,2.546058794905548e-7,1,-0.000003110527586613898,-0.9633215069770813,-5.894421519769821e-7,-0.268349826335907]},{"type":"position","time":1.1331787109375,"pos":[-212.0430908203125,2.5081863403320314,-137.08132934570313,-0.2871832251548767,0.0000027211929136683468,0.957875669002533,2.2468675808795525e-7,1,-0.0000027734984087146587,-0.957875669002533,-5.812801759930153e-7,-0.2871832251548767]},{"type":"position","time":1.1497244834899903,"pos":[-212.348876953125,2.5081868171691896,-136.94854736328126,-0.3065893352031708,0.0000017813330259741634,0.9518418908119202,1.3761521699962032e-7,1,-0.0000018271330191055313,-0.9518418908119202,-4.291914308396372e-7,-0.3065893352031708]},{"type":"position","time":1.1676928997039796,"pos":[-212.593505859375,2.5081870555877687,-136.84239196777345,-0.31920352578163149,0.000001291299554395664,0.9476861953735352,9.531732558798467e-8,1,-0.0000013304762660482084,-0.9476861953735352,-3.343617436257773e-7,-0.31920352578163149]},{"type":"position","time":1.183915376663208,"pos":[-212.838134765625,2.5081870555877687,-136.7362518310547,-0.33000749349594118,9.41216626415553e-7,0.9439783096313477,6.880073755155536e-8,1,-9.73022224570741e-7,-0.9439783096313477,-2.561581879945152e-7,-0.33000749349594118]},{"type":"position","time":1.199716567993164,"pos":[-213.08277893066407,2.5081870555877687,-136.63011169433595,-0.33931204676628115,6.993095666985028e-7,0.9406738877296448,5.097906807804975e-8,1,-7.250246767398494e-7,-0.9406738877296448,-1.9805490580893093e-7,-0.33931204676628115]},{"type":"position","time":1.2187058925628663,"pos":[-213.32740783691407,2.5081870555877687,-136.5239715576172,-0.3473304808139801,5.232416242506588e-7,0.9377427697181702,3.788108671187729e-8,1,-5.439491133074625e-7,-0.9377427697181702,-1.5340738457325643e-7,-0.3473304808139801]},{"type":"position","time":1.2325379848480225,"pos":[-213.57205200195313,2.5081870555877687,-136.4178466796875,-0.3542431890964508,3.9091764847398738e-7,0.9351533055305481,2.8045187505654213e-8,1,-4.0740144413575765e-7,-0.9351533055305481,-1.1809263611439747e-7,-0.3542431890964508]},{"type":"position","time":1.2513458728790284,"pos":[-213.8166961669922,2.5081870555877687,-136.3117218017578,-0.3602047264575958,2.915657830726559e-7,0.9328733086585999,2.0742401574125325e-8,1,-3.045368259790848e-7,-0.9328733086585999,-9.034557280074296e-8,-0.3602047264575958]},{"type":"position","time":1.265787124633789,"pos":[-214.06130981445313,2.5081870555877687,-136.20559692382813,-0.3653475046157837,2.1747410983152805e-7,0.9308711886405945,1.5371035999578454e-8,1,-2.2759147100259725e-7,-0.9308711886405945,-6.884152270458799e-8,-0.3653475046157837]},{"type":"position","time":1.289583683013916,"pos":[-214.30596923828126,2.5081870555877687,-136.09947204589845,-0.36978524923324587,1.9214593294236693e-7,0.9291172623634338,1.3410219601439622e-8,1,-2.0146761414707726e-7,-0.9291172623634338,-6.204008684562723e-8,-0.36978524923324587]},{"type":"position","time":1.3052949905395508,"pos":[-214.5506134033203,2.5081870555877687,-135.9933319091797,-0.3736155331134796,1.642538762780532e-7,0.927583634853363,1.1474049266269049e-8,1,-1.7245560002265848e-7,-0.927583634853363,-5.378895195917721e-8,-0.3736155331134796]},{"type":"position","time":1.3190398216247559,"pos":[-214.79525756835938,2.5081870555877687,-135.88720703125,-0.37692227959632876,1.645455256493733e-7,0.9262449145317078,1.1455495219081513e-8,1,-1.729863186028524e-7,-0.9262449145317078,-5.4591801301739909e-8,-0.37692227959632876]},{"type":"position","time":1.333756685256958,"pos":[-215.03988647460938,2.5081870555877687,-135.7810821533203,-0.37977755069732668,1.4218434785107093e-7,0.9250778555870056,9.898847963540902e-9,1,-1.4963603689466255e-7,-0.9250778555870056,-4.76712038732785e-8,-0.37977755069732668]},{"type":"position","time":1.3496060371398926,"pos":[-215.28451538085938,2.5081870555877687,-135.6749725341797,-0.38224345445632937,1.3219901973116067e-7,0.92406165599823,9.095832531613724e-9,1,-1.3930043962773198e-7,-0.92406165599823,-4.4841574009524268e-8,-0.38224345445632937]},{"type":"position","time":1.3659608364105225,"pos":[-215.52915954589845,2.5081870555877687,-135.56886291503907,-0.3843734562397003,1.3444747537505465e-7,0.9231776595115662,9.173446002819219e-9,1,-1.4181608776198119e-7,-0.9231776595115662,-4.6041616741376859e-8,-0.3843734562397003]},{"type":"position","time":1.3839597702026368,"pos":[-215.7738037109375,2.5081870555877687,-135.46273803710938,-0.3862135410308838,1.2444229469110724e-7,0.9224094152450562,8.480052215986689e-9,1,-1.3135944243458653e-7,-0.9224094152450562,-4.291071320494666e-8,-0.3862135410308838]},{"type":"position","time":1.400869607925415,"pos":[-216.01846313476563,2.5081870555877687,-135.3566131591797,-0.387803316116333,9.85020847110718e-8,0.9217421412467957,6.708404942656898e-9,1,-1.0404270511799041e-7,-0.9217421412467957,-3.416468530303973e-8,-0.387803316116333]},{"type":"position","time":1.4173190593719483,"pos":[-216.2631072998047,2.5081870555877687,-135.25048828125,-0.38917696475982668,1.1207401939827833e-7,0.921163022518158,7.569584958844189e-9,1,-1.184677529408873e-7,-0.921163022518158,-3.913210022687963e-8,-0.38917696475982668]},{"type":"position","time":1.4336602687835694,"pos":[-216.50775146484376,2.5081870555877687,-135.14437866210938,-0.39036399126052859,8.804961737496342e-8,0.9206606149673462,5.947601966482807e-9,1,-9.311562365610371e-8,-0.9206606149673462,-3.087326305717397e-8,-0.39036399126052859]},{"type":"position","time":1.4503514766693116,"pos":[-216.75233459472657,2.5081870555877687,-135.03814697265626,-0.3914480209350586,8.716050103885209e-8,0.9202002286911011,5.855466778115215e-9,1,-9.222817709542142e-8,-0.9202002286911011,-3.071433596346651e-8,-0.3914480209350586]},{"type":"position","time":1.4696426391601563,"pos":[-216.9969024658203,2.5081870555877687,-134.93191528320313,-0.39239180088043215,1.0483449841558468e-7,0.9197981953620911,7.019927750206989e-9,1,-1.109807996613199e-7,-0.9197981953620911,-3.709103779669931e-8,-0.39239180088043215]},{"type":"position","time":1.486628770828247,"pos":[-217.24148559570313,2.5081870555877687,-134.82566833496095,-0.3932077884674072,1.0088836432942117e-7,0.9194496273994446,6.7751959598183479e-9,1,-1.0682945372764152e-7,-0.9194496273994446,-3.57767220293681e-8,-0.3932077884674072]},{"type":"position","time":1.5016207695007325,"pos":[-217.4852752685547,2.5081870555877687,-134.71763610839845,-0.39480188488960268,8.933544393130433e-8,0.9187662601470947,6.10217210095243e-9,1,-9.461198402505033e-8,-0.9187662601470947,-3.1746520079423138e-8,-0.39480188488960268]},{"type":"position","time":1.5198948383331299,"pos":[-217.7279510498047,2.5081870555877687,-134.6071014404297,-0.3974490761756897,1.210864297718217e-7,0.9176242351531982,8.48295034217017e-9,1,-1.282822381654114e-7,-0.9176242351531982,-4.3201492161415447e-8,-0.3974490761756897]},{"type":"position","time":1.5415756702423096,"pos":[-218.08975219726563,2.5081870555877687,-134.43650817871095,-0.40329715609550478,1.6300793959089788e-7,0.915069043636322,1.171492858276224e-8,1,-1.7297419674378035e-7,-0.915069043636322,-5.9040033306700937e-8,-0.40329715609550478]},{"type":"position","time":1.5606496334075928,"pos":[-218.3282928466797,2.5081870555877687,-134.3173065185547,-0.4092249870300293,2.595027410734474e-7,0.9124335050582886,1.8773235410662893e-8,1,-2.7598753149504775e-7,-0.9124335050582886,-9.581166438010769e-8,-0.4092249870300293]},{"type":"position","time":1.5748589038848878,"pos":[-218.56497192382813,2.5081870555877687,-134.1944580078125,-0.41609615087509158,3.469901628250227e-7,0.909320592880249,2.5841343287424935e-8,1,-3.697680028835748e-7,-0.909320592880249,-1.3036097357144173e-7,-0.41609615087509158]},{"type":"position","time":1.590806484222412,"pos":[-218.7991485595703,2.5081870555877687,-134.06689453125,-0.4243570864200592,4.527059047632065e-7,0.9054949283599854,3.422531946739582e-8,1,-4.839145049118088e-7,-0.9054949283599854,-1.743616877547538e-7,-0.4243570864200592]},{"type":"position","time":1.6032850742340088,"pos":[-218.97210693359376,2.5081870555877687,-133.9665069580078,-0.43204471468925478,6.198560527082009e-7,0.9018521904945374,4.7565190897103096e-8,1,-6.645277608186007e-7,-0.9018521904945374,-2.442089055421093e-7,-0.43204471468925478]},{"type":"position","time":1.6178269386291505,"pos":[-219.199462890625,2.5081870555877687,-133.82717895507813,-0.44415754079818728,9.709706318972167e-7,0.8959487080574036,7.681243374690894e-8,1,-0.0000010456556083227043,-0.8959487080574036,-3.9561587072967088e-7,-0.44415754079818728]},{"type":"position","time":1.6350791454315186,"pos":[-219.42355346679688,2.5081870555877687,-133.6826629638672,-0.4575362205505371,0.0000012806990525859874,0.8891909718513489,1.0462814969969259e-7,1,-0.000001386460212415841,-0.8891909718513489,-5.413213557403651e-7,-0.4575362205505371]},{"type":"position","time":1.6536893844604493,"pos":[-219.6390838623047,2.5081870555877687,-133.5257568359375,-0.4750349521636963,0.0000019482849893392997,0.8799669146537781,1.6470553987346649e-7,1,-0.0000021251300950098086,-0.8799669146537781,-8.645756679470651e-7,-0.4750349521636963]},{"type":"position","time":1.6684725284576417,"pos":[-219.85035705566407,2.5081868171691896,-133.3630828857422,-0.4939643442630768,0.0000026650773179426325,0.869482159614563,2.3588175679378765e-7,1,-0.000002931124072347302,-0.869482159614563,-0.0000012427758520061616,-0.4939643442630768]},{"type":"position","time":1.6826701164245606,"pos":[-220.00531005859376,2.5081868171691896,-133.2366485595703,-0.5086628794670105,0.000002932745701400563,0.8609657883644104,2.667740943707031e-7,1,-0.0000032487328098795844,-0.8609657883644104,-0.0000014228264717530693,-0.5086628794670105]},{"type":"position","time":1.701134443283081,"pos":[-220.25607299804688,2.5081865787506105,-133.01705932617188,-0.5349622964859009,0.000003431459163039108,0.8448759317398071,3.2168372854357587e-7,1,-0.000003857809588225791,-0.8448759317398071,-0.000001791999693523394,-0.5349622964859009]},{"type":"position","time":1.7169930934906006,"pos":[-220.4495086669922,2.5081865787506105,-132.83355712890626,-0.556968092918396,0.000003823881797870854,0.8305339217185974,3.6848288686996968e-7,1,-0.00000435701485912432,-0.8305339217185974,-0.00000212068061955506,-0.556968092918396]},{"type":"position","time":1.7355968952178956,"pos":[-220.63522338867188,2.5081865787506105,-132.64222717285157,-0.5800700187683106,0.000004263867140252842,0.8145666122436523,4.2348631268396277e-7,1,-0.0000049329482862958688,-0.8145666122436523,-0.0000025164974886138227,-0.5800700187683106]},{"type":"position","time":1.7526593208312989,"pos":[-220.8114013671875,2.5081865787506105,-132.44210815429688,-0.6048049926757813,0.000004917289970762795,0.7963736057281494,5.064021593170764e-7,1,-0.000005790015620732447,-0.7963736057281494,-0.00000309854499391804,-0.6048049926757813]},{"type":"position","time":1.767406702041626,"pos":[-220.97804260253907,2.5081865787506105,-132.23397827148438,-0.6307400465011597,0.000005654459073411999,0.7759941816329956,6.082507866267406e-7,1,-0.0000067923328970209699,-0.7759941816329956,-0.0000038121972920635018,-0.6307400465011597]},{"type":"position","time":1.7849059104919434,"pos":[-221.13685607910157,2.5081865787506105,-132.019775390625,-0.6566680073738098,0.000006058583494450431,0.7541797757148743,6.790882594032155e-7,1,-0.0000074420559030841108,-0.7541797757148743,-0.0000043748054849857,-0.6566680073738098]},{"type":"position","time":1.803241491317749,"pos":[-221.2887420654297,2.5081865787506105,-131.8005828857422,-0.6818010210990906,0.000006009326170897111,0.7315376996994019,6.944145525267231e-7,1,-0.000007567448392364895,-0.7315376996994019,-0.000004651503786590183,-0.6818010210990906]},{"type":"position","time":1.8177452087402344,"pos":[-221.43226623535157,2.5081868171691896,-131.5758514404297,-0.7064038515090942,0.00000571884493183461,0.7078089714050293,6.73347415158787e-7,1,-0.000007407633347611409,-0.7078089714050293,-0.000004756179350806633,-0.7064038515090942]},{"type":"position","time":1.835994005203247,"pos":[-221.56610107421876,2.5081872940063478,-131.34521484375,-0.7308043837547302,0.000006158561973279575,0.6825869083404541,7.468196372428793e-7,1,-0.000008222810720326379,-0.6825869083404541,-0.0000054994966376398228,-0.7308043837547302]},{"type":"position","time":1.849302053451538,"pos":[-221.69569396972657,2.5081872940063478,-131.11212158203126,-0.7528703212738037,0.000005810120455862489,0.6581689119338989,7.378047826023249e-7,1,-0.000007983739124028944,-0.6581689119338989,-0.000005525120286620222,-0.7528703212738037]},{"type":"position","time":1.869788408279419,"pos":[-221.8227081298828,2.5081872940063478,-130.87765502929688,-0.7722520232200623,0.000004747480488731526,0.6353163123130798,6.073001941331313e-7,1,-0.0000067344280978431929,-0.6353163123130798,-0.000004814848125533899,-0.7722520232200623]},{"type":"position","time":1.8844001293182374,"pos":[-221.94659423828126,2.5081872940063478,-130.64149475097657,-0.7895588874816895,0.0000038039561331970619,0.6136748194694519,4.804846298611665e-7,1,-0.000005580456218012841,-0.6136748194694519,-0.000004111237558390712,-0.7895588874816895]},{"type":"position","time":1.91068434715271,"pos":[-222.1259765625,2.5081872940063478,-130.2839813232422,-0.8131395578384399,0.0000031075026072358016,0.5820688009262085,4.0039017790149958e-7,1,-0.000004779382379638264,-0.5820688009262085,-0.000003653250132629182,-0.8131395578384399]},{"type":"position","time":1.9362282752990723,"pos":[-222.2420654296875,2.5081872940063478,-130.04388427734376,-0.8264366984367371,0.000002579308784333989,0.5630296468734741,3.4060474263242215e-7,1,-0.000004081171482539503,-0.5630296468734741,-0.000003181059582857415,-0.8264366984367371]},{"type":"position","time":1.9583382606506348,"pos":[-222.46641540527345,2.5081872940063478,-129.5600128173828,-0.8503859043121338,0.000001968785454664612,0.5261594653129578,2.668312220066582e-7,1,-0.000003310547526780283,-0.5261594653129578,-0.0000026748473374027528,-0.8503859043121338]},{"type":"position","time":1.9719927310943604,"pos":[-222.5763397216797,2.5081872940063478,-129.31704711914063,-0.8595789670944214,0.0000014918877013769816,0.5110028982162476,2.0243551546172967e-7,1,-0.0000025790034214878689,-0.5110028982162476,-0.000002113411710524815,-0.8595789670944214]},{"type":"position","time":1.9862544536590577,"pos":[-222.62884521484376,2.5081872940063478,-129.1945037841797,-0.8641102313995361,0.0000013040850035395125,0.5033025741577148,1.7560064691224398e-7,1,-0.000002289570375069161,-0.5033025741577148,-0.0000018900608438343625,-0.8641102313995361]},{"type":"position","time":2.001141309738159,"pos":[-222.73086547851563,2.5081872940063478,-128.94813537597657,-0.8730701208114624,0.0000012108099554097863,0.4875946342945099,1.6398628588376597e-7,1,-0.0000021896023554290879,-0.4875946342945099,-0.0000018317175545234932,-0.8730701208114624]},{"type":"position","time":2.018786907196045,"pos":[-222.828857421875,2.5081872940063478,-128.7001190185547,-0.8816700577735901,0.0000012074521009708406,0.4718664288520813,1.706769694465038e-7,1,-0.000002239979721707641,-0.4718664288520813,-0.0000018943862869491568,-0.8816700577735901]},{"type":"position","time":2.0346899032592775,"pos":[-222.92124938964845,2.5081872940063478,-128.44998168945313,-0.890257716178894,0.000001232386011906783,0.4554571807384491,1.8116539024504164e-7,1,-0.0000023517077352153139,-0.4554571807384491,-0.0000020111128833377735,-0.890257716178894]},{"type":"position","time":2.0507564544677736,"pos":[-223.00747680664063,2.5081872940063478,-128.19766235351563,-0.8988973498344421,0.0000012952225461049239,0.4381592869758606,1.9786533300703014e-7,1,-0.0000025501271920802539,-0.4381592869758606,-0.0000022056060515751598,-0.8988973498344421]},{"type":"position","time":2.0697596073150636,"pos":[-223.08834838867188,2.5081872940063478,-127.94355010986328,-0.9073055386543274,0.000001315924123446166,0.4204719066619873,2.0939349099080574e-7,1,-0.000002677801376194111,-0.4204719066619873,-0.0000023415400391968434,-0.9073055386543274]},{"type":"position","time":2.086266279220581,"pos":[-223.16571044921876,2.5081872940063478,-127.6883544921875,-0.9150599241256714,0.0000012181318425064092,0.4033178389072418,2.0059430028140924e-7,1,-0.0000025651631858636394,-0.4033178389072418,-0.0000022663748495688198,-0.9150599241256714]},{"type":"position","time":2.1011056900024416,"pos":[-223.2373809814453,2.5081872940063478,-127.43150329589844,-0.9226583242416382,0.0000011655190519377357,0.38561853766441347,1.9744749124583905e-7,1,-0.000002550039653215208,-0.38561853766441347,-0.0000022766757865611,-0.9226583242416382]},{"type":"position","time":2.1191937923431398,"pos":[-223.30157470703126,2.5081872940063478,-127.17268371582031,-0.9303906559944153,0.00000124546443203144,0.36656954884529116,2.2538505106695084e-7,1,-0.0000028255710731173169,-0.36656954884529116,-0.000002546265477576526,-0.9303906559944153]},{"type":"position","time":2.1419758796691896,"pos":[-223.389404296875,2.5081872940063478,-126.78243255615235,-0.9413066506385803,0.0000012481829116950394,0.33755263686180117,2.45314311086986e-7,1,-0.0000030136541226966075,-0.33755263686180117,-0.000002753966100499383,-0.9413066506385803]},{"type":"position","time":2.163459062576294,"pos":[-223.44639587402345,2.5081872940063478,-126.52192687988281,-0.9470818638801575,9.708229526950163e-7,0.320992112159729,1.932832844886434e-7,1,-0.000002454165269227815,-0.320992112159729,-0.0000022622527922067094,-0.9470818638801575]},{"type":"position","time":2.1778323650360109,"pos":[-223.501708984375,2.5081872940063478,-126.26105499267578,-0.9520679116249085,7.034579425635457e-7,0.3058866858482361,1.3978302604300553e-7,1,-0.0000018646607031769236,-0.3058866858482361,-0.0000017325257886113832,-0.9520679116249085]},{"type":"position","time":2.1906397342681886,"pos":[-223.55499267578126,2.5081872940063478,-125.999755859375,-0.9564932584762573,5.627229597848782e-7,0.29175448417663576,1.1370673291821731e-7,1,-0.0000015559767234663014,-0.29175448417663576,-0.0000014551068261425826,-0.9564932584762573]},{"type":"position","time":2.204664945602417,"pos":[-223.603271484375,2.5081872940063478,-125.73750305175781,-0.9608595371246338,5.472588782140519e-7,0.27703604102134707,1.1573305158663061e-7,1,-0.0000015740034768896294,-0.27703604102134707,-0.000001480334049119847,-0.9608595371246338]},{"type":"position","time":2.2172226905822756,"pos":[-223.62547302246095,2.5081872940063478,-125.60603332519531,-0.9629666209220886,5.530367843675776e-7,0.2696205973625183,1.2035756924433373e-7,1,-0.0000016213023172895192,-0.2696205973625183,-0.0000015288090935428045,-0.9629666209220886]},{"type":"position","time":2.2328195571899416,"pos":[-223.663818359375,2.5081872940063478,-125.3421401977539,-0.9674710035324097,6.322529202407168e-7,0.25298193097114565,1.4630879263677344e-7,1,-0.0000019396779862290716,-0.25298193097114565,-0.000001839568767536548,-0.9674710035324097]},{"type":"position","time":2.2504377365112306,"pos":[-223.70016479492188,2.5081872940063478,-125.07795715332031,-0.971409022808075,6.007792308082571e-7,0.23741210997104646,1.4773793566291716e-7,1,-0.0000019260403405496619,-0.23741210997104646,-0.0000018358980469201925,-0.971409022808075]},{"type":"position","time":2.268104076385498,"pos":[-223.73239135742188,2.5081872940063478,-124.81324005126953,-0.9750773906707764,5.327454459802539e-7,0.22186507284641267,1.3651548158577499e-7,1,-0.0000018012400460065692,-0.22186507284641267,-0.0000017260604181501549,-0.9750773906707764]},{"type":"position","time":2.284210443496704,"pos":[-223.763671875,2.5081872940063478,-124.54842376708985,-0.9781585335731506,4.34674632288079e-7,0.20786011219024659,1.1565568769356105e-7,1,-0.0000015469296386072529,-0.20786011219024659,-0.0000014891022601659643,-0.9781585335731506]},{"type":"position","time":2.302612066268921,"pos":[-223.79319763183595,2.5081872940063478,-124.28338623046875,-0.9808350801467896,3.431410959819914e-7,0.19483992457389832,9.435667891466437e-8,1,-0.0000012861466984759318,-0.19483992457389832,-0.000001243113388227357,-0.9808350801467896]},{"type":"position","time":2.3187174797058107,"pos":[-223.82192993164063,2.5081872940063478,-124.01827239990235,-0.9830855131149292,2.6711160217018917e-7,0.18314719200134278,7.594862694304538e-8,1,-0.0000010507810657145456,-0.18314719200134278,-0.000001019097794596746,-0.9830855131149292]},{"type":"position","time":2.334815502166748,"pos":[-223.85060119628907,2.5081872940063478,-123.75314331054688,-0.984926164150238,1.9690220653956204e-7,0.17297522723674775,5.769908284491976e-8,1,-8.09785603905766e-7,-0.17297522723674775,-7.875985374994343e-7,-0.984926164150238]},{"type":"position","time":2.349914312362671,"pos":[-223.87840270996095,2.5081872940063478,-123.48792266845703,-0.9865034818649292,1.4850540708266636e-7,0.16374020278453828,4.471148429274763e-8,1,-6.375792622748122e-7,-0.16374020278453828,-6.216531005520665e-7,-0.9865034818649292]},{"type":"position","time":2.3668370246887209,"pos":[-223.90635681152345,2.5081872940063478,-123.22273254394531,-0.9877870082855225,1.0987726994926561e-7,0.15581020712852479,3.39974910446017e-8,1,-4.896661494058208e-7,-0.15581020712852479,-4.783886993209308e-7,-0.9877870082855225]},{"type":"position","time":2.3837037086486818,"pos":[-223.93435668945313,2.5081872940063478,-122.9575424194336,-0.9888436198234558,7.852585781620292e-8,0.14895732700824738,2.485726113832243e-8,1,-3.621568396283692e-7,-0.148957327008