{"data":[{"type":"position","time":0.005671501159667969,"pos":[-10,3.999999761581421,2,-1,0,0,0,1,0,0,0,-1]},{"type":"position","time":0.022016525268554689,"pos":[-10,3.999999761581421,2,-1,0,0,0,1,0,0,0,-1]},{"type":"position","time":0.03740119934082031,"pos":[-10,3.999999761581421,2,-1,0,0,0,1,0,0,0,-1]},{"type":"position","time":0.05487799644470215,"pos":[-10,3.999999761581421,2,-1,0,0,0,1,0,0,0,-1]},{"type":"position","time":0.07094240188598633,"pos":[-10,3.999999761581421,2,-1,0,0,0,1,0,0,0,-1]},{"type":"position","time":0.08839678764343262,"pos":[-10,3.999999761581421,2,-1,0,0,0,1,0,0,0,-1]},{"type":"position","time":0.10425877571105957,"pos":[-10,3.999999761581421,2,-1,0,0,0,1,0,0,0,-1]},{"type":"position","time":0.12100934982299805,"pos":[-10,3.999999761581421,2,-1,0,0,0,1,0,0,0,-1]},{"type":"position","time":0.13777899742126466,"pos":[-10,3.999999761581421,2,-1,0,0,0,1,0,0,0,-1]},{"type":"position","time":0.15464568138122559,"pos":[-10,3.999999761581421,2,-1,0,0,0,1,0,0,0,-1]},{"type":"position","time":0.17065930366516114,"pos":[-10,3.999999761581421,2,-1,0,0,0,1,0,0,0,-1]},{"type":"position","time":0.18857598304748536,"pos":[-10,3.999999761581421,2,-1,0,0,0,1,0,0,0,-1]},{"type":"position","time":0.20430707931518556,"pos":[-10,3.999999761581421,2,-1,0,0,0,1,0,0,0,-1]},{"type":"position","time":0.22292184829711915,"pos":[-10,3.999999761581421,2,-1,0,0,0,1,0,0,0,-1]},{"type":"position","time":0.23746037483215333,"pos":[-10,3.999999761581421,2,-1,0,0,0,1,0,0,0,-1]},{"type":"position","time":0.25428080558776858,"pos":[-10,3.999999761581421,2,-1,0,0,0,1,0,0,0,-1]},{"type":"position","time":0.2707085609436035,"pos":[-10,3.999999761581421,2,-1,0,0,0,1,0,0,0,-1]},{"type":"position","time":0.2868361473083496,"pos":[-10,3.999999761581421,2,-1,0,0,0,1,0,0,0,-1]},{"type":"position","time":0.3057079315185547,"pos":[-10,3.999999761581421,2,-1,0,0,0,1,0,0,0,-1]},{"type":"position","time":0.3209054470062256,"pos":[-10,3.999999761581421,2,-1,0,0,0,1,0,0,0,-1]},{"type":"position","time":0.33980417251586916,"pos":[-10.021380424499512,3.999999761581421,2.083508253097534,-0.9997338652610779,4.692690463645177e-13,0.023070190101861955,4.692675826915849e-13,1,-5.477470267043231e-15,-0.023070190101861955,5.350156132873226e-15,-0.9997338652610779]},{"type":"position","time":0.35569167137145998,"pos":[-10.049242973327637,3.999999761581421,2.273510694503784,-0.999108612537384,2.194543808828331e-12,0.042213860899209979,2.194238497496559e-12,1,-5.356505915362318e-14,-0.042213860899209979,3.910999128720061e-14,-0.999108612537384]},{"type":"position","time":0.3723597526550293,"pos":[-10.07021713256836,3.999999761581421,2.531256675720215,-0.9987414479255676,4.363518660982502e-12,0.05015482380986214,4.362649130840168e-12,1,-1.268127313228118e-13,-0.05015482380986214,9.215475875890694e-14,-0.9987414479255676]},{"type":"position","time":0.3876533508300781,"pos":[-10.081391334533692,3.999999761581421,2.797504425048828,-0.99871826171875,6.587294511944952e-12,0.05061447247862816,6.586383348439195e-12,1,-1.8479102525514186e-13,-0.05061447247862816,1.4881212852691645e-13,-0.99871826171875]},{"type":"position","time":0.40417981147766116,"pos":[-10.08023452758789,3.999999761581421,3.0641255378723146,-0.9990049600601196,8.84296195297063e-12,0.04459892585873604,8.843364408817056e-12,1,-1.8826796675461278e-13,-0.04459892585873604,2.063239173694803e-13,-0.9990049600601196]},{"type":"position","time":0.42434191703796389,"pos":[-10.077214241027832,3.999999761581421,3.3307740688323976,-0.9993099570274353,1.1208542774476804e-11,0.03714357689023018,1.1210718985077417e-11,1,-1.4968403036150214e-13,-0.03714357689023018,2.668254614653087e-13,-0.9993099570274353]},{"type":"position","time":0.43881654739379885,"pos":[-10.070390701293946,3.999999761581421,3.597348690032959,-0.9995840787887573,1.3707390257577945e-11,0.028838010504841806,1.3711206649225094e-11,1,-6.538953406520776e-14,-0.028838010504841806,3.300415767504977e-13,-0.9995840787887573]},{"type":"position","time":0.4545423984527588,"pos":[-10.058572769165039,3.999999761581421,3.8637468814849855,-0.9998157024383545,1.6381689407762857e-11,0.01919814758002758,1.638626213884553e-11,1,8.095114205700083e-14,-0.01919814758002758,3.955221024830313e-13,-0.9998157024383545]},{"type":"position","time":0.47020936012268069,"pos":[-10.043517112731934,3.999999761581421,4.129985809326172,-0.9999594688415527,1.927348385055705e-11,0.009001236408948899,1.92768596224413e-11,1,2.883978049861985e-13,-0.009001236408948899,4.619016757620442e-13,-0.9999594688415527]},{"type":"position","time":0.48978328704833987,"pos":[-10.024151802062989,3.999999761581421,4.462756156921387,-0.9999966025352478,2.3182528813281423e-11,-0.002615652745589614,2.3181030012198179e-11,1,6.032507392922382e-13,0.002615652745589614,5.426151607028362e-13,-0.9999966025352478]},{"type":"position","time":0.5037577152252197,"pos":[-10.013937950134278,3.999999761581421,4.66249418258667,-0.9999673366546631,2.5648214455054054e-11,-0.008079987950623036,2.5642621706567504e-11,1,7.958251028658547e-13,0.008079987950623036,5.886070168596713e-13,-0.9999673366546631]},{"type":"position","time":0.5231626033782959,"pos":[-9.997052192687989,3.999999761581421,5.062136173248291,-0.9998819231987,3.0702277525884727e-11,-0.01536746695637703,3.068827136853969e-11,1,1.1471408675398087e-12,0.01536746695637703,6.754043396610399e-13,-0.9998819231987]},{"type":"position","time":0.5375056266784668,"pos":[-9.99284553527832,3.999999761581421,5.195402145385742,-0.9998630881309509,3.240475943133703e-11,-0.01654783822596073,3.238869242250253e-11,1,1.2389018847272504e-12,0.01654783822596073,7.027694398642481e-13,-0.9998630881309509]},{"type":"position","time":0.5568914413452148,"pos":[-9.980838775634766,3.999999761581421,5.595221996307373,-0.9998140931129456,3.752110080967874e-11,-0.019280236214399339,3.7499028188170416e-11,1,1.506339540949253e-12,0.019280236214399339,7.830694643065628e-13,-0.9998140931129456]},{"type":"position","time":0.5701329708099365,"pos":[-9.978772163391114,3.999999761581421,5.728537082672119,-0.9998178482055664,3.922786748211671e-11,-0.019087230786681176,3.920528138245949e-11,1,1.5576501677036503e-12,0.019087230786681176,8.090461352076861e-13,-0.9998178482055664]},{"type":"position","time":0.5889737606048584,"pos":[-9.975903511047364,3.999999761581421,6.128525257110596,-0.9998599290847778,4.4349558747658338e-11,-0.016735456883907319,4.432850614355388e-11,1,1.6288651200416226e-12,0.016735456883907319,8.867792025864241e-13,-0.9998599290847778]},{"type":"position","time":0.6033804416656494,"pos":[-9.975341796875,3.999999761581421,6.261857509613037,-0.9998738765716553,4.6058233615919877e-11,-0.015880081802606584,4.603792694291009e-11,1,1.644202460814037e-12,0.015880081802606584,9.129091796747368e-13,-0.9998738765716553]},{"type":"position","time":0.6215972900390625,"pos":[-9.976892471313477,3.999999761581421,6.5285186767578129,-0.9999155402183533,4.948376083890871e-11,-0.01299853902310133,4.946703116570639e-11,1,1.6083451844645102e-12,0.01299853902310133,9.652101166934823e-13,-0.9999155402183533]},{"type":"position","time":0.6377646923065186,"pos":[-9.979477882385254,3.999999761581421,6.795172691345215,-0.9999505281448364,5.2925865079433979e-11,-0.009945678524672985,5.29131183313325e-11,1,1.5446548120440218e-12,0.009945678524672985,1.018321603256378e-12,-0.9999505281448364]},{"type":"position","time":0.6561286449432373,"pos":[-9.983332633972168,3.999999761581421,7.195153713226318,-0.9999820590019226,5.8116091800064498e-11,-0.0059896195307374,5.81084590167702e-11,1,1.4480128250962676e-12,0.0059896195307374,1.0999392585989143e-12,-0.9999820590019226]},{"type":"position","time":0.6684839725494385,"pos":[-9.984987258911133,3.999999761581421,7.328476905822754,-0.999988853931427,5.985206080749706e-11,-0.0047251502983272079,5.984606560316408e-11,1,1.4104088990468666e-12,0.0047251502983272079,1.1276115674876963e-12,-0.999988853931427]},{"type":"position","time":0.6901328563690186,"pos":[-9.990124702453614,3.999999761581421,7.728443622589111,-0.9999992847442627,6.507446664860694e-11,-0.0011902976548299194,6.507298172531151e-11,1,1.289490758095424e-12,0.0011902976548299194,1.2120337285898009e-12,-0.9999992847442627]},{"type":"position","time":0.7033779621124268,"pos":[-9.991384506225586,3.999999761581421,7.861771106719971,-0.9999998807907105,6.681892539273093e-11,-0.00043535552686080337,6.681837722011253e-11,1,1.269840352660645e-12,0.00043535552686080337,1.2407504494313382e-12,-0.9999998807907105]},{"type":"position","time":0.7200603485107422,"pos":[-9.992053985595704,3.999999761581421,8.128436088562012,-1,7.030707266375558e-11,-0.0000074205031523888469,7.030706572486167e-11,1,1.2993838860789197e-12,0.0000074205031523888469,1.2988621679935197e-12,-1]},{"type":"position","time":0.7384123802185059,"pos":[-9.990711212158204,3.999999761581421,8.395098686218262,-0.9999997615814209,7.379281907748947e-11,-0.0006534048006869853,7.379191702128196e-11,1,1.4055635995380289e-12,0.0006534048006869853,1.3573472857839053e-12,-0.9999997615814209]},{"type":"position","time":0.7546770572662354,"pos":[-9.987460136413575,3.999999761581421,8.661745071411133,-0.999997615814209,7.72786279412685e-11,-0.0021823118440806867,7.727535278334585e-11,1,1.584369246042383e-12,0.0021823118440806867,1.4157265854422563e-12,-0.999997615814209]},{"type":"position","time":0.7722396850585938,"pos":[-9.979586601257325,3.999999761581421,9.061666488647461,-0.9999838471412659,8.251913735657368e-11,-0.005683460738509893,8.250927024944233e-11,1,1.971134843889444e-12,0.005683460738509893,1.5021649289043149e-12,-0.9999838471412659]},{"type":"position","time":0.7871394157409668,"pos":[-9.976486206054688,3.999999761581421,9.194963455200196,-0.9999762773513794,8.42707570392065e-11,-0.0068865870125591759,8.425821845792214e-11,1,2.110762736470817e-12,0.0068865870125591759,1.5304611961433623e-12,-0.9999762773513794]},{"type":"position","time":0.8055837154388428,"pos":[-9.964908599853516,3.999999761581421,9.594795227050782,-0.9999361038208008,8.95473556417059e-11,-0.011304773390293122,8.952338870216181e-11,1,2.6259341923129398e-12,0.011304773390293122,1.6137247788039488e-12,-0.9999361038208008]},{"type":"position","time":0.820239782333374,"pos":[-9.961209297180176,3.999999761581421,9.728076934814454,-0.9999224543571472,9.131353312374913e-11,-0.01245240680873394,9.128602040942013e-11,1,2.7776030173815025e-12,0.01245240680873394,1.6406570112897922e-12,-0.9999224543571472]},{"type":"position","time":0.8369157314300537,"pos":[-9.952972412109375,3.999999761581421,9.994616508483887,-0.9998885989189148,9.485336127657007e-11,-0.01492693368345499,9.481750801176858e-11,1,3.109386012556392e-12,0.01492693368345499,1.693704855185163e-12,-0.9998885989189148]},{"type":"position","time":0.8535151481628418,"pos":[-9.940508842468262,3.999999761581421,10.394421577453614,-0.9998342990875244,1.0017988522070809e-10,-0.01820497401058674,1.0013104234651849e-10,1,3.594375231480429e-12,0.01820497401058674,1.7708964719989617e-12,-0.9998342990875244]},{"type":"position","time":0.8694491386413574,"pos":[-9.935941696166993,3.999999761581421,10.527676582336426,-0.9998136758804321,1.019591980289114e-10,-0.019304649904370309,1.0190552568456468e-10,1,3.764022080132712e-12,0.019304649904370309,1.7960701285610337e-12,-0.9998136758804321]},{"type":"position","time":0.885615348815918,"pos":[-9.926680564880371,3.999999761581421,10.794182777404786,-0.9997714161872864,1.055231041435789e-10,-0.021379336714744569,1.0545952999763131e-10,1,4.101122219601905e-12,0.021379336714744569,1.845530022206998e-12,-0.9997714161872864]},{"type":"position","time":0.9017589092254639,"pos":[-9.91740894317627,3.999999761581421,11.060688972473145,-0.9997310638427734,1.0909251280111221e-10,-0.02319125272333622,1.0901925195927476e-10,1,4.423334528519396e-12,0.02319125272333622,1.8938518288325046e-12,-0.9997310638427734]},{"type":"position","time":0.9204442501068115,"pos":[-9.903501510620118,3.999999761581421,11.460448265075684,-0.9996740221977234,1.1445264874732075e-10,-0.025530818849802018,1.14365183989662e-10,1,4.885965763923306e-12,0.025530818849802018,1.9645366063081315e-12,-0.9996740221977234]},{"type":"position","time":0.935359001159668,"pos":[-9.898448944091797,3.999999761581421,11.5936861038208,-0.9996521472930908,1.1624067680626737e-10,-0.02637479268014431,1.1614781358915138e-10,1,5.0528426928653225e-12,0.02637479268014431,1.9877105603832712e-12,-0.9996521472930908]},{"type":"position","time":0.9537038803100586,"pos":[-9.883095741271973,3.999999761581421,11.993391036987305,-0.9995855093002319,1.2160920881409965e-10,-0.028789175674319269,1.2149961592378134e-10,1,5.556048676691461e-12,0.028789175674319269,2.055871748882221e-12,-0.9995855093002319]},{"type":"position","time":0.969024658203125,"pos":[-9.87756061553955,3.999999761581421,12.126609802246094,-0.9995601177215576,1.2340023447521276e-10,-0.02965773642063141,1.2328431331365409e-10,1,5.737035846387073e-12,0.02965773642063141,2.078178341219372e-12,-0.9995601177215576]},{"type":"position","time":0.9859538078308106,"pos":[-9.866366386413575,3.999999761581421,12.393041610717774,-0.9995095729827881,1.269847976770322e-10,-0.0313141867518425,1.268560811951147e-10,1,6.097447633607311e-12,0.0313141867518425,2.122062291512461e-12,-0.9995095729827881]},{"type":"position","time":1.0023839473724366,"pos":[-9.8551607131958,3.999999761581421,12.659473419189454,-0.9994631409645081,1.3057183112508142e-10,-0.0327628068625927,1.304307911675906e-10,1,6.441740370288773e-12,0.0327628068625927,2.1650034195963563e-12,-0.9994631409645081]},{"type":"position","time":1.0185542106628419,"pos":[-9.843955039978028,3.999999761581421,12.925905227661133,-0.9994212985038757,1.3415996091836747e-10,-0.034015998244285586,1.3400724974133028e-10,1,6.769434405390351e-12,0.034015998244285586,2.207126842401763e-12,-0.9994212985038757]},{"type":"position","time":1.0358507633209229,"pos":[-9.832749366760254,3.999999761581421,13.192337036132813,-0.999383807182312,1.3774817397838036e-10,-0.03509955108165741,1.3758437444888472e-10,1,7.082064101826546e-12,0.03509955108165741,2.248550087444179e-12,-0.999383807182312]},{"type":"position","time":1.0525226593017579,"pos":[-9.82154369354248,3.999999761581421,13.458768844604493,-0.9993504881858826,1.4133569314900286e-10,-0.03603639826178551,1.411613881341367e-10,1,7.381115683935402e-12,0.03603639826178551,2.2893731181639065e-12,-0.9993504881858826]},{"type":"position","time":1.0689232349395753,"pos":[-9.810338020324707,3.999999761581421,13.725200653076172,-0.999320924282074,1.4492192168535923e-10,-0.036846406757831576,1.4473766629663488e-10,1,7.667950475964691e-12,0.036846406757831576,2.329680068649531e-12,-0.999320924282074]},{"type":"position","time":1.086744785308838,"pos":[-9.793529510498047,3.999999761581421,14.124848365783692,-0.9992818236351013,1.5029798239307724e-10,-0.03789181262254715,1.5009950227184988e-10,1,8.082683827792536e-12,0.03789181262254715,2.389336992147939e-12,-0.9992818236351013]},{"type":"position","time":1.1028716564178467,"pos":[-9.785120964050293,3.999999761581421,14.324670791625977,-0.9992645382881165,1.5298461109036766e-10,-0.03834535554051399,1.5277934473090227e-10,1,8.283341894343988e-12,0.03834535554051399,2.418871960369051e-12,-0.9992645382881165]},{"type":"position","time":1.1190693378448487,"pos":[-9.773900032043457,3.999999761581421,14.591100692749024,-0.9992443323135376,1.565647611556642e-10,-0.038868799805641177,1.5635090444554579e-10,1,8.54162227059696e-12,0.038868799805641177,2.4579953957631906e-12,-0.9992443323135376]},{"type":"position","time":1.1366140842437745,"pos":[-9.762677192687989,3.999999761581421,14.85753059387207,-0.9992266297340393,1.6014241321915535e-10,-0.03932134062051773,1.5992038249201813e-10,1,8.791947204989104e-12,0.03932134062051773,2.4968633931254924e-12,-0.9992266297340393]},{"type":"position","time":1.1536858081817628,"pos":[-9.748640060424805,3.999999761581421,15.190567970275879,-0.9992073774337769,1.6461079721530326e-10,-0.039807550609111789,1.6437901040333714e-10,1,9.095872492703716e-12,0.039807550609111789,2.5451366274936715e-12,-0.9992073774337769]},{"type":"position","time":1.1689531803131104,"pos":[-9.740209579467774,3.999999761581421,15.390390396118164,-0.999197244644165,1.6728979312929938e-10,-0.040060389786958697,1.6705238581327109e-10,1,9.273581035029732e-12,0.040060389786958697,2.5739523359935568e-12,-0.999197244644165]},{"type":"position","time":1.188326358795166,"pos":[-9.726157188415528,4.093367099761963,15.723427772521973,-0.9991825819015503,1.717512798649068e-10,-0.04042540863156319,1.7150489362016686e-10,1,9.562738621793354e-12,0.04042540863156319,2.621765868640602e-12,-0.9991825819015503]},{"type":"position","time":1.2019824981689454,"pos":[-9.717718124389649,4.1955695152282719,15.923250198364258,-0.9991748332977295,1.7442602917583373e-10,-0.04061644524335861,1.7417443876066586e-10,1,9.73271636894868e-12,0.04061644524335861,2.6503382821729815e-12,-0.9991748332977295]},{"type":"position","time":1.2202072143554688,"pos":[-9.703646659851075,4.337480545043945,16.256284713745118,-0.9991635084152222,1.788803272173567e-10,-0.0408930778503418,1.7862038237392853e-10,1,1.0010501108603798e-11,0.0408930778503418,2.697789908134851e-12,-0.9991635084152222]},{"type":"position","time":1.2367103099822999,"pos":[-9.695199012756348,4.440760612487793,16.456104278564454,-0.9991576075553894,1.8155071890291198e-10,-0.04103768616914749,1.8128591683375107e-10,1,1.0174293699205528e-11,0.04103768616914749,2.726168899999659e-12,-0.9991576075553894]},{"type":"position","time":1.2526979446411133,"pos":[-9.683919906616211,4.631880283355713,16.722530364990236,-0.9991503953933716,1.8510866450771602e-10,-0.041212297976017,1.8483749253395133e-10,1,1.0390315344221968e-11,0.041212297976017,2.7639099776238796e-12,-0.9991503953933716]},{"type":"position","time":1.2690272331237794,"pos":[-9.672639846801758,4.774158000946045,16.988956451416017,-0.9991440773010254,1.88663654143717e-10,-0.04136605188250542,1.883862787988022e-10,1,1.0603421786437029e-11,0.04136605188250542,2.801548923403452e-12,-0.9991440773010254]},{"type":"position","time":1.2861897945404053,"pos":[-9.661355972290039,4.930899620056152,17.255382537841798,-0.9991385340690613,1.922156600553393e-10,-0.04149872437119484,1.9193226175051593e-10,1,1.0813352817329314e-11,0.04149872437119484,2.839093977274887e-12,-0.9991385340690613]},{"type":"position","time":1.302114486694336,"pos":[-9.65007209777832,5.047585964202881,17.521808624267579,-0.999133825302124,1.9576466836479512e-10,-0.04161277785897255,1.9547539975572904e-10,1,1.1020373849590648e-11,0.04161277785897255,2.8765542465364335e-12,-0.999133825302124]},{"type":"position","time":1.3192925453186036,"pos":[-9.638788223266602,5.116077899932861,17.78823471069336,-0.9991297125816345,1.9931069294987226e-10,-0.04171076416969299,1.9901569281444154e-10,1,1.1224803204978873e-11,0.04171076416969299,2.9139373206032992e-12,-0.9991297125816345]},{"type":"position","time":1.3359074592590333,"pos":[-9.627504348754883,5.245690822601318,18.05466079711914,-0.9991261959075928,2.028537199327829e-10,-0.041794925928115848,2.0255312704886564e-10,1,1.1426927980229263e-11,0.041794925928115848,2.9512503552098224e-12,-0.9991261959075928]},{"type":"position","time":1.3525283336639405,"pos":[-9.616220474243164,5.354369163513184,18.321086883544923,-0.9991231560707092,2.0639374931352706e-10,-0.0418672151863575,2.060876608256379e-10,1,1.1627009251224952e-11,0.0418672151863575,2.9884987713668654e-12,-0.9991231560707092]},{"type":"position","time":1.3686857223510743,"pos":[-9.604936599731446,5.511105060577393,18.587512969970704,-0.9991205930709839,2.0993076721431692e-10,-0.041929297149181369,2.0961929414475834e-10,1,1.1825276001464769e-11,0.041929297149181369,3.0256871227235527e-12,-0.9991205930709839]},{"type":"position","time":1.3864920139312745,"pos":[-9.593652725219727,5.726916313171387,18.853939056396486,-0.9991183280944824,2.134647875129403e-10,-0.04198262840509415,2.131479992506513e-10,1,1.2021932060957141e-11,0.04198262840509415,3.0628197460885742e-12,-0.9991183280944824]},{"type":"position","time":1.4026284217834473,"pos":[-9.581588745117188,5.888562202453613,19.120332717895509,-0.9991030693054199,2.1699593510948746e-10,-0.042345091700553897,2.1667002914060874e-10,1,1.2285770491227144e-11,0.042345091700553897,3.0998383113850503e-12,-0.9991030693054199]},{"type":"position","time":1.4175724983215333,"pos":[-9.569392204284668,6.075093746185303,19.386720657348634,-0.9990837574005127,2.2052450143750236e-10,-0.042797304689884189,2.201882148833434e-10,1,1.2571612154066436e-11,0.042797304689884189,3.136632446831822e-12,-0.9990837574005127]},{"type":"position","time":1.4369802474975587,"pos":[-9.554142951965332,6.357743740081787,19.71970558166504,-0.9990617632865906,2.2493162887826657e-10,-0.04330819845199585,2.2458276904835373e-10,1,1.2920703569563319e-11,0.04330819845199585,3.1823055475499462e-12,-0.9990617632865906]},{"type":"position","time":1.451871395111084,"pos":[-9.5449857711792,6.477865219116211,19.919496536254884,-0.9990501403808594,2.2757391804351102e-10,-0.043575502932071689,2.2721789727508935e-10,1,1.312315534018893e-11,0.043575502932071689,3.209556318634066e-12,-0.9990501403808594]},{"type":"position","time":1.4698858261108399,"pos":[-9.532771110534668,6.577733039855957,20.185884475708009,-0.9990364909172058,2.3109460178805109e-10,-0.04388698190450668,2.307295049464031e-10,1,1.3384651893766364e-11,0.04388698190450668,3.2457341935659967e-12,-0.9990364909172058]},{"type":"position","time":1.4863834381103516,"pos":[-9.520552635192871,6.633216381072998,20.452272415161134,-0.999024510383606,2.3461249609724179e-10,-0.0441589429974556,2.342387117604261e-10,1,1.3638792352443918e-11,0.0441589429974556,3.2817537749807446e-12,-0.999024510383606]},{"type":"position","time":1.5036225318908692,"pos":[-9.505270004272461,6.7854390144348148,20.78525733947754,-0.9990114569664002,2.3900587065028846e-10,-0.04445349797606468,2.386217057281925e-10,1,1.3947939157821221e-11,0.04445349797606468,3.3265814148447648e-12,-0.9990114569664002]},{"type":"position","time":1.5193455219268799,"pos":[-9.496094703674317,6.9246368408203129,20.985048294067384,-0.999004602432251,2.4163973599833357e-10,-0.044606782495975497,2.412496313830559e-10,1,1.4128816172576109e-11,0.044606782495975497,3.353382675708172e-12,-0.999004602432251]},{"type":"position","time":1.5371301174163819,"pos":[-9.481809616088868,7.112576961517334,21.31807518005371,-0.9990136027336121,2.4602586634614456e-10,-0.044404733926057819,2.4563232003949056e-10,1,1.4319368607518257e-11,0.044404733926057819,3.398007352925503e-12,-0.9990136027336121]},{"type":"position","time":1.551828384399414,"pos":[-9.473296165466309,7.245072364807129,21.517894744873048,-0.9990218281745911,2.48655374068818e-10,-0.04421953111886978,2.4826068978356377e-10,1,1.4416897363422887e-11,0.04421953111886978,3.4248244431406283e-12,-0.9990218281745911]},{"type":"position","time":1.5684409141540528,"pos":[-9.462708473205567,7.486649990081787,21.784351348876954,-0.9990454316139221,2.5215901588993008e-10,-0.04368291422724724,2.51767134917813e-10,1,1.4472415453548049e-11,0.04368291422724724,3.460678141622986e-12,-0.9990454316139221]},{"type":"position","time":1.5862925052642823,"pos":[-9.452227592468262,7.665955066680908,22.05081558227539,-0.9990712404251099,2.5566035399826605e-10,-0.04308880493044853,2.552722477844327e-10,1,1.4509559352615664e-11,0.04308880493044853,3.4967079145381552e-12,-0.9990712404251099]},{"type":"position","time":1.6020762920379639,"pos":[-9.441744804382325,7.862675666809082,22.317279815673829,-0.9990939497947693,2.591593606382503e-10,-0.04255903139710426,2.587741965154322e-10,1,1.4559277394798898e-11,0.04255903139710426,3.5329063893113632e-12,-0.9990939497947693]},{"type":"position","time":1.619612693786621,"pos":[-9.431262016296387,8.008965492248536,22.583744049072267,-0.9991133809089661,2.6265586927642916e-10,-0.04210078343749046,2.62272731310631e-10,1,1.462410401109615e-11,0.04210078343749046,3.5692510145374223e-12,-0.9991133809089661]},{"type":"position","time":1.6364471912384034,"pos":[-9.421548843383789,8.094816207885743,22.85023307800293,-0.9991428256034851,2.6615001869068069e-10,-0.04139568284153938,2.6577262612903498e-10,1,1.4620134963783117e-11,0.04139568284153938,3.605763474259782e-12,-0.9991428256034851]},{"type":"position","time":1.6528127193450928,"pos":[-9.411955833435059,8.234078407287598,23.116727828979493,-0.9991732239723206,2.6964233623694158e-10,-0.040655408054590228,2.6927129970211185e-10,1,1.460190648949755e-11,0.040655408054590228,3.6424986291083705e-12,-0.9991732239723206]},{"type":"position","time":1.6690199375152588,"pos":[-9.402365684509278,8.439576148986817,23.383222579956056,-0.9991997480392456,2.7313265538175815e-10,-0.03999844938516617,2.7276689240629539e-10,1,1.460138086828433e-11,0.03999844938516617,3.6794426012953796e-12,-0.9991997480392456]},{"type":"position","time":1.6870529651641846,"pos":[-9.39037799835205,8.623540878295899,23.716341018676759,-0.9992276430130005,2.7749241793273429e-10,-0.039294783025979999,2.7713167871645796e-10,1,1.462700620347146e-11,0.039294783025979999,3.725879414023803e-12,-0.9992276430130005]},{"type":"position","time":1.7033240795135499,"pos":[-9.380777359008789,8.794626235961914,23.98283576965332,-0.9992460608482361,2.809774912737595e-10,-0.038824278861284259,2.8061955537062035e-10,1,1.4669116615850798e-11,0.038824278861284259,3.763204158013789e-12,-0.9992460608482361]},{"type":"position","time":1.7211949825286866,"pos":[-9.372308731079102,9.017991065979004,24.24936866760254,-0.9992789626121521,2.844604551910379e-10,-0.03796734660863876,2.8411106800518839e-10,1,1.4598183772918106e-11,0.03796734660863876,3.800715818458311e-12,-0.9992789626121521]},{"type":"position","time":1.7348840236663819,"pos":[-9.365823745727539,9.149641036987305,24.449262619018556,-0.9993016123771668,2.8707181076725876e-10,-0.03736758604645729,2.8672822449671289e-10,1,1.4553523317029083e-11,0.03736758604645729,3.829016964607135e-12,-0.9993016123771668]},{"type":"position","time":1.752955436706543,"pos":[-9.357098579406739,9.353134155273438,24.715787887573243,-0.9993259906768799,2.9055191586024878e-10,-0.03670859336853027,2.9021413050500657e-10,1,1.4530087202868636e-11,0.03670859336853027,3.866941922919809e-12,-0.9993259906768799]},{"type":"position","time":1.7698757648468018,"pos":[-9.34618854522705,9.530648231506348,25.0489444732666,-0.9993513226509094,2.948989108464417e-10,-0.03601278364658356,2.945666210951714e-10,1,1.4532195759253686e-11,0.03601278364658356,3.9146043177840095e-12,-0.9993513226509094]},{"type":"position","time":1.785907506942749,"pos":[-9.339634895324707,9.591913223266602,25.248838424682618,-0.9993639588356018,2.9750527041905175e-10,-0.03565995395183563,2.971754509140112e-10,1,1.4549835294919156e-11,0.03565995395183563,3.943318761800985e-12,-0.9993639588356018]},{"type":"position","time":1.8038194179534913,"pos":[-9.328710556030274,9.765973091125489,25.581995010375978,-0.9993817806243897,3.0184596488957995e-10,-0.03515791893005371,3.0151903196440346e-10,1,1.4601141476444647e-11,0.03515791893005371,3.99133287184994e-12,-0.9993817806243897]},{"type":"position","time":1.8194212913513184,"pos":[-9.322698593139649,9.847177505493164,25.781904220581056,-0.9993981122970581,3.04448494192755e-10,-0.034690383821725848,3.041257801150721e-10,1,1.4579259674518675e-11,0.034690383821725848,4.020245508024045e-12,-0.9993981122970581]},{"type":"position","time":1.8357975482940674,"pos":[-9.314826965332032,10.007187843322754,26.048452377319337,-0.9994218349456787,3.0791677541053277e-10,-0.03399977460503578,3.076007504265732e-10,1,1.4525728710135244e-11,0.03399977460503578,4.058974076986965e-12,-0.9994218349456787]},{"type":"position","time":1.8534886837005616,"pos":[-9.304985046386719,10.272781372070313,26.381637573242189,-0.9994479417800903,3.122492264751031e-10,-0.0332239605486393,3.119403624296524e-10,1,1.4479552105928218e-11,0.0332239605486393,4.107664295510682e-12,-0.9994479417800903]},{"type":"position","time":1.8691208362579346,"pos":[-9.299062728881836,10.38740062713623,26.5815486907959,-0.9994609355926514,3.148469818192723e-10,-0.032830264419317248,3.1454144844289546e-10,1,1.4471288750650402e-11,0.032830264419317248,4.137010178872913e-12,-0.9994609355926514]},{"type":"position","time":1.8867852687835694,"pos":[-9.28918743133545,10.616016387939454,26.91473388671875,-0.9994791150093079,3.191734654350853e-10,-0.03227226808667183,3.188721231506264e-10,1,1.4484366830935791e-11,0.03227226808667183,4.186096348030022e-12,-0.9994791150093079]},{"type":"position","time":1.902285099029541,"pos":[-9.28325366973877,10.78050422668457,27.11464500427246,-0.9994882345199585,3.217673905098195e-10,-0.03198897838592529,3.2146785233777566e-10,1,1.4506491494148399e-11,0.03198897838592529,4.215639556187645e-12,-0.9994882345199585]},{"type":"position","time":1.9192941188812256,"pos":[-9.275338172912598,10.959107398986817,27.381193161010743,-0.9994985461235046,3.2522357029662887e-10,-0.031664177775382999,3.2492575297027317e-10,1,1.4550920364453379e-11,0.031664177775382999,4.255116658330449e-12,-0.9994985461235046]},{"type":"position","time":1.9359867572784424,"pos":[-9.267422676086426,11.066859245300293,27.647741317749025,-0.9995073676109314,3.2867697452587665e-10,-0.031384266912937167,3.2838029517812119e-10,1,1.460784444795582e-11,0.031384266912937167,4.294673557753148e-12,-0.9995073676109314]},{"type":"position","time":1.9532511234283448,"pos":[-9.255533218383789,11.145882606506348,28.047563552856447,-0.9995181560516357,3.338514187323227e-10,-0.031040193513035775,3.335553777628064e-10,1,1.4714843926677547e-11,0.031040193513035775,4.354130337530515e-12,-0.9995181560516357]},{"type":"position","time":1.9695885181427003,"pos":[-9.251564025878907,11.160199165344239,28.180837631225587,-0.9995208978652954,3.355747069111459e-10,-0.030951712280511857,3.352785549193271e-10,1,1.4758499977673979e-11,0.030951712280511857,4.373982946670463e-12,-0.9995208978652954]},{"type":"position","time":1.986293077468872,"pos":[-9.244450569152832,11.178589820861817,28.447410583496095,-0.9995381832122803,3.390194514008016e-10,-0.030387183651328088,3.387287672573791e-10,1,1.4713421453427246e-11,0.030387183651328088,4.413612704479153e-12,-0.9995381832122803]},{"type":"position","time":2.0033304691314699,"pos":[-9.233887672424317,11.1915922164917,28.847272872924806,-0.9995622634887695,3.441822105099135e-10,-0.029584532603621484,3.4389921466093656e-10,1,1.4653901356243005e-11,0.029584532603621484,4.4733886733761e-12,-0.9995622634887695]},{"type":"position","time":2.0194287300109865,"pos":[-9.23072624206543,11.19384479522705,28.980567932128908,-0.9995738863945007,3.459020569973603e-10,-0.029189512133598329,3.4562350204048189e-10,1,1.4588146662886105e-11,0.029189512133598329,4.493348835371558e-12,-0.9995738863945007]},{"type":"position","time":2.0359935760498049,"pos":[-9.224512100219727,11.196702003479004,29.247161865234376,-0.9995966553688049,3.493405009713513e-10,-0.028400404378771783,3.490708277986698e-10,1,1.4453031653427484e-11,0.028400404378771783,4.533448703242238e-12,-0.9995966553688049]},{"type":"position","time":2.053973436355591,"pos":[-9.216455459594727,11.198707580566407,29.647079467773439,-0.9996422529220581,3.5449645996443737e-10,-0.026746554300189019,3.5424677080619917e-10,1,1.4073860132857164e-11,0.026746554300189019,4.593944582381715e-12,-0.9996422529220581]},{"type":"position","time":2.0696702003479006,"pos":[-9.212322235107422,11.199307441711426,29.913713455200197,-0.9996814727783203,3.5793448760479409e-10,-0.02523735538125038,3.577035057045208e-10,1,1.3666410884904945e-11,0.02523735538125038,4.634567469380402e-12,-0.9996814727783203]},{"type":"position","time":2.0866951942443849,"pos":[-9.207870483398438,11.199629783630371,30.180341720581056,-0.9997101426124573,3.6137354220144859e-10,-0.024075862020254136,3.611562160443782e-10,1,1.3374761367868082e-11,0.024075862020254136,4.675736794274021e-12,-0.9997101426124573]},{"type":"position","time":2.1034257411956789,"pos":[-9.204181671142579,11.199801445007325,30.446983337402345,-0.9997422695159912,3.6481306864288856e-10,-0.02270226925611496,3.646119517419777e-10,1,1.2998063562974505e-11,0.02270226925611496,4.717194950626391e-12,-0.9997422695159912]},{"type":"position","time":2.1202988624572756,"pos":[-9.200525283813477,11.199893951416016,30.713623046875,-0.9997691512107849,3.682532889737189e-10,-0.021486321464180948,3.6806602210504027e-10,1,1.2670426340066765e-11,0.021486321464180948,4.7591162781468466e-12,-0.9997691512107849]},{"type":"position","time":2.1353237628936769,"pos":[-9.199053764343262,11.199922561645508,30.846948623657228,-0.9997840523719788,3.699736350615268e-10,-0.020781375467777253,3.697943895542011e-10,1,1.2467711758834543e-11,0.020781375467777253,4.780182760039109e-12,-0.9997840523719788]},{"type":"position","time":2.153144121170044,"pos":[-9.194806098937989,11.199970245361329,31.246925354003908,-0.9998244047164917,3.7513631090391188e-10,-0.018740123137831689,3.7497965843513727e-10,1,1.187330008617371e-11,0.018740123137831689,4.844049640573278e-12,-0.9998244047164917]},{"type":"position","time":2.1685304641723635,"pos":[-9.193768501281739,11.199978828430176,31.3802547454834,-0.99983811378479,3.7685782272589565e-10,-0.017993176355957986,3.767092748852008e-10,1,1.1645608956334375e-11,0.017993176355957986,4.865527251929347e-12,-0.99983811378479]},{"type":"position","time":2.185723066329956,"pos":[-9.191805839538575,11.199989318847657,31.646913528442384,-0.999862790107727,3.8030206761519027e-10,-0.016564631834626199,3.801685632964791e-10,1,1.120774219959264e-11,0.016564631834626199,4.908851970741868e-12,-0.999862790107727]},{"type":"position","time":2.204099416732788,"pos":[-9.188876152038575,11.199995994567871,32.04690170288086,-0.999891996383667,3.8546998926136668e-10,-0.014698734506964684,3.8535521995619606e-10,1,1.0640134606720864e-11,0.014698734506964684,4.9747515135090126e-12,-0.999891996383667]},{"type":"position","time":2.2191052436828615,"pos":[-9.187880516052246,11.199996948242188,32.180233001708987,-0.9998992085456848,3.871926668175263e-10,-0.014195780269801617,3.8708269922693719e-10,1,1.0492958932295516e-11,0.014195780269801617,4.996960744491075e-12,-0.9998992085456848]},{"type":"position","time":2.2358992099761965,"pos":[-9.185883522033692,11.19999885559082,32.446895599365237,-0.9999116659164429,3.906372447737283e-10,-0.01329112984240055,3.9053571487812635e-10,1,1.023321791887577e-11,0.01329112984240055,5.041653292764403e-12,-0.9999116659164429]},{"type":"position","time":2.252370834350586,"pos":[-9.183886528015137,11.19999885559082,32.713558197021487,-0.9999220967292786,3.9408082352920817e-10,-0.012479661032557488,3.939866488611443e-10,1,1.0004234420046832e-11,0.012479661032557488,5.086635106177351e-12,-0.9999220967292786]},{"type":"position","time":2.2697064876556398,"pos":[-9.18188762664795,11.19999885559082,32.980220794677737,-0.9999306797981262,3.975226814389998e-10,-0.011776710860431195,3.974346962642983e-10,1,9.813017586013384e-12,0.011776710860431195,5.131863684004756e-12,-0.9999306797981262]},{"type":"position","time":2.285435914993286,"pos":[-9.179888725280762,11.19999885559082,33.246883392333987,-0.9999375939369202,4.0096251319177158e-10,-0.011171938851475716,4.008796350429833e-10,1,9.656507364563805e-12,0.011171938851475716,5.1773021633727545e-12,-0.9999375939369202]},{"type":"position","time":2.3023483753204347,"pos":[-9.177889823913575,11.19999885559082,33.513545989990237,-0.9999432563781738,4.044000412317672e-10,-0.010652326978743077,4.0432146519719938e-10,1,9.530420723435906e-12,0.010652326978743077,5.222915416130958e-12,-0.9999432563781738]},{"type":"position","time":2.3200185298919679,"pos":[-9.17539119720459,11.19999885559082,33.84687423706055,-0.9999489784240723,4.086935234681732e-10,-0.010099265724420548,4.0861936057012829e-10,1,9.407371583114444e-12,0.010099265724420548,5.28013657102866e-12,-0.9999489784240723]},{"type":"position","time":2.336344003677368,"pos":[-9.173880577087403,11.19999885559082,34.046871185302737,-0.9999517798423767,4.112676865730691e-10,-0.009821293875575066,4.1119566085434658e-10,1,9.3534841330567e-12,0.009821293875575066,5.314559556324205e-12,-0.9999517798423767]},{"type":"position","time":2.3533377647399904,"pos":[-9.172330856323243,11.19999885559082,34.38019943237305,-0.9999592900276184,4.1555500707168849e-10,-0.009019973687827587,4.1548964269111368e-10,1,9.120205458901243e-12,0.009019973687827587,5.372128523278841e-12,-0.9999592900276184]},{"type":"position","time":2.36926531791687,"pos":[-9.170954704284668,11.19999885559082,34.580196380615237,-0.9999619722366333,4.1812578399635927e-10,-0.008723419159650803,4.1806272332856056e-10,1,9.054091677784815e-12,0.008723419159650803,5.406810416053176e-12,-0.9999619722366333]},{"type":"position","time":2.3870747089385988,"pos":[-9.167497634887696,11.19999885559082,34.91350555419922,-0.9999606013298035,4.224069150016163e-10,-0.008878209628164769,4.223417449100708e-10,1,9.214608243102163e-12,0.008878209628164769,5.464607065464033e-12,-0.9999606013298035]},{"type":"position","time":2.4034295082092287,"pos":[-9.165409088134766,11.19999885559082,35.18016815185547,-0.9999611973762512,4.258285668523598e-10,-0.008808069862425328,4.257635077831168e-10,1,9.261272304605939e-12,0.008808069862425328,5.510758949861527e-12,-0.9999611973762512]},{"type":"position","time":2.4185023307800295,"pos":[-9.163902282714844,11.19999885559082,35.380165100097659,-0.9999622702598572,4.2839290448348779e-10,-0.008686854504048825,4.2832856705921076e-10,1,9.266558874398978e-12,0.008686854504048825,5.545381862037679e-12,-0.9999622702598572]},{"type":"position","time":2.4361982345581056,"pos":[-9.161884307861329,11.279330253601075,35.646827697753909,-0.9999635815620422,4.3180953257504486e-10,-0.008533613756299019,4.317460833291875e-10,1,9.276256845991427e-12,0.008533613756299019,5.591564537776872e-12,-0.9999635815620422]},{"type":"position","time":2.4531497955322267,"pos":[-9.159866333007813,11.434771537780762,35.913490295410159,-0.999964714050293,4.352232740867379e-10,-0.008398422971367836,4.351605742414222e-10,1,9.292755800971442e-12,0.008398422971367836,5.637765428112562e-12,-0.999964714050293]},{"type":"position","time":2.468484401702881,"pos":[-9.157848358154297,11.557530403137207,36.180152893066409,-0.9999657273292542,4.386341012629913e-10,-0.008281717076897622,4.385719842847635e-10,1,9.31642436807767e-12,0.008281717076897622,5.683974992065632e-12,-0.9999657273292542]},{"type":"position","time":2.4859328269958498,"pos":[-9.155830383300782,11.709732055664063,36.446815490722659,-0.999966561794281,4.420420418593807e-10,-0.008181369863450528,4.4198036897036277e-10,1,9.346505340512845e-12,0.008181369863450528,5.7301880254656545e-12,-0.999966561794281]},{"type":"position","time":2.503436326980591,"pos":[-9.153307914733887,11.9486722946167,36.78014373779297,-0.9999673962593079,4.462979152908275e-10,-0.008074544370174408,4.462366309798682e-10,1,9.391412994497195e-12,0.008074544370174408,5.787949113045254e-12,-0.9999673962593079]},{"type":"position","time":2.519134521484375,"pos":[-9.15179443359375,12.050840377807618,36.980140686035159,-0.9999678134918213,4.4884926331256738e-10,-0.00801986362785101,4.4878811777948615e-10,1,9.422122804192412e-12,0.00801986362785101,5.822600214477891e-12,-0.9999678134918213]},{"type":"position","time":2.536442279815674,"pos":[-9.149776458740235,12.215194702148438,37.246803283691409,-0.9999683499336243,4.5224851641378907e-10,-0.007956777699291706,4.521875096585859e-10,1,9.467045203326308e-12,0.007956777699291706,5.8687902627918564e-12,-0.9999683499336243]},{"type":"position","time":2.5529768466949465,"pos":[-9.147758483886719,12.338558197021485,37.513465881347659,-0.9999687671661377,4.5564491069072235e-10,-0.007902312092483044,4.555839316910948e-10,1,9.5154266410713e-12,0.007902312092483044,5.914963397551931e-12,-0.9999687671661377]},{"type":"position","time":2.5698130130767824,"pos":[-9.144997596740723,12.411086082458496,37.78011