{"data":[{"type":"position","time":0.00852513313293457,"pos":[908.3890380859375,18.484081268310548,117.28423309326172,-0.5000390410423279,8.80089814359053e-8,-0.8660028576850891,4.455035096384563e-8,1,7.590283246372565e-8,0.8660028576850891,-6.263513041560032e-10,-0.5000390410423279]},{"type":"position","time":0.02507472038269043,"pos":[908.3890380859375,18.484081268310548,117.28423309326172,-0.5000390410423279,9.440299919560857e-8,-0.8660028576850891,4.778700812835268e-8,1,8.1417319108823e-8,0.8660028576850891,-6.718501865954352e-10,-0.5000390410423279]},{"type":"position","time":0.03989243507385254,"pos":[908.3890380859375,18.484081268310548,117.28423309326172,-0.5000390410423279,6.574146027560346e-8,-0.8660028576850891,3.3278464428576629e-8,1,5.669834024502052e-8,0.8660028576850891,-4.678605280972192e-10,-0.5000390410423279]},{"type":"position","time":0.05733203887939453,"pos":[908.3890380859375,18.484081268310548,117.28423309326172,-0.5000390410423279,3.710439955284528e-8,-0.8660028576850891,1.8782309041398549e-8,1,3.200048581675219e-8,0.8660028576850891,-2.640420937449761e-10,-0.5000390410423279]},{"type":"position","time":0.07173299789428711,"pos":[908.3890380859375,18.484081268310548,117.28423309326172,-0.5000390410423279,8.491802816479322e-9,-0.8660028576850891,4.298533085034251e-9,1,7.323726958219368e-9,0.8660028576850891,-6.03923785980065e-11,-0.5000390410423279]},{"type":"position","time":0.0901339054107666,"pos":[908.3890380859375,18.484081268310548,117.28423309326172,-0.5000390410423279,-2.009635302613333e-8,-0.8660028576850891,-1.0172874986835723e-8,1,-1.733195098552187e-8,0.8660028576850891,1.430868340479563e-10,-0.5000390410423279]},{"type":"position","time":0.10992026329040528,"pos":[908.3890380859375,18.484081268310548,117.28423309326172,-0.5000390410423279,-4.8660087514917907e-8,-0.8660028576850891,-2.463192316781715e-8,1,-4.196656533395071e-8,0.8660028576850891,3.4639527357605007e-10,-0.5000390410423279]},{"type":"position","time":0.15587806701660157,"pos":[908.3890380859375,18.484081268310548,117.28423309326172,-0.5000390410423279,-1.1996273485692655e-7,-0.8660028576850891,-6.072555436276162e-8,1,-1.034610690453519e-7,0.8660028576850891,8.539287610354052e-10,-0.5000390410423279]},{"type":"position","time":0.1781003475189209,"pos":[908.3890380859375,18.484081268310548,117.28423309326172,-0.5000390410423279,-4.703443678977237e-8,-0.8660028576850891,-2.3808986782114517e-8,1,-4.0564547276744636e-8,0.8660028576850891,3.3479291561278048e-10,-0.5000390410423279]},{"type":"position","time":0.19020628929138184,"pos":[908.3890380859375,18.484081268310548,117.28423309326172,-0.5000390410423279,-1.581282660367833e-8,-0.8660028576850891,-8.004488627477713e-9,1,-1.3637680318367984e-8,0.8660028576850891,1.1253761117435701e-10,-0.5000390410423279]},{"type":"position","time":0.21325969696044923,"pos":[908.3890380859375,18.484081268310548,117.28423309326172,-0.5000390410423279,3.617874000383381e-8,-0.8660028576850891,1.8313848215711915e-8,1,3.120209157714271e-8,0.8660028576850891,-2.5757995736341856e-10,-0.5000390410423279]},{"type":"position","time":0.22784113883972169,"pos":[908.3890380859375,18.484081268310548,117.28423309326172,-0.5000390410423279,8.811479546011469e-8,-0.8660028576850891,4.4604092863664849e-8,1,7.599398088586895e-8,0.8660028576850891,-6.273139230295044e-10,-0.5000390410423279]},{"type":"position","time":0.24093985557556153,"pos":[908.3890380859375,18.484081268310548,117.28423309326172,-0.5000390410423279,1.0169431874373913e-7,-0.8660028576850891,5.147810355765614e-8,1,8.77055512660263e-8,0.8660028576850891,-7.239864818764374e-10,-0.5000390410423279]},{"type":"position","time":0.26213574409484866,"pos":[908.3890380859375,18.484081268310548,117.28423309326172,-0.5000390410423279,7.299217941181269e-8,-0.8660028576850891,3.6948950565829367e-8,1,6.295159948876972e-8,0.8660028576850891,-5.19641440988039e-10,-0.5000390410423279]},{"type":"position","time":0.2750661373138428,"pos":[908.3890380859375,18.484081268310548,117.28423309326172,-0.5000390410423279,4.4314564462411e-8,-0.8660028576850891,2.2432207202882638e-8,1,3.821879346332935e-8,0.8660028576850891,-3.1546795731252077e-10,-0.5000390410423279]},{"type":"position","time":0.2897617816925049,"pos":[908.3890380859375,18.484081268310548,117.28423309326172,-0.5000390410423279,2.2822428391577888e-8,-0.8660028576850891,1.1552786283175465e-8,1,1.968305696209427e-8,0.8660028576850891,-1.6244880440829946e-10,-0.5000390410423279]},{"type":"position","time":0.30930018424987795,"pos":[908.3890380859375,18.484081268310548,117.28423309326172,-0.5000390410423279,-1.2967203311120557e-8,-0.8660028576850891,-6.56409993027296e-9,1,-1.1183447057305785e-8,0.8660028576850891,9.236932746459203e-11,-0.5000390410423279]},{"type":"position","time":0.3242788314819336,"pos":[908.3890380859375,18.484081268310548,117.28423309326172,-0.5000390410423279,-4.157139343874405e-8,-0.8660028576850891,-2.1043684128585484e-8,1,-3.5852917079637339e-8,0.8660028576850891,2.9603239304343278e-10,-0.5000390410423279]},{"type":"position","time":0.33855390548706057,"pos":[908.3890380859375,18.484081268310548,117.28423309326172,-0.5000390410423279,-6.300849975104939e-8,-0.8660028576850891,-3.18952579902998e-8,1,-5.434118932612364e-8,0.8660028576850891,4.48667825114768e-10,-0.5000390410423279]},{"type":"position","time":0.36031579971313479,"pos":[908.3890380859375,18.484081268310548,117.28423309326172,-0.5000390410423279,-9.156994451586798e-8,-0.8660028576850891,-4.635321104728973e-8,1,-7.897379106225344e-8,0.8660028576850891,6.520351480965303e-10,-0.5000390410423279]},{"type":"position","time":0.37273693084716799,"pos":[908.3890380859375,18.484081268310548,117.28423309326172,-0.5000390410423279,-1.2010698924314057e-7,-0.8660028576850891,-6.079881842424584e-8,1,-1.035853500752637e-7,0.8660028576850891,8.552307195763831e-10,-0.5000390410423279]},{"type":"position","time":0.39501261711120608,"pos":[908.3890380859375,18.484081268310548,117.28423309326172,-0.5000390410423279,-6.794157059175632e-8,-0.8660028576850891,-3.439239293356877e-8,1,-5.8595688301466e-8,0.8660028576850891,4.837769629340016e-10,-0.5000390410423279]},{"type":"position","time":0.4096071720123291,"pos":[908.3890380859375,18.484081268310548,117.28423309326172,-0.5000390410423279,-2.624934758443942e-8,-0.8660028576850891,-1.3287547950824319e-8,1,-2.2638557695131568e-8,0.8660028576850891,1.8689190472986895e-10,-0.5000390410423279]},{"type":"position","time":0.4261906147003174,"pos":[908.3890380859375,18.484081268310548,117.28423309326172,-0.5000390410423279,1.540726657367486e-8,-0.8660028576850891,7.799275003605999e-9,1,1.3287860589628054e-8,0.8660028576850891,-1.0974573333433213e-10,-0.5000390410423279]},{"type":"position","time":0.44293689727783205,"pos":[908.3890380859375,18.484081268310548,117.28423309326172,-0.5000390410423279,4.6626375649339027e-8,-0.8660028576850891,2.3602574117376208e-8,1,4.0212530194594368e-8,0.8660028576850891,-3.320616004387489e-10,-0.5000390410423279]},{"type":"position","time":0.4582204818725586,"pos":[908.3890380859375,18.484081268310548,117.28423309326172,-0.5000390410423279,9.861378202913329e-8,-0.8660028576850891,4.9918920552727289e-8,1,8.504865434133535e-8,0.8660028576850891,-7.022809556112009e-10,-0.5000390410423279]},{"type":"position","time":0.4771463871002197,"pos":[908.3890380859375,18.484081268310548,117.28423309326172,-0.5000390410423279,8.744522261849852e-8,-0.8660028576850891,4.4265316745395469e-8,1,7.541642332853371e-8,0.8660028576850891,-6.227353632759503e-10,-0.5000390410423279]},{"type":"position","time":0.488938570022583,"pos":[908.3890380859375,18.484081268310548,117.28423309326172,-0.5000390410423279,6.589965551029309e-8,-0.8660028576850891,3.335880549570902e-8,1,5.6834625894452986e-8,0.8660028576850891,-4.692902177971803e-10,-0.5000390410423279]},{"type":"position","time":0.5065312385559082,"pos":[908.3890380859375,18.484081268310548,117.28423309326172,-0.5000390410423279,3.719369701116193e-8,-0.8660028576850891,1.8827659431508438e-8,1,3.2077416278752938e-8,0.8660028576850891,-2.648472829935855e-10,-0.5000390410423279]},{"type":"position","time":0.5246829986572266,"pos":[908.3890380859375,18.484081268310548,117.28423309326172,-0.5000390410423279,8.512263782733953e-9,-0.8660028576850891,4.308922996187903e-9,1,7.341354191225946e-9,0.8660028576850891,-6.057563478600869e-11,-0.5000390410423279]},{"type":"position","time":0.5404062271118164,"pos":[908.3890380859375,18.484081268310548,117.28423309326172,-0.5000390410423279,-2.0144669932165017e-8,-0.8660028576850891,-1.0197415356572037e-8,1,-1.7373574578982699e-8,0.8660028576850891,1.4352570520959063e-10,-0.5000390410423279]},{"type":"position","time":0.5575954914093018,"pos":[908.3890380859375,18.484081268310548,117.28423309326172,-0.5000390410423279,-4.877712456163863e-8,-0.8660028576850891,-2.4691365396734e-8,1,-4.206738779544139e-8,0.8660028576850891,3.4745673005431856e-10,-0.5000390410423279]},{"type":"position","time":0.5724997520446777,"pos":[908.3890380859375,18.484081268310548,117.28423309326172,-0.5000390410423279,-7.738512408650422e-8,-0.8660028576850891,-3.917293867061744e-8,1,-6.67401067744322e-8,0.8660028576850891,5.512170719867981e-10,-0.5000390410423279]},{"type":"position","time":0.5917034149169922,"pos":[908.3890380859375,18.484081268310548,117.28423309326172,-0.5000390410423279,-1.1311075809317117e-7,-0.8660028576850891,-5.7257516061781646e-8,1,-9.755136431977007e-8,0.8660028576850891,8.056805222977914e-10,-0.5000390410423279]},{"type":"position","time":0.6086606979370117,"pos":[908.4286499023438,18.483781814575197,117.31546020507813,-0.5080069303512573,-5.546965553548944e-7,-0.8613529801368713,-4.563532485235555e-8,1,-6.170682240735914e-7,0.8613529801368713,-2.7416683678893607e-7,-0.5080069303512573]},{"type":"position","time":0.6259398460388184,"pos":[908.5594482421875,18.48217010498047,117.43340301513672,-0.5284361243247986,-0.000003154504156555049,-0.8489730954170227,-3.601180864620801e-8,1,-0.0000036932553939550418,0.8489730954170227,-0.0000019210765458410607,-0.5284361243247986]},{"type":"position","time":0.6452274322509766,"pos":[908.7373657226563,18.47995948791504,117.59565734863281,-0.5545210838317871,-0.000005069487087894231,-0.8321697115898132,-9.460455174803428e-8,1,-0.000006028850748407422,0.8321697115898132,-0.0000032643977192492459,-0.5545210838317871]},{"type":"position","time":0.660933256149292,"pos":[908.9041137695313,18.477888107299806,117.78929138183594,-0.5825233459472656,-0.000007240893410198623,-0.812813937664032,-1.659818451571482e-7,1,-0.000008789471394266002,0.812813937664032,-0.000004985160558135249,-0.5825233459472656]},{"type":"position","time":0.675560712814331,"pos":[909.0722045898438,18.475801467895509,117.99606323242188,-0.6115031838417053,-0.000009628100087866187,-0.7912419438362122,-2.8107717753300678e-7,1,-0.00001195111053675646,0.7912419438362122,-0.000007085742254275829,-0.6115031838417053]},{"type":"position","time":0.6897902488708496,"pos":[909.1979370117188,18.474239349365236,118.15167999267578,-0.6308611631393433,-0.000009258729733119253,-0.7758957147598267,-2.9504815302061618e-7,1,-0.000011693059605022427,0.7758957147598267,-0.000007147770702431444,-0.6308611631393433]},{"type":"position","time":0.7074100971221924,"pos":[909.3661499023438,18.472150802612306,118.35859680175781,-0.6529178619384766,-0.000006927506547071971,-0.7574287056922913,-2.021930498585789e-7,1,-0.000008971789611678105,0.7574287056922913,-0.000005704694558517076,-0.6529178619384766]},{"type":"position","time":0.7243599891662598,"pos":[909.5339965820313,18.470067977905275,118.56584167480469,-0.6717065572738648,-0.000004849136075790739,-0.7408173084259033,-1.0400743377658728e-7,1,-0.000006451351964642527,0.7408173084259033,-0.000004256364718457917,-0.6717065572738648]},{"type":"position","time":0.740234375,"pos":[909.7040405273438,18.46795654296875,118.771240234375,-0.6867190003395081,-0.000003295501528555178,-0.7269229888916016,-4.845475132242427e-8,1,-0.000004487720161705511,0.7269229888916016,-0.000003046579649890191,-0.6867190003395081]},{"type":"position","time":0.7588059902191162,"pos":[909.9200439453125,18.465272903442384,119.02510833740235,-0.7007599472999573,-0.0000017872190483103623,-0.7133971452713013,-1.5485593252151376e-8,1,-0.0000024900118660298178,0.7133971452713013,-0.0000017338531961286208,-0.7007599472999573]},{"type":"position","time":0.7750349044799805,"pos":[910.0505981445313,18.4198055267334,119.17662811279297,-0.7073107957839966,-0.0000012325617717579008,-0.7069027423858643,-6.726475376694907e-9,1,-0.000001736878402880393,0.7069027423858643,-0.0000012237578630447388,-0.7073107957839966]},{"type":"position","time":0.7902097702026367,"pos":[910.2261962890625,18.30940055847168,119.37728118896485,-0.7140450477600098,-7.064841724968574e-7,-0.7000997066497803,-1.5101049299914849e-9,1,-0.0000010075791578856297,0.7000997066497803,-7.183996899584599e-7,-0.7140450477600098]},{"type":"position","time":0.8072080612182617,"pos":[910.4036254882813,18.144495010375978,119.57626342773438,-0.7189099788665772,-3.803539811997325e-7,-0.6951032280921936,2.8789445827293039e-10,1,-5.474884119394119e-7,0.6951032280921936,-3.9379497707159319e-7,-0.7189099788665772]},{"type":"position","time":0.8260128498077393,"pos":[910.628662109375,17.86172103881836,119.82213592529297,-0.7225534319877625,-1.537911060722763e-7,-0.6913150548934937,1.3916837682259598e-9,1,-2.23916245545297e-7,0.6913150548934937,-1.6275353686978634e-7,-0.7225534319877625]},{"type":"position","time":0.8395509719848633,"pos":[910.7635498046875,17.82058334350586,119.96977233886719,-0.7242669463157654,-1.071215578463125e-7,-0.6895197033882141,1.6506752631428868e-9,1,-1.5709063916347078e-7,0.6895197033882141,-1.1491372475802564e-7,-0.7242669463157654]},{"type":"position","time":0.8621885776519775,"pos":[910.9452514648438,17.755081176757814,120.16495513916016,-0.7255521416664124,-8.378565041766706e-8,-0.688167154788971,1.4703678274941013e-9,1,-1.2330214360645187e-7,0.688167154788971,-9.047398918937688e-8,-0.7255521416664124]},{"type":"position","time":0.87872314453125,"pos":[911.1748046875,17.58437156677246,120.4066390991211,-0.7257269024848938,-5.34460085077626e-8,-0.6879828572273254,1.0698972818801167e-9,1,-7.881367736217726e-8,0.6879828572273254,-5.7933281283339969e-8,-0.7257269024848938]},{"type":"position","time":0.8926589488983154,"pos":[911.3607177734375,17.413774490356447,120.59780883789063,-0.7247673273086548,-4.203341319453102e-8,-0.6889936923980713,9.391850630535715e-10,1,-6.19949105384876e-8,0.6889936923980713,-4.5578978813409779e-8,-0.7247673273086548]},{"type":"position","time":0.9120330810546875,"pos":[911.549560546875,17.399154663085939,120.7861328125,-0.7225582003593445,-7.701986959318674e-8,-0.6913101077079773,1.1315591796901004e-9,1,-1.1259416510256415e-7,0.6913101077079773,-8.213809365997804e-8,-0.7225582003593445]},{"type":"position","time":0.9259779453277588,"pos":[911.7408447265625,17.415781021118165,120.97200775146485,-0.7193498015403748,-1.1760486273715287e-7,-0.6946479678153992,1.3658820741113687e-9,1,-1.7071583613414988e-7,0.6946479678153992,-1.237532103459671e-7,-0.7193498015403748]},{"type":"position","time":0.9409456253051758,"pos":[911.8858642578125,17.42542839050293,121.10968780517578,-0.7163835167884827,-1.68134704381373e-7,-0.6977066993713379,2.0058901206709835e-9,1,-2.4304151224896489e-7,0.6977066993713379,-1.755104506173666e-7,-0.7163835167884827]},{"type":"position","time":0.9590969085693359,"pos":[912.0816040039063,17.432798385620118,121.29071807861328,-0.7116062045097351,-2.652078592291218e-7,-0.7025785446166992,3.5481773075218827e-9,1,-3.8107165778455967e-7,0.7025785446166992,-2.736658188950969e-7,-0.7116062045097351]},{"type":"position","time":0.9765119552612305,"pos":[912.3263549804688,17.436182022094728,121.51702117919922,-0.706051766872406,-2.832373695582646e-7,-0.7081602215766907,4.084858673536473e-9,1,-4.0403497791885459e-7,0.7081602215766907,-2.881623402117839e-7,-0.706051766872406]},{"type":"position","time":0.9916975498199463,"pos":[912.5203857421875,17.435009002685548,121.6998519897461,-0.7029616832733154,-1.8341718543979369e-7,-0.7112277150154114,2.393023557090146e-9,1,-2.6025332999779496e-7,0.7112277150154114,-1.846501049840299e-7,-0.7029616832733154]},{"type":"position","time":1.0085642337799073,"pos":[912.664794921875,17.433225631713868,121.83817291259766,-0.7015630006790161,-1.1193270665899036e-7,-0.7126074433326721,8.082870484038551e-10,1,-1.5787060192451464e-7,0.7126074433326721,-1.1133216304415328e-7,-0.7015630006790161]},{"type":"position","time":1.022613525390625,"pos":[912.8506469726563,17.43090057373047,122.02936553955078,-0.7029145359992981,-7.605918739272966e-8,-0.7112743258476257,-1.6988190854050345e-9,1,-1.0525484128720564e-7,0.7112743258476257,-7.277682811945852e-8,-0.7029145359992981]},{"type":"position","time":1.0436854362487794,"pos":[913.0655517578125,17.42821502685547,122.28406524658203,-0.7123024463653565,-5.828766802551399e-7,-0.7018726468086243,-2.317008140906296e-9,1,-8.281078862637514e-7,0.7018726468086243,-5.882370146537141e-7,-0.7123024463653565]},{"type":"position","time":1.060934066772461,"pos":[913.221435546875,17.426265716552736,122.5002670288086,-0.7255896329879761,-0.0000017546925619171816,-0.6881276965141296,-1.660541570913665e-8,1,-0.0000025324427497253056,0.6881276965141296,-0.0000018260875549458433,-0.7255896329879761]},{"type":"position","time":1.0775766372680665,"pos":[913.3638916015625,17.42448616027832,122.72564697265625,-0.7427696585655212,-0.000003436417728153174,-0.6695470809936523,-6.373976191298425e-8,1,-0.000005061740921519231,0.6695470809936523,-0.0000037170307223277634,-0.7427696585655212]},{"type":"position","time":1.0933094024658204,"pos":[913.4861450195313,17.422956466674806,122.96244049072266,-0.7645522356033325,-0.000005708916887670057,-0.644561767578125,-1.598884438180903e-7,1,-0.00000866739901539404,0.644561767578125,-0.000006523621323140105,-0.7645522356033325]},{"type":"position","time":1.110161304473877,"pos":[913.5806274414063,17.421775817871095,123.21150970458985,-0.7919251322746277,-0.000009411661267222371,-0.6106181740760803,-3.9691869346825117e-7,1,-0.000014898559129505884,0.6106181740760803,-0.000011556177923921496,-0.7919251322746277]},{"type":"position","time":1.1266224384307862,"pos":[913.6427612304688,17.421001434326173,123.47052001953125,-0.8242165446281433,-0.00001446053556719562,-0.5662747025489807,-8.704296305950265e-7,1,-0.000024269338609883563,0.5662747025489807,-0.000019510289348545485,-0.8242165446281433]},{"type":"position","time":1.143601894378662,"pos":[913.6710205078125,17.4206485748291,123.73535919189453,-0.8593485355377197,-0.00001959767541848123,-0.5113903284072876,-0.000001617324301150802,1,-0.00003560456752893515,0.5113903284072876,-0.000029769647881039419,-0.8593485355377197]},{"type":"position","time":1.1592442989349366,"pos":[913.6730346679688,17.420625686645509,123.93519592285156,-0.885261595249176,-0.000022022657503839583,-0.4650934636592865,-0.000002225227490271209,1,-0.00004311552766012028,0.4650934636592865,-0.00003713358091772534,-0.885261595249176]},{"type":"position","time":1.175743818283081,"pos":[913.6533203125,17.420873641967775,124.20104217529297,-0.9174785017967224,-0.00002269926517328713,-0.3977854251861572,-0.000002881600948967389,1,-0.00005041778422310017,0.3977854251861572,-0.00004511097358772531,-0.9174785017967224]},{"type":"position","time":1.191080093383789,"pos":[913.6172485351563,17.421327590942384,124.46524047851563,-0.9444916248321533,-0.00002018429950112477,-0.3285354971885681,-0.0000031018223580758787,1,-0.000052519906603265557,0.3285354971885681,-0.0000485855525766965,-0.9444916248321533]},{"type":"position","time":1.2094483375549317,"pos":[913.55078125,17.42215919494629,124.79187774658203,-0.970443606376648,-0.000014880068192724139,-0.24132812023162843,-0.00000286235922430933,1,-0.00005014877751818858,0.24132812023162843,-0.00004797579094883986,-0.970443606376648]},{"type":"position","time":1.2247018814086915,"pos":[913.4876098632813,17.422948837280275,125.05101776123047,-0.9844813346862793,-0.000010294369531038683,-0.1754893660545349,-0.0000024092378225759605,1,-0.00004514530155574903,0.1754893660545349,-0.000044021908252034339,-0.9844813346862793]},{"type":"position","time":1.2423641681671143,"pos":[913.43359375,17.42362403869629,125.24360656738281,-0.9916459321975708,-0.000007125553565856535,-0.12898951768875123,-0.00000198552584151912,1,-0.00003997700696345419,0.12898951768875123,-0.000039386923162965107,-0.9916459321975708]},{"type":"position","time":1.2607777118682862,"pos":[913.3390502929688,17.4248046875,125.56333923339844,-0.9983333349227905,-0.0000031732388379168698,-0.057710517197847369,-0.0000013478863820637344,1,-0.000031668387237004939,0.057710517197847369,-0.000031537820177618417,-0.9983333349227905]},{"type":"position","time":1.278376579284668,"pos":[913.234619140625,17.426111221313478,125.87992095947266,-0.9999728798866272,-7.78578737481439e-7,0.007364772725850344,-9.695739890958067e-7,1,-0.000025930054107448087,-0.007364772725850344,-0.000025936491510947236,-0.9999728798866272]},{"type":"position","time":1.2928025722503663,"pos":[913.165771484375,17.426979064941408,126.06770324707031,-0.9990482926368713,1.9474828150123359e-7,0.04361734539270401,-8.234210895352589e-7,1,-0.00002332525582460221,-0.04361734539270401,-0.00002333897282369435,-0.9990482926368713]},{"type":"position","time":1.3076176643371583,"pos":[913.0918579101563,17.427902221679689,126.25357055664063,-0.9969412684440613,9.361622232972877e-7,0.07815408706665039,-7.064886631269474e-7,1,-0.000020990455595892855,-0.07815408706665039,-0.000020981467969249935,-0.9969412684440613]},{"type":"position","time":1.3277637958526612,"pos":[912.96533203125,17.429485321044923,126.56197357177735,-0.991354763507843,0.0000017641988279137877,0.13120879232883454,-5.347935143618088e-7,1,-0.000017486396245658399,-0.13120879232883454,-0.00001740539119055029,-0.991354763507843]},{"type":"position","time":1.3437681198120118,"pos":[912.8596801757813,17.430805206298829,126.80684661865235,-0.9855555891990662,0.0000021207754343777198,0.16935230791568757,-3.9967633824744555e-7,1,-0.000014848803402855993,-0.16935230791568757,-0.000014702006410516333,-0.9855555891990662]},{"type":"position","time":1.3601152896881104,"pos":[912.748046875,17.432201385498048,127.04904174804688,-0.9788060188293457,0.0000022864151105750354,0.20478959381580354,-3.036038833670318e-7,1,-0.000012615800187631976,-0.20478959381580354,-0.00001241059635503916,-0.9788060188293457]},{"type":"position","time":1.3760340213775635,"pos":[912.6622314453125,17.43327522277832,127.22967529296875,-0.9733875393867493,0.000002333257725695148,0.22916510701179505,-2.508081706764642e-7,1,-0.000011246876056247857,-0.22916510701179505,-0.000011005045962519944,-0.9733875393867493]},{"type":"position","time":1.3912482261657715,"pos":[912.5429077148438,17.434770584106447,127.46817779541016,-0.9656107425689697,0.0000023313871224672768,0.2599920928478241,-2.001691257191851e-7,1,-0.000009710575795907062,-0.2599920928478241,-0.000009428677913092543,-0.9656107425689697]},{"type":"position","time":1.4096381664276124,"pos":[912.4176635742188,17.436336517333986,127.7036361694336,-0.9571263790130615,0.0000024295256935147337,0.28967076539993288,-1.7482902592291794e-7,1,-0.000008964864719018806,-0.28967076539993288,-0.00000863115110405488,-0.9571263790130615]},{"type":"position","time":1.4265494346618653,"pos":[912.2548828125,17.438373565673829,127.99453735351563,-0.9457789659500122,0.0000025354027002322256,0.3248109519481659,-1.569596150829966e-7,1,-0.000008262812116299756,-0.3248109519481659,-0.000007865775842219591,-0.9457789659500122]},{"type":"position","time":1.4427196979522706,"pos":[912.1195678710938,17.440067291259767,128.2242889404297,-0.9363498091697693,0.000002525691115806694,0.3510684669017792,-1.3771351348168538e-7,1,-0.000007561599431937793,-0.3510684669017792,-0.000007128649031074019,-0.9363498091697693]},{"type":"position","time":1.4587898254394532,"pos":[912.0145874023438,17.441381454467775,128.39454650878907,-0.9291090369224548,0.00000247753973781073,0.3698059320449829,-1.213880835848613e-7,1,-0.000007004545750532998,-0.3698059320449829,-0.000006552876584464684,-0.9291090369224548]},{"type":"position","time":1.4779479503631592,"pos":[911.8284301757813,17.443710327148439,128.6709747314453,-0.9153368473052979,0.0000028201932309457335,0.40268898010253909,-1.236394524539719e-7,1,-0.0000072844427450036168,-0.40268898010253909,-0.000006717506948916707,-0.9153368473052979]},{"type":"position","time":1.4961485862731934,"pos":[911.6751098632813,17.445629119873048,128.8891143798828,-0.903935968875885,0.000003021839120265213,0.4276677668094635,-1.3113822205923498e-7,1,-0.000007343035576923285,-0.4276677668094635,-0.000006693717750749784,-0.903935968875885]},{"type":"position","time":1.5130069255828858,"pos":[911.5126342773438,17.447664260864259,129.10047912597657,-0.8913055658340454,0.0000032373436624766329,0.4534030854701996,-1.3375772311974289e-7,1,-0.000007403043127851561,-0.4534030854701996,-0.000006659019618382445,-0.8913055658340454]},{"type":"position","time":1.5347046852111817,"pos":[911.2972412109375,17.450361251831056,129.3547821044922,-0.8730521202087402,0.0000040802437979436949,0.48762694001197817,-1.6681426018294588e-7,1,-0.000008666217581776437,-0.48762694001197817,-0.000007647402526345104,-0.8730521202087402]},{"type":"position","time":1.5533075332641602,"pos":[911.1119995117188,17.452680587768556,129.54649353027345,-0.8556919097900391,0.0000051631018322950698,0.5174856185913086,-2.2333526317197539e-7,1,-0.000010346582712372765,-0.5174856185913086,-0.000008969060218078085,-0.8556919097900391]},{"type":"position","time":1.5716416835784913,"pos":[910.8644409179688,17.455780029296876,129.76956176757813,-0.8294932246208191,0.000007285679657798028,0.558516800403595,-3.445708784965973e-7,1,-0.000013556437806983013,-0.558516800403595,-0.000011437421562732198,-0.8294932246208191]},{"type":"position","time":1.5874931812286378,"pos":[910.6558837890625,17.458389282226564,129.93565368652345,-0.805705726146698,0.00000883879965840606,0.5923160314559937,-4.5555478322967249e-7,1,-0.0000155421130330069,-0.5923160314559937,-0.000012792202142009046,-0.805705726146698]},{"type":"position","time":1.6025009155273438,"pos":[910.4374389648438,17.461122512817384,130.08856201171876,-0.779008686542511,0.00001040599454427138,0.627013087272644,-5.412790073933138e-7,1,-0.000017268626834265889,-0.627013087272644,-0.000013791800483886619,-0.779008686542511]},{"type":"position","time":1.6212401390075684,"pos":[910.21044921875,17.463964462280275,130.22837829589845,-0.749403715133667,0.000012171345588285476,0.6621133685112,-6.284167284320574e-7,1,-0.000019093835362582469,-0.6621133685112,-0.0000147250739246374,-0.749403715133667]},{"type":"position","time":1.6381988525390626,"pos":[909.9750366210938,17.46691131591797,130.35357666015626,-0.7166171073913574,0.000014132250726106577,0.6974667310714722,-7.285025844794291e-7,1,-0.00002101076279359404,-0.6974667310714722,-0.00001556477764097508,-0.7166171073913574]},{"type":"position","time":1.6531267166137696,"pos":[909.7306518554688,17.469966888427736,130.46006774902345,-0.6794644594192505,0.000016896876331884415,0.7337084412574768,-8.811848601908423e-7,1,-0.000023845452233217658,-0.7337084412574768,-0.00001684866947471164,-0.6794644594192505]},{"type":"position","time":1.6665565967559815,"pos":[909.541748046875,17.472333908081056,130.5252227783203,-0.6482115387916565,0.00001969812910829205,0.7614603042602539,-0.0000010536416539252969,1,-0.000026765823349705898,-0.7614603042602539,-0.000018152220945921728,-0.6482115387916565]},{"type":"position","time":1.6810905933380128,"pos":[909.2845458984375,17.475553512573243,130.5955352783203,-0.6024206280708313,0.000023906157366582194,0.7981787919998169,-0.000001327864424638392,1,-0.00003095307693001814,-0.7981787919998169,-0.000019706647435668857,-0.6024206280708313]},{"type":"position","time":1.6954891681671143,"pos":[909.0883178710938,17.478010177612306,130.63381958007813,-0.5650773048400879,0.000026846832042792813,0.825037956237793,-0.0000015223561149468879,1,-0.000033582793548703197,-0.825037956237793,-0.00002023287561314646,-0.5650773048400879]},{"type":"position","time":1.7122697830200196,"pos":[908.8231811523438,17.48133087158203,130.66049194335938,-0.5089912414550781,0.00003245608968427405,0.8607717156410217,-0.0000018821942830982153,1,-0.0000388187836506404,-0.8607717156410217,-0.00002137856063200161,-0.5089912414550781]},{"type":"position","time":1.730010986328125,"pos":[908.5567626953125,17.484664916992189,130.65673828125,-0.444781631231308,0.00004064765744260512,0.8956390619277954,-0.0000024801922791084509,1,-0.00004661565617425367,-0.8956390619277954,-0.00002295514423167333,-0.444781631231308]},{"type":"position","time":1.7482120990753174,"pos":[908.2257080078125,17.488807678222658,130.6189422607422,-0.35642209649086,0.00005012249312130734,0.9343250393867493,-0.0000032536695471208079,1,-0.00005488686292665079,-0.9343250393867493,-0.000022602876924793237,-0.35642209649086]},{"type":"position","time":1.7630741596221924,"pos":[908.0308227539063,17.491247177124025,130.57504272460938,-0.29980891942977908,0.00005417429201770574,0.9539992809295654,-0.00000356285499947262,1,-0.000057906196161638948,-0.9539992809295654,-0.000020759754988830538,-0.29980891942977908]},{"type":"position","time":1.781017541885376,"pos":[907.7152099609375,17.49519920349121,130.4685516357422,-0.1978878229856491,0.00006260622467380017,0.9802246689796448,-0.000004157183411734877,1,-0.00006470851076301187,-0.9802246689796448,-0.000016879999748198317,-0.19788780808448792]},{"type":"position","time":1.7968716621398926,"pos":[907.4698486328125,17.498268127441408,130.3641357421875,-0.11616811901330948,0.00006466447666753083,0.9932295680046082,-0.000004311893007979961,1,-0.00006560958718182519,-0.9932295680046082,-0.000011904441635124386,-0.11616811901330948]},{"type":"position","time":1.8137624263763428,"pos":[907.2337646484375,17.501222610473634,130.24029541015626,-0.0347154326736927,0.00006288127769948915,0.9993972182273865,-0.00000406492881666054,1,-0.00006306040449999273,-0.9993972182273865,-0.000006251647846511332,-0.0347154326736927]},{"type":"position","time":1.8284356594085694,"pos":[907.0629272460938,17.503360748291017,130.13632202148438,0.025323903188109399,0.00006122402555774897,0.9996792674064636,-0.000003821782229351811,1,-0.00006114685675129294,-0.9996793270111084,-0.000002272079427712015,0.025323903188109399]},{"type":"position","time":1.8426744937896729,"pos":[906.8447265625,17.506092071533204,129.98309326171876,0.10469524562358856,0.000059212437918176877,0.9945043325424194,-0.0000036028488921147074,1,-0.000059160363889532167,-0.9945043325424194,0.0000026107600206159988,0.10469524562358856]},{"type":"position","time":1.859940528869629,"pos":[906.6298828125,17.508779525756837,129.82501220703126,0.1774776428937912,0.00005363746822695248,0.9841248393058777,-0.000003155441845592577,1,-0.00005393365427153185,-0.9841248393058777,0.000006466669674409786,0.1774776428937912]},{"type":"position","time":1.8795607089996338,"pos":[906.4259033203125,17.511333465576173,129.65335083007813,0.24703796207904817,0.000047262932639569047,0.969005823135376,-0.000002633473968671751,1,-0.000048103287554113197,-0.969005823135376,0.000009331486580776982,0.24703796207904817]},{"type":"position","time":1.9043219089508057,"pos":[906.1861572265625,17.514333724975587,129.4217987060547,0.3312219977378845,0.00004411494228406809,0.9435528516769409,-0.0000023895170215837426,1,-0.00004591526885633357,-0.9435528516769409,0.000012953511941304896,0.3312219977378845]},{"type":"position","time":1.9227313995361329,"pos":[905.9684448242188,17.517059326171876,129.1695556640625,0.4132782816886902,0.00004322759195929393,0.9106047749519348,-0.000002459562438161811,1,-0.000046355027734534818,-0.9106047749519348,0.000016917836546781474,0.4132782816886902]},{"type":"position","time":1.9395167827606202,"pos":[905.8067626953125,17.519084930419923,128.95755004882813,0.4742766320705414,0.00004054980672663078,0.880375862121582,-0.0000023770548978063745,1,-0.00004477908441913314,-0.880375862121582,0.000019144972611684353,0.4742766320705414]},{"type":"position","time":1.95749831199646,"pos":[905.6119995117188,17.52152442932129,128.68690490722657,0.541481077671051,0.00003293461486464366,0.8407129049301148,-0.0000018601275542096119,1,-0.00003797656609094702,-0.8407129049301148,0.000018999760868609884,0.541481077671051]},{"type":"position","time":1.9743735790252686,"pos":[905.4676513671875,17.523332595825197,128.4627227783203,0.5900757312774658,0.000027802019758382813,0.8073478937149048,-0.0000014723863159815665,1,-0.00003336009103804827,-0.8073478937149048,0.000018496251868782566,0.5900757312774658]},{"type":"position","time":1.9905974864959717,"pos":[905.33154296875,17.525035858154298,128.2334442138672,0.6340668201446533,0.0000238992361119017,0.7732782363891602,-0.0000012263674307178008,1,-0.000029900798836024479,-0.7732782363891602,0.000018010779967880809,0.6340668201446533]},{"type":"position","time":2.00699782371521,"pos":[905.201904296875,17.52665901184082,128.00038146972657,0.6733806729316711,0.000020209163267281839,0.7392958998680115,-0.0000010221406228083652,1,-0.000026404683012515308,-0.7392958998680115,0.000017024738554027864,0.6733806729316711]},{"type":"position","time":2.022250175476074,"pos":[905.109375,17.527820587158204,127.82306671142578,0.7000080347061157,0.000017620634025661276,0.7141349911689758,-8.723373525754141e-7,1,-0.000023819013222237119,-0.7141349911689758,0.00001605053330422379,0.7000080347061157]},{"type":"position","time":2.0390214920043947,"pos":[904.9920654296875,17.52928924560547,127.58354187011719,0.7324898838996887,0.000014734921933268197,0.6807779669761658,-7.070288461363816e-7,1,-0.000020883506294921973,-0.6807779669761658,0.00001481562685512472,0.7324898838996887]},{"type":"position","time":2.052048921585083,"pos":[904.879150390625,17.530702590942384,127.34191131591797,0.7611956000328064,0.000012312857506913133,0.6485223770141602,-5.733430157306429e-7,1,-0.000018313061445951463,-0.6485223770141602,0.000013567995665653143,0.7611955404281616]},{"type":"position","time":2.0648088455200197,"pos":[904.7982177734375,17.53171730041504,127.15897369384766,0.7804630398750305,0.000010597696928016376,0.625201940536499,-4.769644306179544e-7,1,-0.000016355426851077938,-0.625201940536499,0.000012466605767258443,0.7804630398750305]},{"type":"position","time":2.078338384628296,"pos":[904.7213134765625,17.53268051147461,126.97434997558594,0.7982511520385742,0.000009151563062914648,0.6023247838020325,-3.919853952538688e-7,1,-0.00001467424226575531,-0.6023247838020325,0.000011477627595013474,0.7982511520385742]},{"type":"position","time":2.0912139415740969,"pos":[904.6470947265625,17.533611297607423,126.78865051269531,0.8145301938056946,0.00000799160625319928,0.5801211595535278,-3.3053285619644159e-7,1,-0.000013311661859916058,-0.5801211595535278,0.000010651000593497884,0.8145301938056946]},{"type":"position","time":2.1134729385375978,"pos":[904.5274047851563,17.535112380981447,126.4775390625,0.8386966586112976,0.000006353728167596273,0.5445988774299622,-2.5594306407583647e-7,1,-0.000011272643860138487,-0.5445988774299622,0.00000931494196265703,0.8386966586112976]},{"type":"position","time":2.1354360580444338,"pos":[904.4114990234375,17.536563873291017,126.16498565673828,0.8589881658554077,0.000004875774266110966,0.5119954347610474,-1.8729589612576093e-7,1,-0.000009208851224684622,-0.5119954347610474,0.00000781439939601114,0.8589881658554077]},{"type":"position","time":2.151216745376587,"pos":[904.3235473632813,17.53766441345215,125.9132308959961,0.8730081915855408,0.000003892655968229519,0.4877055287361145,-1.3929904696396989e-7,1,-0.000007732220183243044,-0.4877055287361145,0.0000066823549786931839,0.8730081915855408]},{"type":"position","time":2.1690948009490969,"pos":[904.2202758789063,17.538959503173829,125.59630584716797,0.8887178301811218,0.0000031310407848650358,0.45845460891723635,-1.060718233247826e-7,1,-0.00000662393404127215,-0.45845460891723635,0.000005838178822159534,0.8887178301811218]},{"type":"position","time":2.182528495788574,"pos":[904.1613159179688,17.539697647094728,125.40519714355469,0.8971095085144043,0.0000028000665679428495,0.44180828332901,-9.442610604537549e-8,1,-0.000006146005489426898,-0.44180828332901,0.000005471921667776769,0.8971095085144043]},{"type":"position","time":2.1964855194091799,"pos":[904.087890625,17.54061508178711,125.1488265991211,0.9075812697410584,0.000002421168346700142,0.41987642645835879,-8.261419992550145e-8,1,-0.000005587809027929325,-0.41987642645835879,0.000005036702987126773,0.9075812697410584]},{"type":"position","time":2.213616132736206,"pos":[904.0343627929688,17.54128646850586,124.95611572265625,0.914606511592865,0.0000021669038687832655,0.4043451249599457,-7.309858318649276e-8,1,-0.000005193700417294167,-0.4043451249599457,0.000004720634933619294,0.914606511592865]},{"type":"position","time":2.2296009063720705,"pos":[903.9669189453125,17.542131423950197,124.69812774658203,0.9232408404350281,0.0000018253148255098495,0.38422173261642458,-6.051170942100726e-8,1,-0.000004605278263625223,-0.38422173261642458,0.000004228530997352209,0.9232408404350281]},{"type":"position","time":2.2454569339752199,"pos":[903.89892578125,17.542984008789064,124.44024658203125,0.9304672479629517,0.0000014503219745165553,0.36637499928474429,-4.468285652592385e-8,1,-0.000003845093033305602,-0.36637499928474429,0.0000035613625186670108,0.9304672479629517]},{"type":"position","time":2.2610158920288088,"pos":[903.826904296875,17.543886184692384,124.18347930908203,0.9357953667640686,9.325950145466777e-7,0.3525436818599701,-2.2504092811459487e-8,1,-0.000002585596575954696,-0.3525436818599701,0.0000024116557142406238,0.9357953667640686]},{"type":"position","time":2.2781004905700685,"pos":[903.7578735351563,17.54475212097168,123.9259262084961,0.9404735565185547,5.976351076242281e-7,0.3398668169975281,-8.788084926436568e-9,1,-0.0000017341209286314552,-0.3398668169975281,0.0000016279080909953337,0.9404735565185547]},{"type":"position","time":2.2939605712890627,"pos":[903.6741943359375,17.545801162719728,123.67279815673828,0.9424025416374207,2.740739546425175e-7,0.33448079228401186,3.977908280550224e-10,1,-8.2052196148652e-7,-0.33448079228401186,7.733950724286842e-7,0.9424025416374207]},{"type":"position","time":2.309699773788452,"pos":[903.582763671875,17.546945571899415,123.42232513427735,0.9423691630363464,1.501370228140786e-8,0.334574818611145,3.690971528413911e-9,1,-5.527002855387764e-8,-0.334574818611145,5.331967756205813e-8,0.9423691630363464]},{"type":"position","time":2.325655937194824,"pos":[903.48681640625,17.548147201538087,123.17353820800781,0.9413331151008606,-2.1807236905146966e-8,0.33747878670692446,8.939609053015829e-10,1,6.212455616605439e-8,-0.33747878670692446,-5.817821246978383e-8,0.9413331151008606]},{"type":"position","time":2.3406901359558107,"pos":[903.4126586914063,17.549074172973634,122.98776245117188,0.9401952624320984,2.2043289860107508e-8,0.34063592553138735,-5.976396461049305e-11,1,-6.454720846704731e-8,-0.34063592553138735,6.066662194825767e-8,0.9401952624320984]},{"type":"position","time":2.361588716506958,"pos":[903.2886352539063,17.550628662109376,122.67832946777344,0.9382603764533997,6.862238421945222e-8,0.3459298312664032,1.3254523034689215e-9,1,-2.019658182916828e-7,-0.3459298312664032,1.8995504547092424e-7,0.9382603764533997]},{"type":"position","time":2.3767693042755129,"pos":[903.1912841796875,17.55184555053711,122.4300308227539,0.9371805787086487,5.442809580813446e-8,0.34884464740753176,1.2735972276800567e-9,1,-1.594454346331986e-7,-0.34884464740753176,1.4987345764438943e-7,0.9371805787086487]},{"type":"position","time":2.388545513153076,"pos":[903.1196899414063,17.5527400970459,122.24327850341797,0.9367370009422302,4