{"a":[{"p":[-87.03389739990235,1015.0839233398438,-286.63140869140627,-0.4291169047355652,0,0.9032489657402039,0,1,0,-0.9032489657402039,0,-0.4291169047355652]},{"p":[-87.03389739990235,1015.0839233398438,-286.63140869140627,-0.4291169047355652,0,0.9032489657402039,0,1,0,-0.9032489657402039,0,-0.4291169047355652]},{"p":[-87.03389739990235,1015.0839233398438,-286.63140869140627,-0.4291169047355652,0,0.9032489657402039,0,1,0,-0.9032489657402039,0,-0.4291169047355652]},{"p":[-87.03389739990235,1015.0839233398438,-286.63140869140627,-0.4291169047355652,0,0.9032489657402039,0,1,0,-0.9032489657402039,0,-0.4291169047355652]},{"p":[-87.03389739990235,1015.0839233398438,-286.63140869140627,-0.4291169047355652,0,0.9032489657402039,0,1,0,-0.9032489657402039,0,-0.4291169047355652]},{"p":[-87.03389739990235,1015.0839233398438,-286.63140869140627,-0.4291169047355652,0,0.9032489657402039,0,1,0,-0.9032489657402039,0,-0.4291169047355652]},{"p":[-87.03389739990235,1015.0839233398438,-286.63140869140627,-0.4291169047355652,0,0.9032489657402039,0,1,0,-0.9032489657402039,0,-0.4291169047355652]},{"p":[-87.03389739990235,1015.0839233398438,-286.63140869140627,-0.4291169047355652,0,0.9032489657402039,0,1,0,-0.9032489657402039,0,-0.4291169047355652]},{"p":[-87.03389739990235,1015.0839233398438,-286.63140869140627,-0.4291169047355652,0,0.9032489657402039,0,1,0,-0.9032489657402039,0,-0.4291169047355652]},{"p":[-87.03389739990235,1015.0839233398438,-286.63140869140627,-0.4291169047355652,0,0.9032489657402039,0,1,0,-0.9032489657402039,0,-0.4291169047355652]},{"p":[-87.03389739990235,1015.0839233398438,-286.63140869140627,-0.4291169047355652,0,0.9032489657402039,0,1,0,-0.9032489657402039,0,-0.4291169047355652]},{"p":[-87.03389739990235,1015.0839233398438,-286.63140869140627,-0.4291169047355652,0,0.9032489657402039,0,1,0,-0.9032489657402039,0,-0.4291169047355652]},{"p":[-87.03389739990235,1015.0839233398438,-286.63140869140627,-0.4291169047355652,0,0.9032489657402039,0,1,0,-0.9032489657402039,0,-0.4291169047355652]},{"p":[-87.03389739990235,1015.0839233398438,-286.63140869140627,-0.4291169047355652,0,0.9032489657402039,0,1,0,-0.9032489657402039,0,-0.4291169047355652]},{"p":[-87.03389739990235,1015.0839233398438,-286.63140869140627,-0.4291169047355652,0,0.9032489657402039,0,1,0,-0.9032489657402039,0,-0.4291169047355652]},{"p":[-87.03389739990235,1015.0839233398438,-286.63140869140627,-0.4291169047355652,0,0.9032489657402039,0,1,0,-0.9032489657402039,0,-0.4291169047355652]},{"p":[-87.03389739990235,1015.0839233398438,-286.63140869140627,-0.4291169047355652,0,0.9032489657402039,0,1,0,-0.9032489657402039,0,-0.4291169047355652]},{"p":[-87.03389739990235,1015.0839233398438,-286.63140869140627,-0.4291169047355652,0,0.9032489657402039,0,1,0,-0.9032489657402039,0,-0.4291169047355652]},{"p":[-87.03389739990235,1015.0839233398438,-286.63140869140627,-0.4291169047355652,0,0.9032489657402039,0,1,0,-0.9032489657402039,0,-0.4291169047355652]},{"p":[-87.03389739990235,1015.0839233398438,-286.63140869140627,-0.4291169047355652,0,0.9032489657402039,0,1,0,-0.9032489657402039,0,-0.4291169047355652]},{"p":[-87.03389739990235,1015.0839233398438,-286.63140869140627,-0.4291169047355652,0,0.9032489657402039,0,1,0,-0.9032489657402039,0,-0.4291169047355652]},{"p":[-87.03389739990235,1015.0839233398438,-286.63140869140627,-0.4291169047355652,0,0.9032489657402039,0,1,0,-0.9032489657402039,0,-0.4291169047355652]},{"p":[-87.03389739990235,1015.0839233398438,-286.63140869140627,-0.4291169047355652,0,0.9032489657402039,0,1,0,-0.9032489657402039,0,-0.4291169047355652]},{"p":[-87.03389739990235,1015.0839233398438,-286.63140869140627,-0.4291169047355652,0,0.9032489657402039,0,1,0,-0.9032489657402039,0,-0.4291169047355652]},{"p":[-87.03389739990235,1015.0839233398438,-286.63140869140627,-0.4291169047355652,0,0.9032489657402039,0,1,0,-0.9032489657402039,0,-0.4291169047355652]},{"p":[-87.03389739990235,1015.0839233398438,-286.63140869140627,-0.4291169047355652,0,0.9032489657402039,0,1,0,-0.9032489657402039,0,-0.4291169047355652]},{"p":[-87.03389739990235,1015.0839233398438,-286.63140869140627,-0.4291169047355652,0,0.9032489657402039,0,1,0,-0.9032489657402039,0,-0.4291169047355652]},{"p":[-87.03389739990235,1015.0839233398438,-286.63140869140627,-0.4291169047355652,0,0.9032489657402039,0,1,0,-0.9032489657402039,0,-0.4291169047355652]},{"p":[-87.03389739990235,1015.0839233398438,-286.63140869140627,-0.4291169047355652,0,0.9032489657402039,0,1,0,-0.9032489657402039,0,-0.4291169047355652]},{"p":[-87.03389739990235,1015.0839233398438,-286.63140869140627,-0.4291169047355652,0,0.9032489657402039,0,1,0,-0.9032489657402039,0,-0.4291169047355652]},{"p":[-87.03389739990235,1015.0839233398438,-286.63140869140627,-0.4291169047355652,0,0.9032489657402039,0,1,0,-0.9032489657402039,0,-0.4291169047355652]},{"p":[-87.03389739990235,1015.0839233398438,-286.63140869140627,-0.4291169047355652,0,0.9032489657402039,0,1,0,-0.9032489657402039,0,-0.4291169047355652]},{"p":[-87.03389739990235,1015.0839233398438,-286.63140869140627,-0.4291169047355652,0,0.9032489657402039,0,1,0,-0.9032489657402039,0,-0.4291169047355652]},{"p":[-87.03389739990235,1015.0839233398438,-286.63140869140627,-0.4291169047355652,0,0.9032489657402039,0,1,0,-0.9032489657402039,0,-0.4291169047355652]},{"p":[-87.03389739990235,1015.0839233398438,-286.63140869140627,-0.4291169047355652,0,0.9032489657402039,0,1,0,-0.9032489657402039,0,-0.4291169047355652]},{"p":[-87.03389739990235,1015.0839233398438,-286.63140869140627,-0.4291169047355652,0,0.9032489657402039,0,1,0,-0.9032489657402039,0,-0.4291169047355652]},{"p":[-87.03389739990235,1015.0839233398438,-286.63140869140627,-0.4291169047355652,0,0.9032489657402039,0,1,0,-0.9032489657402039,0,-0.4291169047355652]},{"p":[-86.98699951171875,1015.0864868164063,-286.5870361328125,-0.5827786326408386,0,0.8126309514045715,0,1,0,-0.8126309514045715,0,-0.5827786326408386]},{"p":[-86.86714935302735,1015.103759765625,-286.46844482421877,-0.753095805644989,0,0.6579108834266663,0,1,0,-0.6579108834266663,0,-0.753095805644989]},{"p":[-86.70659637451172,1015.1425170898438,-286.3039245605469,-0.8729983568191528,0,0.487723171710968,0,1,0,-0.487723171710968,0,-0.8729983568191528]},{"p":[-86.53883361816406,1015.2015991210938,-286.1249084472656,-0.9457175135612488,0,0.32498976588249209,0,1,0,-0.32498976588249209,0,-0.9457175135612488]},{"p":[-86.36273956298828,1015.2636108398438,-285.9315185546875,-0.9839203357696533,0,0.17860795557498933,0,1,0,-0.17860795557498933,0,-0.9839203357696533]},{"p":[-86.14515686035156,1015.3025512695313,-285.6820068359375,-0.9996824264526367,0,0.02519899234175682,0,1,0,-0.02519899234175682,0,-0.9996824264526367]},{"p":[-85.99054718017578,1015.2584838867188,-285.49774169921877,-0.9973188042640686,0,-0.07317956537008286,0,1,0,0.07317956537008286,0,-0.9973188042640686]},{"p":[-85.83597564697266,1015.159912109375,-285.309326171875,-0.987794816493988,0,-0.15576089918613435,0,1,0,0.15576089918613435,0,-0.987794816493988]},{"p":[-85.68639373779297,1015.1557006835938,-285.12493896484377,-0.9736563563346863,0,-0.22802044451236726,0,1,0,0.22802044451236726,0,-0.9736563563346863]},{"p":[-85.56117248535156,1015.1072387695313,-284.9656066894531,-0.9576846361160278,0,-0.28781965374946597,0,1,0,0.28781965374946597,0,-0.9576846361160278]},{"p":[-85.44689178466797,1015.001220703125,-284.8167724609375,-0.9415736198425293,0,-0.3368071913719177,0,1,0,0.3368071913719177,0,-0.9415736198425293]},{"p":[-85.33683013916016,1014.8406982421875,-284.6697692871094,-0.9263611435890198,0,-0.3766365051269531,0,1,0,0.3766365051269531,0,-0.9263611435890198]},{"p":[-85.227294921875,1014.6256713867188,-284.5229187011719,-0.9105773568153381,0,-0.41333869099617007,0,1,0,0.41333869099617007,0,-0.9105773568153381]},{"p":[-85.11776733398438,1014.3561401367188,-284.3760681152344,-0.8934796452522278,0,-0.4491036832332611,0,1,0,0.4491036832332611,0,-0.8934796452522278]},{"p":[-85.00823974609375,1014.0321655273438,-284.2292175292969,-0.874995231628418,0,-0.48413151502609255,0,1,0,0.48413151502609255,0,-0.874995231628418]},{"p":[-84.89871215820313,1013.6536865234375,-284.0823669433594,-0.8551404476165772,0,-0.5183964371681213,0,1,0,0.5183964371681213,0,-0.8551404476165772]},{"p":[-84.76788330078125,1013.2206420898438,-283.8690185546875,-0.8490077257156372,0,-0.5283804535865784,0,1,0,0.5283804535865784,0,-0.8490077257156372]},{"p":[-84.63886260986328,1012.7330932617188,-283.6439514160156,-0.8502923846244812,0,-0.5263106226921082,0,1,0,0.5263106226921082,0,-0.8502923846244812]},{"p":[-84.51338195800781,1012.3663330078125,-283.4170837402344,-0.8534407019615173,0,-0.5211899280548096,0,1,0,0.5211899280548096,0,-0.8534407019615173]},{"p":[-84.38834381103516,1012.38720703125,-283.18341064453127,-0.8572948575019836,0,-0.514825701713562,0,1,0,0.514825701713562,0,-0.8572948575019836]},{"p":[-84.26839447021485,1012.4219360351563,-282.9478454589844,-0.8619440197944641,0,-0.5070034861564636,0,1,0,0.5070034861564636,0,-0.8619440197944641]},{"p":[-84.16352844238281,1012.4047241210938,-282.7293701171875,-0.8674940466880798,0,-0.49744758009910586,0,1,0,0.49744758009910586,0,-0.8674940466880798]},{"p":[-84.06834411621094,1012.3294067382813,-282.5181884765625,-0.873808741569519,0,-0.4862697124481201,0,1,0,0.4862697124481201,0,-0.873808741569519]},{"p":[-83.96647644042969,1012.1946411132813,-282.2812194824219,-0.8803685307502747,0,-0.47429031133651736,0,1,0,0.47429031133651736,0,-0.8803685307502747]},{"p":[-83.88065338134766,1012.00537109375,-282.0720520019531,-0.8870096802711487,0,-0.4617507755756378,0,1,0,0.4617507755756378,0,-0.8870096802711487]},{"p":[-83.789306640625,1011.7615356445313,-281.8397521972656,-0.8935116529464722,0,-0.4490399956703186,0,1,0,0.4490399956703186,0,-0.8935116529464722]},{"p":[-83.69911193847656,1011.4631958007813,-281.6017761230469,-0.8997547626495361,0,-0.43639588356018069,0,1,0,0.43639588356018069,0,-0.8997547626495361]},{"p":[-83.61409759521485,1011.3758544921875,-281.3686218261719,-0.9057363867759705,0,-0.4238414466381073,0,1,0,0.4238414466381073,0,-0.9057363867759705]},{"p":[-83.52705383300781,1011.3160400390625,-281.120361328125,-0.9114549160003662,0,-0.4114000201225281,0,1,0,0.4114000201225281,0,-0.9114549160003662]},{"p":[-83.45228576660156,1011.2017822265625,-280.9013977050781,-0.9167599081993103,0,-0.3994387090206146,0,1,0,0.3994387090206146,0,-0.9167599081993103]},{"p":[-83.37207794189453,1011.0941162109375,-280.65948486328127,-0.9216656684875488,0,-0.38798508048057558,0,1,0,0.38798508048057558,0,-0.9216656684875488]},{"p":[-83.29358673095703,1011.055419921875,-280.41668701171877,-0.9261848330497742,0,-0.3770698308944702,0,1,0,0.3770698308944702,0,-0.9261848330497742]},{"p":[-83.2137680053711,1011.0633544921875,-280.1661682128906,-0.9302223920822144,0,-0.36699631810188296,0,1,0,0.36699631810188296,0,-0.9302223920822144]},{"p":[-83.13936614990235,1011.1198120117188,-279.9298400878906,-0.9337932467460632,0,-0.3578130304813385,0,1,0,0.3578130304813385,0,-0.9337932467460632]},{"p":[-83.06116485595703,1011.1798095703125,-279.6783752441406,-0.9369603991508484,0,-0.34943562746047976,0,1,0,0.34943562746047976,0,-0.9369603991508484]},{"p":[-82.98336791992188,1011.2632446289063,-279.4251708984375,-0.9397870898246765,0,-0.34176045656204226,0,1,0,0.34176045656204226,0,-0.9397870898246765]},{"p":[-82.92037200927735,1011.3906860351563,-279.2198791503906,-0.9422159790992737,0,-0.33500611782073977,0,1,0,0.33500611782073977,0,-0.9422159790992737]},{"p":[-82.84868621826172,1011.53271484375,-278.98638916015627,-0.9442656636238098,0,-0.3291844129562378,0,1,0,0.3291844129562378,0,-0.9442656636238098]},{"p":[-82.77799987792969,1011.6941528320313,-278.7562255859375,-0.945992648601532,0,-0.3241880536079407,0,1,0,0.3241880536079407,0,-0.945992648601532]},{"p":[-82.70230102539063,1011.84375,-278.5098876953125,-0.9474491477012634,0,-0.3199063539505005,0,1,0,0.3199063539505005,0,-0.9474491477012634]},{"p":[-82.63265991210938,1012.0242919921875,-278.2833557128906,-0.9486789703369141,0,-0.31624072790145876,0,1,0,0.31624072790145876,0,-0.9486789703369141]},{"p":[-82.56193542480469,1012.2056274414063,-278.0558776855469,-0.9496152997016907,0,-0.3134179413318634,0,1,0,0.3134179413318634,0,-0.9496152997016907]},{"p":[-82.48390197753906,1012.3554077148438,-277.8096923828125,-0.9501988887786865,0,-0.31164422631263735,0,1,0,0.31164422631263735,0,-0.9501988887786865]},{"p":[-82.40292358398438,1012.482177734375,-277.559814453125,-0.9504262804985046,0,-0.31095001101493838,0,1,0,0.31095001101493838,0,-0.9504262804985046]},{"p":[-82.29747009277344,1012.577392578125,-277.2453918457031,-0.9501439929008484,0,-0.3118114769458771,0,1,0,0.3118114769458771,0,-0.9501439929008484]},{"p":[-82.20986938476563,1012.62744140625,-276.9947509765625,-0.9494116306304932,0,-0.31403425335884097,0,1,0,0.31403425335884097,0,-0.9494116306304932]},{"p":[-82.12326049804688,1012.62255859375,-276.7586975097656,-0.9480559229850769,0,-0.31810376048088076,0,1,0,0.31810376048088076,0,-0.9480559229850769]},{"p":[-82.0364990234375,1012.5819702148438,-276.52996826171877,-0.9463872909545898,0,-0.3230341970920563,0,1,0,0.3230341970920563,0,-0.9463872909545898]},{"p":[-81.96205139160156,1012.4747314453125,-276.3363342285156,-0.9447133541107178,0,-0.32789742946624758,0,1,0,0.32789742946624758,0,-0.9447133541107178]},{"p":[-81.89087677001953,1012.31982421875,-276.1531982421875,-0.9430561065673828,0,-0.3326336741447449,0,1,0,0.3326336741447449,0,-0.9430561065673828]},{"p":[-81.84285736083985,1012.1104125976563,-276.0312194824219,-0.9413970708847046,0,-0.33730044960975649,0,1,0,0.33730044960975649,0,-0.9413970708847046]},{"p":[-81.7986831665039,1011.8464965820313,-275.91937255859377,-0.9397192597389221,0,-0.34194689989089968,0,1,0,0.34194689989089968,0,-0.9397192597389221]},{"p":[-81.75458526611328,1011.5281372070313,-275.80767822265627,-0.9380190968513489,0,-0.34658363461494448,0,1,0,0.34658363461494448,0,-0.9380190968513489]},{"p":[-81.71048736572266,1011.1552124023438,-275.69598388671877,-0.9362960457801819,0,-0.3512117564678192,0,1,0,0.3512117564678192,0,-0.9362960457801819]},{"p":[-81.66638946533203,1010.727783203125,-275.58428955078127,-0.9345502257347107,0,-0.3558313250541687,0,1,0,0.3558313250541687,0,-0.9345502257347107]},{"p":[-81.6222915649414,1010.245849609375,-275.47259521484377,-0.9327815771102905,0,-0.360442191362381,0,1,0,0.360442191362381,0,-0.9327815771102905]},{"p":[-81.57819366455078,1009.70947265625,-275.36090087890627,-0.9309901595115662,0,-0.3650442659854889,0,1,0,0.3650442659854889,0,-0.9309901595115662]},{"p":[-81.52015686035156,1009.6276245117188,-275.215087890625,-0.9302452802658081,0,-0.3669382631778717,0,1,0,0.3669382631778717,0,-0.9302452802658081]},{"p":[-81.44403839111328,1009.6260375976563,-275.0240783691406,-0.9299888610839844,0,-0.36758774518966677,0,1,0,0.36758774518966677,0,-0.9299888610839844]},{"p":[-81.36888122558594,1009.6260375976563,-274.8354187011719,-0.9298318028450012,0,-0.36798474192619326,0,1,0,0.36798474192619326,0,-0.9298318028450012]},{"p":[-81.28136444091797,1009.6260375976563,-274.6130676269531,-0.9298708438873291,0,-0.36788609623908999,0,1,0,0.36788609623908999,0,-0.9298708438873291]},{"p":[-81.1909408569336,1009.5255126953125,-274.38287353515627,-0.9299787878990173,0,-0.3676131069660187,0,1,0,0.3676131069660187,0,-0.9299787878990173]},{"p":[-81.09585571289063,1009.3631591796875,-274.1373291015625,-0.9302763938903809,0,-0.3668593764305115,0,1,0,0.3668593764305115,0,-0.9302763938903809]},{"p":[-81.00224304199219,1009.1463012695313,-273.8930358886719,-0.9307261109352112,0,-0.3657170236110687,0,1,0,0.3657170236110687,0,-0.9307261109352112]},{"p":[-80.88483428955078,1009.0071411132813,-273.5823669433594,-0.9315087795257568,0,-0.3637188673019409,0,1,0,0.3637188673019409,0,-0.9315087795257568]},{"p":[-80.81825256347656,1008.9712524414063,-273.4041442871094,-0.9320453405380249,0,-0.3623417019844055,0,1,0,0.3623417019844055,0,-0.9320453405380249]},{"p":[-80.72746276855469,1008.9225463867188,-273.15948486328127,-0.9327948093414307,0,-0.36040791869163515,0,1,0,0.36040791869163515,0,-0.9327948093414307]},{"p":[-80.63565063476563,1008.8417358398438,-272.9118347167969,-0.9334791898727417,0,-0.3586314916610718,0,1,0,0.3586314916610718,0,-0.9334791898727417]},{"p":[-80.55250549316406,1008.7064208984375,-272.68756103515627,-0.9340715408325195,0,-0.3570858836174011,0,1,0,0.3570858836174011,0,-0.9340715408325195]},{"p":[-80.46551513671875,1008.5586547851563,-272.4529113769531,-0.9345794916152954,0,-0.35575443506240847,0,1,0,0.35575443506240847,0,-0.9345794916152954]},{"p":[-80.3620376586914,1008.4053955078125,-272.1737976074219,-0.9351182579994202,0,-0.35433584451675417,0,1,0,0.35433584451675417,0,-0.9351182579994202]},{"p":[-80.28468322753906,1008.221435546875,-271.9651794433594,-0.9354797601699829,0,-0.3533802926540375,0,1,0,0.3533802926540375,0,-0.9354797601699829]},{"p":[-80.22101593017578,1008.1724853515625,-271.7843933105469,-0.93614661693573,0,-0.35160988569259646,0,1,0,0.35160988569259646,0,-0.93614661693573]},{"p":[-80.14961242675781,1008.1060180664063,-271.55029296875,-0.9387333393096924,0,-0.34464433789253237,0,1,0,0.34464433789253237,0,-0.9387333393096924]},{"p":[-80.06797790527344,1008.0468139648438,-271.2381286621094,-0.9438588619232178,0,-0.33034902811050417,0,1,0,0.33034902811050417,0,-0.9438588619232178]},{"p":[-80.03861999511719,1008.058837890625,-271.1239929199219,-0.9450616836547852,0,-0.3268919587135315,0,1,0,0.3268919587135315,0,-0.9450616836547852]},{"p":[-80.03326416015625,1008.09619140625,-271.1031799316406,-0.9453373551368713,0,-0.32609400153160097,0,1,0,0.32609400153160097,0,-0.9453373551368713]},{"p":[-80.03323364257813,1008.1118774414063,-271.1030578613281,-0.9453533291816711,0,-0.32604774832725527,0,1,0,0.32604774832725527,0,-0.9453533291816711]},{"p":[-80.03323364257813,1008.1248779296875,-271.1030578613281,-0.9453567862510681,0,-0.3260376453399658,0,1,0,0.3260376453399658,0,-0.9453567862510681]},{"p":[-80.03323364257813,1008.1320190429688,-271.1030578613281,-0.9453572034835815,0,-0.3260364830493927,0,1,0,0.3260364830493927,0,-0.9453572034835815]},{"p":[-80.03323364257813,1008.13720703125,-271.1030578613281,-0.9453572034835815,0,-0.32603636384010317,0,1,0,0.32603636384010317,0,-0.9453572034835815]},{"p":[-80.03323364257813,1008.1381225585938,-271.1030578613281,-0.9453572034835815,0,-0.32603636384010317,0,1,0,0.32603636384010317,0,-0.9453572034835815]},{"p":[-80.03323364257813,1008.1394653320313,-271.1030578613281,-0.9453572034835815,0,-0.32603636384010317,0,1,0,0.32603636384010317,0,-0.9453572034835815]},{"p":[-80.03323364257813,1008.1400756835938,-271.1030578613281,-0.9453572034835815,0,-0.32603636384010317,0,1,0,0.32603636384010317,0,-0.9453572034835815]},{"p":[-80.03323364257813,1008.1403198242188,-271.1030578613281,-0.9453572034835815,0,-0.32603636384010317,0,1,0,0.32603636384010317,0,-0.9453572034835815]},{"p":[-80.03323364257813,1008.1405639648438,-271.1030578613281,-0.9453572034835815,0,-0.32603636384010317,0,1,0,0.32603636384010317,0,-0.9453572034835815]},{"p":[-80.03323364257813,1008.1405639648438,-271.1030578613281,-0.9453572034835815,0,-0.32603636384010317,0,1,0,0.32603636384010317,0,-0.9453572034835815]},{"p":[-80.03323364257813,1008.1405639648438,-271.1030578613281,-0.9453572034835815,0,-0.32603636384010317,0,1,0,0.32603636384010317,0,-0.9453572034835815]},{"p":[-80.03323364257813,1008.1405639648438,-271.1030578613281,-0.9453572034835815,0,-0.32603636384010317,0,1,0,0.32603636384010317,0,-0.9453572034835815]},{"p":[-80.03323364257813,1008.1405639648438,-271.1030578613281,-0.9453572034835815,0,-0.32603636384010317,0,1,0,0.32603636384010317,0,-0.9453572034835815]},{"p":[-80.03323364257813,1008.1405639648438,-271.1030578613281,-0.9453572034835815,0,-0.32603636384010317,0,1,0,0.32603636384010317,0,-0.9453572034835815]},{"p":[-80.03323364257813,1008.1405639648438,-271.1030578613281,-0.9453572034835815,0,-0.32603636384010317,0,1,0,0.32603636384010317,0,-0.9453572034835815]},{"p":[-80.03323364257813,1008.1405639648438,-271.1030578613281,-0.9453572034835815,0,-0.32603636384010317,0,1,0,0.32603636384010317,0,-0.9453572034835815]},{"p":[-80.03323364257813,1008.1405639648438,-271.1030578613281,-0.9453572034835815,0,-0.32603636384010317,0,1,0,0.32603636384010317,0,-0.9453572034835815]},{"p":[-80.03323364257813,1008.1405639648438,-271.1030578613281,-0.9453572034835815,0,-0.32603636384010317,0,1,0,0.32603636384010317,0,-0.9453572034835815]},{"p":[-80.03323364257813,1008.1405639648438,-271.1030578613281,-0.9453572034835815,0,-0.32603636384010317,0,1,0,0.32603636384010317,0,-0.9453572034835815]},{"p":[-80.03323364257813,1008.1405639648438,-271.1030578613281,-0.9453572034835815,0,-0.32603636384010317,0,1,0,0.32603636384010317,0,-0.9453572034835815]},{"p":[-80.03323364257813,1008.1405639648438,-271.1030578613281,-0.9453572034835815,0,-0.32603636384010317,0,1,0,0.32603636384010317,0,-0.9453572034835815]},{"p":[-80.03323364257813,1008.1405639648438,-271.1030578613281,-0.9453572034835815,0,-0.32603636384010317,0,1,0,0.32603636384010317,0,-0.9453572034835815]},{"p":[-80.03323364257813,1008.1405639648438,-271.1030578613281,-0.9453572034835815,0,-0.32603636384010317,0,1,0,0.32603636384010317,0,-0.9453572034835815]},{"p":[-80.03323364257813,1008.1405639648438,-271.1030578613281,-0.9453572034835815,0,-0.32603636384010317,0,1,0,0.32603636384010317,0,-0.9453572034835815]},{"p":[-80.03323364257813,1008.1405639648438,-271.1030578613281,-0.9453572034835815,0,-0.32603636384010317,0,1,0,0.32603636384010317,0,-0.9453572034835815]},{"p":[-80.03323364257813,1008.1405639648438,-271.1030578613281,-0.9453572034835815,0,-0.32603636384010317,0,1,0,0.32603636384010317,0,-0.9453572034835815]},{"p":[-80.03323364257813,1008.1405639648438,-271.1030578613281,-0.9453572034835815,0,-0.32603636384010317,0,1,0,0.32603636384010317,0,-0.9453572034835815]},{"p":[-80.03323364257813,1008.1405639648438,-271.1030578613281,-0.9453572034835815,0,-0.32603636384010317,0,1,0,0.32603636384010317,0,-0.9453572034835815]},{"p":[-80.03323364257813,1008.1405639648438,-271.1030578613281,-0.9453572034835815,0,-0.32603636384010317,0,1,0,0.32603636384010317,0,-0.9453572034835815]},{"p":[-80.03323364257813,1008.1405639648438,-271.1030578613281,-0.9453572034835815,0,-0.32603636384010317,0,1,0,0.32603636384010317,0,-0.9453572034835815]},{"p":[-80.03323364257813,1008.1405639648438,-271.1030578613281,-0.9453572034835815,0,-0.32603636384010317,0,1,0,0.32603636384010317,0,-0.9453572034835815]},{"p":[-80.03323364257813,1008.1405639648438,-271.1030578613281,-0.9453572034835815,0,-0.32603636384010317,0,1,0,0.32603636384010317,0,-0.9453572034835815]},{"p":[-80.03323364257813,1008.1405639648438,-271.1030578613281,-0.9453572034835815,0,-0.32603636384010317,0,1,0,0.32603636384010317,0,-0.9453572034835815]},{"p":[-80.03323364257813,1008.1405639648438,-271.1030578613281,-0.9453572034835815,0,-0.32603636384010317,0,1,0,0.32603636384010317,0,-0.9453572034835815]},{"p":[-80.03323364257813,1008.1405639648438,-271.1030578613281,-0.9453572034835815,0,-0.32603636384010317,0,1,0,0.32603636384010317,0,-0.9453572034835815]},{"p":[-80.03323364257813,1008.1405639648438,-271.1030578613281,-0.9453572034835815,0,-0.32603636384010317,0,1,0,0.32603636384010317,0,-0.9453572034835815]},{"p":[-80.03323364257813,1008.1405639648438,-271.1030578613281,-0.9453572034835815,0,-0.32603636384010317,0,1,0,0.32603636384010317,0,-0.9453572034835815]},{"p":[-80.03323364257813,1008.1405639648438,-271.1030578613281,-0.9453572034835815,0,-0.32603636384010317,0,1,0,0.32603636384010317,0,-0.9453572034835815]},{"p":[-80.03323364257813,1008.1405639648438,-271.1030578613281,-0.9453572034835815,0,-0.32603636384010317,0,1,0,0.32603636384010317,0,-0.9453572034835815]},{"p":[-80.03323364257813,1008.1405639648438,-271.1030578613281,-0.9453572034835815,0,-0.32603636384010317,0,1,0,0.32603636384010317,0,-0.9453572034835815]},{"p":[-80.03323364257813,1008.1405639648438,-271.1030578613281,-0.9453572034835815,0,-0.32603636384010317,0,1,0,0.32603636384010317,0,-0.9453572034835815]},{"p":[-80.03323364257813,1008.1405639648438,-271.1030578613281,-0.9453572034835815,0,-0.32603636384010317,0,1,0,0.32603636384010317,0,-0.9453572034835815]},{"p":[-80.03323364257813,1008.1405639648438,-271.1030578613281,-0.9453572034835815,0,-0.32603636384010317,0,1,0,0.32603636384010317,0,-0.9453572034835815]},{"p":[-80.03323364257813,1008.1405639648438,-271.1030578613281,-0.9453572034835815,0,-0.32603636384010317,0,1,0,0.32603636384010317,0,-0.9453572034835815]},{"p":[-80.03323364257813,1008.1405639648438,-271.1030578613281,-0.9453572034835815,0,-0.32603636384010317,0,1,0,0.32603636384010317,0,-0.9453572034835815]},{"p":[-80.03323364257813,1008.1405639648438,-271.1030578613281,-0.9453572034835815,0,-0.32603636384010317,0,1,0,0.32603636384010317,0,-0.9453572034835815]},{"p":[-80.03323364257813,1008.1405639648438,-271.1030578613281,-0.9453572034835815,0,-0.32603636384010317,0,1,0,0.32603636384010317,0,-0.9453572034835815]},{"p":[-80.03323364257813,1008.1405639648438,-271.1030578613281,-0.9453572034835815,0,-0.32603636384010317,0,1,0,0.32603636384010317,0,-0.9453572034835815]},{"p":[-80.03323364257813,1008.1405639648438,-271.1030578613281,-0.9453572034835815,0,-0.32603636384010317,0,1,0,0.32603636384010317,0,-0.9453572034835815]},{"p":[-80.03323364257813,1008.1405639648438,-271.1030578613281,-0.9453572034835815,0,-0.32603636384010317,0,1,0,0.32603636384010317,0,-0.9453572034835815]},{"p":[-80.03323364257813,1008.1405639648438,-271.1030578613281,-0.9453572034835815,0,-0.32603636384010317,0,1,0,0.32603636384010317,0,-0.9453572034835815]},{"p":[-80.03323364257813,1008.1405639648438,-271.1030578613281,-0.9453572034835815,0,-0.32603636384010317,0,1,0,0.32603636384010317,0,-0.9453572034835815]},{"p":[-80.03323364257813,1008.1405639648438,-271.1030578613281,-0.9453572034835815,0,-0.32603636384010317,0,1,0,0.32603636384010317,0,-0.9453572034835815]},{"p":[-80.03323364257813,1008.1405639648438,-271.1030578613281,-0.9453572034835815,0,-0.32603636384010317,0,1,0,0.32603636384010317,0,-0.9453572034835815]},{"p":[-80.03323364257813,1008.1405639648438,-271.1030578613281,-0.9453572034835815,0,-0.32603636384010317,0,1,0,0.32603636384010317,0,-0.9453572034835815]},{"p":[-80.03323364257813,1008.1405639648438,-271.1030578613281,-0.9453572034835815,0,-0.32603636384010317,0,1,0,0.32603636384010317,0,-0.9453572034835815]},{"p":[-80.03323364257813,1008.1405639648438,-271.1030578613281,-0.9453572034835815,0,-0.32603636384010317,0,1,0,0.32603636384010317,0,-0.9453572034835815]},{"p":[-80.03323364257813,1008.1405639648438,-271.1030578613281,-0.9453572034835815,0,-0.32603636384010317,0,1,0,0.32603636384010317,0,-0.9453572034835815]},{"p":[-80.03323364257813,1008.1405639648438,-271.1030578613281,-0.9453572034835815,0,-0.32603636384010317,0,1,0,0.32603636384010317,0,-0.9453572034835815]},{"p":[-80.03323364257813,1008.1405639648438,-271.1030578613281,-0.9453572034835815,0,-0.32603636384010317,0,1,0,0.32603636384010317,0,-0.9453572034835815]},{"p":[-80.03323364257813,1008.1405639648438,-271.1030578613281,-0.9453572034835815,0,-0.32603636384010317,0,1,0,0.32603636384010317,0,-0.9453572034835815]},{"p":[-80.03323364257813,1008.1405639648438,-271.1030578613281,-0.9453572034835815,0,-0.32603636384010317,0,1,0,0.32603636384010317,0,-0.9453572034835815]},{"p":[-80.03323364257813,1008.1405639648438,-271.1030578613281,-0.9453572034835815,0,-0.32603636384010317,0,1,0,0.32603636384010317,0,-0.9453572034835815]},{"p":[-80.03323364257813,1008.1405639648438,-271.1030578613281,-0.9453572034835815,0,-0.32603636384010317,0,1,0,0.32603636384010317,0,-0.9453572034835815]},{"p":[-80.03323364257813,1008.1405639648438,-271.1030578613281,-0.9453572034835815,0,-0.32603636384010317,0,1,0,0.32603636384010317,0,-0.9453572034835815]},{"p":[-80.03323364257813,1008.1405639648438,-271.1030578613281,-0.9453572034835815,0,-0.32603636384010317,0,1,0,0.32603636384010317,0,-0.9453572034835815]},{"p":[-80.03323364257813,1008.1405639648438,-271.1030578613281,-0.9453572034835815,0,-0.32603636384010317,0,1,0,0.32603636384010317,0,-0.9453572034835815]},{"p":[-80.03323364257813,1008.1405639648438,-271.1030578613281,-0.9453572034835815,0,-0.32603636384010317,0,1,0,0.32603636384010317,0,-0.9453572034835815]},{"p":[-80.03323364257813,1008.1405639648438,-271.1030578613281,-0.9453572034835815,0,-0.32603636384010317,0,1,0,0.32603636384010317,0,-0.9453572034835815]},{"p":[-80.03323364257813,1008.1405639648438,-271.1030578613281,-0.9453572034835815,0,-0.32603636384010317,0,1,0,0.32603636384010317,0,-0.9453572034835815]},{"p":[-80.03323364257813,1008.1405639648438,-271.1030578613281,-0.9453572034835815,0,-0.32603636384010317,0,1,0,0.32603636384010317,0,-0.9453572034835815]},{"p":[-80.03323364257813,1008.1405639648438,-271.1030578613281,-0.9453572034835815,0,-0.32603636384010317,0,1,0,0.32603636384010317,0,-0.9453572034835815]},{"p":[-80.03323364257813,1008.1405639648438,-271.1030578613281,-0.9453572034835815,0,-0.32603636384010317,0,1,0,0.32603636384010317,0,-0.9453572034835815]},{"p":[-80.03323364257813,1008.1405639648438,-271.1030578613281,-0.9453572034835815,0,-0.32603636384010317,0,1,0,0.32603636384010317,0,-0.9453572034835815]},{"p":[-80.03323364257813,1008.1405639648438,-271.1030578613281,-0.9453572034835815,0,-0.32603636384010317,0,1,0,0.32603636384010317,0,-0.9453572034835815]},{"p":[-80.03323364257813,1008.1405639648438,-271.1030578613281,-0.9453572034835815,0,-0.32603636384010317,0,1,0,0.32603636384010317,0,-0.9453572034835815]},{"p":[-80.03323364257813,1008.1405639648438,-271.1030578613281,-0.9453572034835815,0,-0.32603636384010317,0,1,0,0.32603636384010317,0,-0.9453572034835815]},{"p":[-80.03323364257813,1008.1405639648438,-271.1030578613281,-0.9453572034835815,0,-0.32603636384010317,0,1,0,0.32603636384010317,0,-0.9453572034835815]},{"p":[-80.03323364257813,1008.1405639648438,-271.1030578613281,-0.9453572034835815,0,-0.32603636384010317,0,1,0,0.32603636384010317,0,-0.9453572034835815]},{"p":[-80.03323364257813,1008.1405639648438,-271.1030578613281,-0.9453572034835815,0,-0.32603636384010317,0,1,0,0.32603636384010317,0,-0.9453572034835815]},{"p":[-80.03323364257813,1008.1405639648438,-271.1030578613281,-0.9453572034835815,0,-0.32603636384010317,0,1,0,0.32603636384010317,0,-0.9453572034835815]},{"p":[-80.03323364257813,1008.1405639648438,-271.1030578613281,-0.9453572034835815,0,-0.32603636384010317,0,1,0,0.32603636384010317,0,-0.9453572034835815]},{"p":[-80.03323364257813,1008.1405639648438,-271.1030578613281,-0.9453572034835815,0,-0.32603636384010317,0,1,0,0.32603636384010317,0,-0.9453572034835815]},{"p":[-80.03323364257813,1008.1405639648438,-271.1030578613281,-0.9453572034835815,0,-0.32603636384010317,0,1,0,0.32603636384010317,0,-0.9453572034835815]},{"p":[-80.03323364257813,1008.1405639648438,-271.1030578613281,-0.9453572034835815,0,-0.32603636384010317,0,1,0,0.32603636384010317,0,-0.9453572034835815]},{"p":[-80.03323364257813,1008.1405639648438,-271.1030578613281,-0.9453572034835815,0,-0.32603636384010317,0,1,0,0.32603636384010317,0,-0.9453572034835815]},{"p":[-80.03323364257813,1008.1405639648438,-271.1030578613281,-0.9453572034835815,0,-0.32603636384010317,0,1,0,0.32603636384010317,0,-0.9453572034835815]}],"d":3.3572328090667726}