{"a":[{"p":[-107.33302307128906,1018.7186889648438,-301.5423583984375,1,0,0,0,1,0,0,0,1]},{"p":[-107.33302307128906,1018.7186889648438,-301.5423583984375,1,0,0,0,1,0,0,0,1]},{"p":[-107.33302307128906,1018.7186889648438,-301.5423583984375,1,0,0,0,1,0,0,0,1]},{"p":[-107.33302307128906,1018.7186889648438,-301.5423583984375,1,0,0,0,1,0,0,0,1]},{"p":[-107.33302307128906,1018.7186889648438,-301.5423583984375,1,0,0,0,1,0,0,0,1]},{"p":[-107.33302307128906,1018.7186889648438,-301.5423583984375,1,0,0,0,1,0,0,0,1]},{"p":[-107.33302307128906,1018.7186889648438,-301.5423583984375,1,0,0,0,1,0,0,0,1]},{"p":[-107.33302307128906,1018.7186889648438,-301.5423583984375,1,0,0,0,1,0,0,0,1]},{"p":[-107.33302307128906,1018.7186889648438,-301.5423583984375,1,0,0,0,1,0,0,0,1]},{"p":[-107.33302307128906,1018.7186889648438,-301.5423583984375,1,0,0,0,1,0,0,0,1]},{"p":[-107.33302307128906,1018.7186889648438,-301.5423583984375,1,0,0,0,1,0,0,0,1]},{"p":[-107.33302307128906,1018.7186889648438,-301.5423583984375,1,0,0,0,1,0,0,0,1]},{"p":[-107.33302307128906,1018.7186889648438,-301.5423583984375,1,0,0,0,1,0,0,0,1]},{"p":[-107.33302307128906,1018.7186889648438,-301.5423583984375,1,0,0,0,1,0,0,0,1]},{"p":[-107.33302307128906,1018.7186889648438,-301.5423583984375,1,0,0,0,1,0,0,0,1]},{"p":[-107.33302307128906,1018.7186889648438,-301.5423583984375,1,0,0,0,1,0,0,0,1]},{"p":[-107.33302307128906,1018.7186889648438,-301.5423583984375,1,0,0,0,1,0,0,0,1]},{"p":[-107.33302307128906,1018.7186889648438,-301.5423583984375,1,0,0,0,1,0,0,0,1]},{"p":[-107.33302307128906,1018.7186889648438,-301.5423583984375,1,0,0,0,1,0,0,0,1]},{"p":[-107.33302307128906,1018.7186889648438,-301.5423583984375,1,0,0,0,1,0,0,0,1]},{"p":[-107.33302307128906,1018.7186889648438,-301.5423583984375,1,0,0,0,1,0,0,0,1]},{"p":[-107.33302307128906,1018.7186889648438,-301.5423583984375,1,0,0,0,1,0,0,0,1]},{"p":[-107.33302307128906,1018.7186889648438,-301.5423583984375,1,0,0,0,1,0,0,0,1]},{"p":[-107.33302307128906,1018.7186889648438,-301.5423583984375,1,0,0,0,1,0,0,0,1]},{"p":[-107.33302307128906,1018.7186889648438,-301.5423583984375,1,0,0,0,1,0,0,0,1]},{"p":[-107.33302307128906,1018.7186889648438,-301.5423583984375,1,0,0,0,1,0,0,0,1]},{"p":[-107.33302307128906,1018.7186889648438,-301.5423583984375,1,0,0,0,1,0,0,0,1]},{"p":[-107.33302307128906,1018.7186889648438,-301.5423583984375,1,0,0,0,1,0,0,0,1]},{"p":[-107.33302307128906,1018.7186889648438,-301.5423583984375,1,0,0,0,1,0,0,0,1]},{"p":[-107.33302307128906,1018.7186889648438,-301.5423583984375,1,0,0,0,1,0,0,0,1]},{"p":[-107.33302307128906,1018.7186889648438,-301.5423583984375,1,0,0,0,1,0,0,0,1]},{"p":[-107.33302307128906,1018.7186889648438,-301.5423583984375,1,0,0,0,1,0,0,0,1]},{"p":[-107.33302307128906,1018.7186889648438,-301.5423583984375,1,0,0,0,1,0,0,0,1]},{"p":[-107.33302307128906,1018.7186889648438,-301.5423583984375,1,0,0,0,1,0,0,0,1]},{"p":[-107.33302307128906,1018.7186889648438,-301.5423583984375,1,0,0,0,1,0,0,0,1]},{"p":[-107.33302307128906,1018.7186889648438,-301.5423583984375,1,0,0,0,1,0,0,0,1]},{"p":[-107.33302307128906,1018.7186889648438,-301.5423583984375,1,0,0,0,1,0,0,0,1]},{"p":[-107.33302307128906,1018.7186889648438,-301.5423583984375,1,0,0,0,1,0,0,0,1]},{"p":[-107.33302307128906,1018.7186889648438,-301.5423583984375,1,0,0,0,1,0,0,0,1]},{"p":[-107.33302307128906,1018.7186889648438,-301.5423583984375,1,0,0,0,1,0,0,0,1]},{"p":[-107.33302307128906,1018.7186889648438,-301.5423583984375,1,0,0,0,1,0,0,0,1]},{"p":[-107.33302307128906,1018.7186889648438,-301.5423583984375,1,0,0,0,1,0,0,0,1]},{"p":[-107.33302307128906,1018.7186889648438,-301.5423583984375,1,0,0,0,1,0,0,0,1]},{"p":[-107.33302307128906,1018.7186889648438,-301.5423583984375,1,0,0,0,1,0,0,0,1]},{"p":[-107.33302307128906,1018.7186889648438,-301.5423583984375,1,0,0,0,1,0,0,0,1]},{"p":[-107.33302307128906,1018.7186889648438,-301.5423583984375,1,0,0,0,1,0,0,0,1]},{"p":[-107.33302307128906,1018.7186889648438,-301.5423583984375,1,0,0,0,1,0,0,0,1]},{"p":[-107.33302307128906,1018.7186889648438,-301.5423583984375,1,0,0,0,1,0,0,0,1]},{"p":[-107.33302307128906,1018.7186889648438,-301.5423583984375,1,0,0,0,1,0,0,0,1]},{"p":[-107.33302307128906,1018.7186889648438,-301.5423583984375,1,0,0,0,1,0,0,0,1]},{"p":[-107.33302307128906,1018.7186889648438,-301.5423583984375,1,0,0,0,1,0,0,0,1]},{"p":[-107.33302307128906,1018.7186889648438,-301.5423583984375,1,0,0,0,1,0,0,0,1]},{"p":[-107.33302307128906,1018.7186889648438,-301.5423583984375,1,0,0,0,1,0,0,0,1]},{"p":[-107.33302307128906,1018.7186889648438,-301.5423583984375,1,0,0,0,1,0,0,0,1]},{"p":[-107.33302307128906,1018.7186889648438,-301.5423583984375,1,0,0,0,1,0,0,0,1]},{"p":[-107.33302307128906,1018.7186889648438,-301.5423583984375,1,0,0,0,1,0,0,0,1]},{"p":[-107.33302307128906,1018.7186889648438,-301.5423583984375,1,0,0,0,1,0,0,0,1]},{"p":[-107.33302307128906,1018.7186889648438,-301.5423583984375,1,0,0,0,1,0,0,0,1]},{"p":[-107.33302307128906,1018.7186889648438,-301.5423583984375,1,0,0,0,1,0,0,0,1]},{"p":[-107.33302307128906,1018.7186889648438,-301.5423583984375,1,0,0,0,1,0,0,0,1]},{"p":[-107.33302307128906,1018.7186889648438,-301.5423583984375,1,0,0,0,1,0,0,0,1]},{"p":[-107.33302307128906,1018.7186889648438,-301.5423583984375,1,0,0,0,1,0,0,0,1]},{"p":[-107.33302307128906,1018.7186889648438,-301.5423583984375,1,0,0,0,1,0,0,0,1]},{"p":[-107.33302307128906,1018.7186889648438,-301.5423583984375,1,0,0,0,1,0,0,0,1]},{"p":[-107.33302307128906,1018.7186889648438,-301.5423583984375,1,0,0,0,1,0,0,0,1]},{"p":[-107.33302307128906,1018.7186889648438,-301.5423583984375,1,0,0,0,1,0,0,0,1]},{"p":[-107.33302307128906,1018.7186889648438,-301.5423583984375,1,0,0,0,1,0,0,0,1]},{"p":[-107.33302307128906,1018.7186889648438,-301.5423583984375,1,0,0,0,1,0,0,0,1]},{"p":[-107.33302307128906,1018.7186889648438,-301.5423583984375,1,0,0,0,1,0,0,0,1]},{"p":[-107.33302307128906,1018.7186889648438,-301.5423583984375,1,0,0,0,1,0,0,0,1]},{"p":[-107.33302307128906,1018.7186889648438,-301.5423583984375,1,0,0,0,1,0,0,0,1]},{"p":[-107.33302307128906,1018.7186889648438,-301.5423583984375,1,0,0,0,1,0,0,0,1]},{"p":[-107.33302307128906,1018.7186889648438,-301.5423583984375,1,0,0,0,1,0,0,0,1]},{"p":[-107.33302307128906,1018.7186889648438,-301.5423583984375,1,0,0,0,1,0,0,0,1]},{"p":[-107.33302307128906,1018.7186889648438,-301.5423583984375,1,0,0,0,1,0,0,0,1]},{"p":[-107.33302307128906,1018.7186889648438,-301.5423583984375,1,0,0,0,1,0,0,0,1]},{"p":[-107.33302307128906,1018.7186889648438,-301.5423583984375,1,0,0,0,1,0,0,0,1]},{"p":[-107.33302307128906,1018.7186889648438,-301.5423583984375,1,0,0,0,1,0,0,0,1]},{"p":[-107.33302307128906,1018.7186889648438,-301.5423583984375,1,0,0,0,1,0,0,0,1]},{"p":[-107.33302307128906,1018.7186889648438,-301.5423583984375,1,0,0,0,1,0,0,0,1]},{"p":[-107.33302307128906,1018.7186889648438,-301.5423583984375,1,0,0,0,1,0,0,0,1]},{"p":[-107.33302307128906,1018.7186889648438,-301.5423583984375,1,0,0,0,1,0,0,0,1]},{"p":[-107.33302307128906,1018.7186889648438,-301.5423583984375,1,0,0,0,1,0,0,0,1]},{"p":[-107.47213745117188,1018.7186889648438,-301.5896301269531,0.9888252019882202,0,0.1490795612335205,0,1,0,-0.1490795612335205,0,0.9888252019882202]},{"p":[-107.71308898925781,1018.7186889648438,-301.68878173828127,0.958576500415802,0,0.28483518958091738,0,1,0,-0.28483518958091738,0,0.958576500415802]},{"p":[-107.95750427246094,1018.7186889648438,-301.79510498046877,0.9183555245399475,0,0.39575645327568056,0,1,0,-0.39575645327568056,0,0.9183555245399475]},{"p":[-108.20118713378906,1018.7186889648438,-301.9034118652344,0.8737879395484924,0,0.48630714416503909,0,1,0,-0.48630714416503909,0,0.8737879395484924]},{"p":[-108.44389343261719,1018.7186889648438,-302.0138854980469,0.8287369608879089,0,0.5596383810043335,0,1,0,-0.5596383810043335,0,0.8287369608879089]},{"p":[-108.68513488769531,1018.7186889648438,-302.1275329589844,0.7859011888504028,0,0.6183521151542664,0,1,0,-0.6183521151542664,0,0.7859011888504028]},{"p":[-108.92488098144531,1018.7186889648438,-302.2442932128906,0.7466791272163391,0,0.6651844382286072,0,1,0,-0.6651844382286072,0,0.7466791272163391]},{"p":[-109.163818359375,1018.7186889648438,-302.3626708984375,0.7111824750900269,0,0.7030074596405029,0,1,0,-0.7030074596405029,0,0.7111824750900269]},{"p":[-109.40206909179688,1018.7186889648438,-302.4824523925781,0.6795279383659363,0,0.7336496114730835,0,1,0,-0.7336496114730835,0,0.6795279383659363]},{"p":[-109.63955688476563,1018.7186889648438,-302.603759765625,0.6517370939254761,0,0.7584449648857117,0,1,0,-0.7584449648857117,0,0.6517370939254761]},{"p":[-109.88111114501953,1018.7186889648438,-302.7167053222656,0.623448371887207,0,0.7818645238876343,0,1,0,-0.7818645238876343,0,0.623448371887207]},{"p":[-110.12822723388672,1018.7186889648438,-302.8168640136719,0.592682421207428,0,0.8054362535476685,0,1,0,-0.8054362535476685,0,0.592682421207428]},{"p":[-110.38352966308594,1018.7186889648438,-302.8935546875,0.5550639629364014,0,0.8318076729774475,0,1,0,-0.8318076729774475,0,0.5550639629364014]},{"p":[-110.63543701171875,1018.7186889648438,-302.93536376953127,0.5069023966789246,0,0.8620034456253052,0,1,0,-0.8620034456253052,0,0.5069023966789246]},{"p":[-110.80802917480469,1018.7186889648438,-302.9206237792969,0.43150079250335696,0,0.9021125435829163,0,1,0,-0.9021125435829163,0,0.43150079250335696]},{"p":[-110.88243865966797,1018.7186889648438,-302.84515380859377,0.2683343291282654,0,0.9633258581161499,0,1,0,-0.9633258581161499,0,0.2683343291282654]},{"p":[-110.86111450195313,1018.7186889648438,-302.72198486328127,0.002848093630746007,0,0.9999959468841553,0,1,0,-0.9999959468841553,0,0.002848093630746007]},{"p":[-110.77653503417969,1018.7186889648438,-302.5874938964844,-0.2792518138885498,0,0.9602178931236267,0,1,0,-0.9602178931236267,0,-0.2792518138885498]},{"p":[-110.60693359375,1018.7186889648438,-302.44970703125,-0.5451647639274597,0,0.8383288979530335,0,1,0,-0.8383288979530335,0,-0.5451647639274597]},{"p":[-110.36819458007813,1018.7186889648438,-302.34625244140627,-0.7639869451522827,0,0.6452316641807556,0,1,0,-0.6452316641807556,0,-0.7639869451522827]},{"p":[-110.10774993896485,1018.7186889648438,-302.2930603027344,-0.9140958786010742,0,0.40549811720848086,0,1,0,-0.40549811720848086,0,-0.9140958786010742]},{"p":[-109.84170532226563,1018.7186889648438,-302.2876892089844,-0.9892348647117615,0,0.14633652567863465,0,1,0,-0.14633652567863465,0,-0.9892348647117615]},{"p":[-109.51112365722656,1018.7186889648438,-302.3277282714844,-0.9858032464981079,0,-0.16790449619293214,0,1,0,0.16790449619293214,0,-0.9858032464981079]},{"p":[-109.25017547607422,1018.7186889648438,-302.3821105957031,-0.9231370687484741,0,-0.38447102904319765,0,1,0,0.38447102904319765,0,-0.9231370687484741]},{"p":[-108.99114990234375,1018.7186889648438,-302.4454040527344,-0.8291230797767639,0,-0.5590660572052002,0,1,0,0.5590660572052002,0,-0.8291230797767639]},{"p":[-108.79904174804688,1018.7186889648438,-302.50091552734377,-0.7474139332771301,0,-0.6643586754798889,0,1,0,0.6643586754798889,0,-0.7474139332771301]},{"p":[-108.54641723632813,1018.7186889648438,-302.586181640625,-0.6304855942726135,0,-0.7762009501457214,0,1,0,0.7762009501457214,0,-0.6304855942726135]},{"p":[-108.29769897460938,1018.7186889648438,-302.68231201171877,-0.5105063915252686,0,-0.8598739504814148,0,1,0,0.8598739504814148,0,-0.5105063915252686]},{"p":[-108.05172729492188,1018.7186889648438,-302.7853088378906,-0.3943824768066406,0,-0.918946385383606,0,1,0,0.918946385383606,0,-0.3943824768066406]},{"p":[-107.80208587646485,1018.7186889648438,-302.8789367675781,-0.29214581847190859,0,-0.9563738107681274,0,1,0,0.9563738107681274,0,-0.29214581847190859]},{"p":[-107.54579162597656,1018.7186889648438,-302.9521789550781,-0.2110166847705841,0,-0.9774824380874634,0,1,0,0.9774824380874634,0,-0.2110166847705841]},{"p":[-107.28307342529297,1018.7186889648438,-302.9964599609375,-0.15443174540996552,0,-0.9880034327507019,0,1,0,0.9880034327507019,0,-0.15443174540996552]},{"p":[-106.95104217529297,1018.7186889648438,-303.02484130859377,-0.11181588470935822,0,-0.9937289357185364,0,1,0,0.9937289357185364,0,-0.11181588470935822]},{"p":[-106.68444061279297,1018.7186889648438,-303.0255432128906,-0.09585468471050263,0,-0.9953953623771668,0,1,0,0.9953953623771668,0,-0.09585468471050263]},{"p":[-106.41806030273438,1018.7186889648438,-303.0136413574219,-0.08871395140886307,0,-0.9960571527481079,0,1,0,0.9960571527481079,0,-0.08871395140886307]},{"p":[-106.15242004394531,1018.7186889648438,-302.990478515625,-0.08827519416809082,0,-0.996096134185791,0,1,0,0.996096134185791,0,-0.08827519416809082]},{"p":[-105.88761138916016,1018.7186889648438,-302.9591064453125,-0.09212040901184082,0,-0.9957478642463684,0,1,0,0.9957478642463684,0,-0.09212040901184082]},{"p":[-105.62377166748047,1018.7186889648438,-302.9203796386719,-0.09919282793998718,0,-0.9950682520866394,0,1,0,0.9950682520866394,0,-0.09919282793998718]},{"p":[-105.36007690429688,1018.7186889648438,-302.88067626953127,-0.10590498149394989,0,-0.9943762421607971,0,1,0,0.9943762421607971,0,-0.10590498149394989]},{"p":[-105.09674835205078,1018.7186889648438,-302.8385925292969,-0.11289896816015244,0,-0.993606448173523,0,1,0,0.993606448173523,0,-0.11289896816015244]},{"p":[-104.83313751220703,1018.7186889648438,-302.7983703613281,-0.11808130145072937,0,-0.9930039048194885,0,1,0,0.9930039048194885,0,-0.11808130145072937]},{"p":[-104.56928253173828,1018.7186889648438,-302.75970458984377,-0.12174791842699051,0,-0.9925610423088074,0,1,0,0.9925610423088074,0,-0.12174791842699051]},{"p":[-104.3053970336914,1018.7186889648438,-302.72125244140627,-0.12479546666145325,0,-0.9921824932098389,0,1,0,0.9921824932098389,0,-0.12479546666145325]},{"p":[-104.17308807373047,1018.7186889648438,-302.7048034667969,-0.12477797269821167,0,-0.9921846985816956,0,1,0,0.9921846985816956,0,-0.12477797269821167]},{"p":[-103.90815734863281,1018.7186889648438,-302.6744384765625,-0.12336689978837967,0,-0.9923611283302307,0,1,0,0.9923611283302307,0,-0.12336689978837967]},{"p":[-103.51072692871094,1018.7186889648438,-302.62921142578127,-0.12129584699869156,0,-0.9926164150238037,0,1,0,0.9926164150238037,0,-0.12129584699869156]},{"p":[-103.37825012207031,1018.7186889648438,-302.6141357421875,-0.12072523683309555,0,-0.9926859736442566,0,1,0,0.9926859736442566,0,-0.12072523683309555]},{"p":[-103.11329650878906,1018.7186889648438,-302.583984375,-0.11969412863254547,0,-0.992810845375061,0,1,0,0.992810845375061,0,-0.11969412863254547]},{"p":[-102.84834289550781,1018.7186889648438,-302.5538330078125,-0.11879850178956986,0,-0.9929183721542358,0,1,0,0.9929183721542358,0,-0.11879850178956986]},{"p":[-102.58338928222656,1018.7186889648438,-302.523681640625,-0.11802386492490769,0,-0.9930107593536377,0,1,0,0.9930107593536377,0,-0.11802386492490769]},{"p":[-102.31843566894531,1018.7186889648438,-302.4935302734375,-0.11735401302576065,0,-0.9930901527404785,0,1,0,0.9930901527404785,0,-0.11735401302576065]},{"p":[-102.05348205566406,1018.7186889648438,-302.46337890625,-0.1167747750878334,0,-0.9931584000587463,0,1,0,0.9931584000587463,0,-0.1167747750878334]},{"p":[-101.65605163574219,1018.7186889648438,-302.41815185546877,-0.11602716147899628,0,-0.9932460188865662,0,1,0,0.9932460188865662,0,-0.11602716147899628]},{"p":[-101.39109802246094,1018.7186889648438,-302.38800048828127,-0.11562392860651016,0,-0.993293046951294,0,1,0,0.993293046951294,0,-0.11562392860651016]},{"p":[-101.25862121582031,1018.7186889648438,-302.3729248046875,-0.11544933170080185,0,-0.9933133721351624,0,1,0,0.9933133721351624,0,-0.11544933170080185]},{"p":[-100.86119079589844,1018.7186889648438,-302.32769775390627,-0.11497124284505844,0,-0.9933688044548035,0,1,0,0.9933688044548035,0,-0.11497124284505844]},{"p":[-100.59623718261719,1018.7186889648438,-302.29754638671877,-0.114712193608284,0,-0.9933987855911255,0,1,0,0.9933987855911255,0,-0.114712193608284]},{"p":[-100.331298828125,1018.7186889648438,-302.26727294921877,-0.11455515027046204,0,-0.9934169054031372,0,1,0,0.9934169054031372,0,-0.11455515027046204]},{"p":[-100.06636047363281,1018.7186889648438,-302.23699951171877,-0.11442718654870987,0,-0.9934316277503967,0,1,0,0.9934316277503967,0,-0.11442718654870987]},{"p":[-99.80142211914063,1018.7186889648438,-302.20672607421877,-0.11431688815355301,0,-0.9934443235397339,0,1,0,0.9934443235397339,0,-0.11431688815355301]},{"p":[-99.53648376464844,1018.7186889648438,-302.17645263671877,-0.11422152817249298,0,-0.9934552907943726,0,1,0,0.9934552907943726,0,-0.11422152817249298]},{"p":[-99.27154541015625,1018.7186889648438,-302.14617919921877,-0.11413907259702683,0,-0.9934647679328919,0,1,0,0.9934647679328919,0,-0.11413907259702683]},{"p":[-99.00660705566406,1018.7186889648438,-302.11590576171877,-0.11406778544187546,0,-0.9934729933738709,0,1,0,0.9934729933738709,0,-0.11406778544187546]},{"p":[-98.74168395996094,1018.7186889648438,-302.0854797363281,-0.11406993865966797,0,-0.993472695350647,0,1,0,0.993472695350647,0,-0.11406993865966797]},{"p":[-98.47723388671875,1018.7186889648438,-302.05120849609377,-0.11596016585826874,0,-0.9932538866996765,0,1,0,0.9932538866996765,0,-0.11596016585826874]},{"p":[-98.21361541748047,1018.7186889648438,-302.010986328125,-0.12057644128799439,0,-0.9927040338516235,0,1,0,0.9927040338516235,0,-0.12057644128799439]},{"p":[-97.95238494873047,1018.7186889648438,-301.95751953125,-0.13122184574604035,0,-0.9913530349731445,0,1,0,0.9913530349731445,0,-0.13122184574604035]},{"p":[-97.6959457397461,1018.7186889648438,-301.88458251953127,-0.150375097990036,0,-0.9886289834976196,0,1,0,0.9886289834976196,0,-0.150375097990036]},{"p":[-97.4520263671875,1018.7186889648438,-301.7773132324219,-0.18489278852939607,0,-0.9827587008476257,0,1,0,0.9827587008476257,0,-0.18489278852939607]},{"p":[-97.22286987304688,1018.7186889648438,-301.6412353515625,-0.23066824674606324,0,-0.9730324745178223,0,1,0,0.9730324745178223,0,-0.23066824674606324]},{"p":[-97.1195297241211,1018.7186889648438,-301.55731201171877,-0.25992095470428469,0,-0.9656298756599426,0,1,0,0.9656298756599426,0,-0.25992095470428469]},{"p":[-96.81452178955078,1018.7186889648438,-301.298583984375,-0.344204843044281,0,-0.9388945698738098,0,1,0,0.9388945698738098,0,-0.344204843044281]},{"p":[-96.75218200683594,1018.7186889648438,-301.2455749511719,-0.34879541397094729,0,-0.9371988773345947,0,1,0,0.9371988773345947,0,-0.34879541397094729]},{"p":[-96.72537231445313,1018.7186889648438,-301.2227478027344,-0.3497055470943451,0,-0.936859667301178,0,1,0,0.936859667301178,0,-0.3497055470943451]},{"p":[-96.72530364990235,1018.7186889648438,-301.2226867675781,-0.3497096300125122,0,-0.9368581175804138,0,1,0,0.9368581175804138,0,-0.3497096300125122]},{"p":[-96.72530364990235,1018.7186889648438,-301.2226867675781,-0.34970971941947939,0,-0.9368581175804138,0,1,0,0.9368581175804138,0,-0.34970971941947939]},{"p":[-96.72530364990235,1018.7186889648438,-301.2226867675781,-0.34970971941947939,0,-0.9368581175804138,0,1,0,0.9368581175804138,0,-0.34970971941947939]},{"p":[-96.72530364990235,1018.7186889648438,-301.2226867675781,-0.34970971941947939,0,-0.9368581175804138,0,1,0,0.9368581175804138,0,-0.34970971941947939]},{"p":[-96.72530364990235,1018.7186889648438,-301.2226867675781,-0.34970971941947939,0,-0.9368581175804138,0,1,0,0.9368581175804138,0,-0.34970971941947939]},{"p":[-96.72530364990235,1018.7186889648438,-301.2226867675781,-0.34970971941947939,0,-0.9368581175804138,0,1,0,0.9368581175804138,0,-0.34970971941947939]},{"p":[-96.72530364990235,1018.7186889648438,-301.2226867675781,-0.34970971941947939,0,-0.9368581175804138,0,1,0,0.9368581175804138,0,-0.34970971941947939]},{"p":[-96.72530364990235,1018.7186889648438,-301.2226867675781,-0.34970971941947939,0,-0.9368581175804138,0,1,0,0.9368581175804138,0,-0.34970971941947939]},{"p":[-96.72530364990235,1018.7186889648438,-301.2226867675781,-0.34970971941947939,0,-0.9368581175804138,0,1,0,0.9368581175804138,0,-0.34970971941947939]},{"p":[-96.72530364990235,1018.7186889648438,-301.2226867675781,-0.34970971941947939,0,-0.9368581175804138,0,1,0,0.9368581175804138,0,-0.34970971941947939]},{"p":[-96.72530364990235,1018.7186889648438,-301.2226867675781,-0.34970971941947939,0,-0.9368581175804138,0,1,0,0.9368581175804138,0,-0.34970971941947939]},{"p":[-96.72530364990235,1018.7186889648438,-301.2226867675781,-0.34970971941947939,0,-0.9368581175804138,0,1,0,0.9368581175804138,0,-0.34970971941947939]},{"p":[-96.72530364990235,1018.7186889648438,-301.2226867675781,-0.34970971941947939,0,-0.9368581175804138,0,1,0,0.9368581175804138,0,-0.34970971941947939]}],"d":2.835036277770996}