{"data":[{"pos":[-146.18536376953126,990.2281494140625,-298.18304443359377,0.42707762122154238,-1.7267959506739318e-8,0.9042149782180786,-2.581167812820695e-8,1,3.128852199552057e-8,-0.9042149782180786,-3.6701933936456047e-8,0.42707762122154238]},{"pos":[-146.18536376953126,990.2281494140625,-298.18304443359377,0.42707762122154238,-3.52099007727702e-8,0.9042149782180786,-5.251845536236033e-8,1,6.374519045948546e-8,-0.9042149782180786,-7.471211915799359e-8,0.42707762122154238]},{"pos":[-146.18536376953126,990.2281494140625,-298.18304443359377,0.42707762122154238,-5.3136513855633896e-8,0.9042149782180786,-7.920241529291161e-8,1,9.617413354590099e-8,-0.9042149782180786,-1.1268982547107953e-7,0.42707762122154238]},{"pos":[-146.18536376953126,990.2281494140625,-298.18304443359377,0.42707762122154238,-3.775683410367492e-8,0.9042149782180786,-5.625705767897671e-8,1,6.832774346321458e-8,-0.9042149782180786,-8.004972329445082e-8,0.42707762122154238]},{"pos":[-146.18536376953126,990.2281494140625,-298.18304443359377,0.42707762122154238,-2.2390295839613829e-8,0.9042149782180786,-3.333131459726246e-8,1,4.050513879860773e-8,-0.9042149782180786,-4.743750992020068e-8,0.42707762122154238]},{"pos":[-146.18536376953126,990.2281494140625,-298.18304443359377,0.42707762122154238,-7.036879079436176e-9,0.9042149782180786,-1.0425159402416284e-8,1,1.2706305341225744e-8,-0.9042149782180786,-1.4853164032047062e-8,0.42707762122154238]},{"pos":[-146.18536376953126,990.2281494140625,-298.18304443359377,0.42707762122154238,8.303422838196184e-9,0.9042149782180786,1.2461420340059704e-8,1,-1.5068780001570304e-8,-0.9042149782180786,1.770334101536264e-8,0.42707762122154238]},{"pos":[-146.18536376953126,990.2281494140625,-298.18304443359377,0.42707762122154238,2.3630622791870338e-8,0.9042149782180786,3.5328444170090736e-8,1,-4.282013676970564e-8,-0.9042149782180786,5.023202831466733e-8,0.42707762122154238]},{"pos":[-146.18536376953126,990.2281494140625,-298.18304443359377,0.42707762122154238,3.894473010745969e-8,0.9042149782180786,5.817592452217468e-8,1,-7.05477845031055e-8,-0.9042149782180786,8.273291740579225e-8,0.42707762122154238]},{"pos":[-146.18536376953126,990.2281494140625,-298.18304443359377,0.42707762122154238,5.42457563312837e-8,0.9042149782180786,8.100387560716627e-8,1,-9.82517462944088e-8,-0.9042149782180786,1.1520604203951734e-7,0.42707762122154238]},{"pos":[-146.18536376953126,990.2281494140625,-298.18304443359377,0.42707762122154238,3.679716442661629e-8,0.9042149782180786,5.4936265314609048e-8,1,-6.664257057309442e-8,-0.9042149782180786,7.813574853798855e-8,0.42707762122154238]},{"pos":[-146.18536376953126,990.2281494140625,-298.18304443359377,0.42707762122154238,1.936347260311777e-8,0.9042149782180786,2.8890932313174745e-8,1,-3.506040613387995e-8,-0.9042149782180786,4.109712747890626e-8,0.42707762122154238]},{"pos":[-146.18536376953126,990.2281494140625,-298.18304443359377,0.42707762122154238,1.944675975806831e-9,0.9042149782180786,2.8678539543136596e-9,1,-3.5052198921192714e-9,-0.9042149782180786,4.090157545988404e-9,0.42707762122154238]},{"pos":[-146.18536376953126,990.2281494140625,-298.18304443359377,0.42707762122154238,-1.5459242774795713e-8,0.9042149782180786,-2.3132987081453394e-8,1,2.802300791415746e-8,-0.9042149782180786,-3.2885193235188129e-8,0.42707762122154238]},{"pos":[-146.18536376953126,990.2281494140625,-298.18304443359377,0.42707762122154238,-3.2848294750920107e-8,0.9042149782180786,-4.9111612554497699e-8,1,5.952430015554455e-8,-0.9042149782180786,-6.982894973361909e-8,0.42707762122154238]},{"pos":[-146.18536376953126,990.2281494140625,-298.18304443359377,0.42707762122154238,-5.022249283115343e-8,0.9042149782180786,-7.506803711976318e-8,1,9.099868236717157e-8,-0.9042149782180786,-1.067411403710139e-7,0.42707762122154238]},{"pos":[-146.18536376953126,990.2281494140625,-298.18304443359377,0.42707762122154238,-3.5937187448098487e-8,0.9042149782180786,-5.3708117064843466e-8,1,6.511142203180498e-8,-0.9042149782180786,-7.637131460569435e-8,0.42707762122154238]},{"pos":[-146.18536376953126,990.2281494140625,-298.18304443359377,0.42707762122154238,-2.1664083860173379e-8,0.9042149782180786,-3.236645085280543e-8,1,3.924627378637524e-8,-0.9042149782180786,-4.6027434308371087e-8,0.42707762122154238]},{"pos":[-146.18536376953126,990.2281494140625,-298.18304443359377,0.42707762122154238,-7.403170965147865e-9,0.9042149782180786,-1.1043020720080677e-8,1,1.3403226972741323e-8,-0.9042149782180786,-1.5709483491832544e-8,0.42707762122154238]},{"pos":[-146.18536376953126,990.2281494140625,-298.18304443359377,0.42707762122154238,6.845559230583831e-9,0.9042149782180786,1.0262186656007089e-8,1,-1.241774327809253e-8,-0.9042149782180786,1.4582563601095444e-8,0.42707762122154238]},{"pos":[-146.18536376953126,990.2281494140625,-298.18304443359377,0.42707762122154238,2.1082119161519587e-8,0.9042149782180786,3.154918815084784e-8,1,-3.821665472969471e-8,-0.9042149782180786,4.484872917487337e-8,0.42707762122154238]},{"pos":[-146.18536376953126,990.2281494140625,-298.18304443359377,0.42707762122154238,3.530651682126518e-8,0.9042149782180786,5.281800241618839e-8,1,-6.399352514563361e-8,-0.9042149782180786,7.508902655217753e-8,0.42707762122154238]},{"pos":[-146.18536376953126,990.2281494140625,-298.18304443359377,0.42707762122154238,4.951876775294295e-8,0.9042149782180786,7.406863744563452e-8,1,-8.974837584219131e-8,-0.9042149782180786,1.0530349925375049e-7,0.42707762122154238]},{"pos":[-146.18536376953126,990.2281494140625,-298.18304443359377,0.42707762122154238,3.3733140725189517e-8,0.9042149782180786,5.045257722713359e-8,1,-6.113624806403095e-8,-0.9042149782180786,7.172989313630751e-8,0.42707762122154238]},{"pos":[-146.18536376953126,990.2281494140625,-298.18304443359377,0.42707762122154238,1.7960999798560807e-8,0.9042149782180786,2.6856691093257724e-8,1,-3.2548555850553387e-8,-0.9042149782180786,3.8184982287248206e-8,0.42707762122154238]},{"pos":[-146.18536376953126,990.2281494140625,-298.18304443359377,0.42707762122154238,2.2023305401575046e-9,0.9042149782180786,3.280971272445754e-9,1,-3.98529120815283e-9,-0.9042149782180786,4.668732067614201e-9,0.42707762122154238]},{"pos":[-146.18536376953126,990.2281494140625,-298.18304443359377,0.42707762122154238,-1.3542877930206032e-8,0.9042149782180786,-2.0274605105896627e-8,1,2.4553573396701723e-8,-0.9042149782180786,-2.881888150341183e-8,0.42707762122154238]},{"pos":[-146.18536376953126,990.2281494140625,-298.18304443359377,0.42707762122154238,-2.9274637824983075e-8,0.9042149782180786,-4.38100506983119e-8,1,5.3068056615757089e-8,-0.9042149782180786,-6.227788418300406e-8,0.42707762122154238]},{"pos":[-146.18536376953126,990.2281494140625,-298.18304443359377,0.42707762122154238,-4.4992958692091636e-8,0.9042149782180786,-6.732538793130516e-8,1,8.155817710076008e-8,-0.9042149782180786,-9.570829462290931e-8,0.42707762122154238]},{"pos":[-146.18536376953126,990.2281494140625,-298.18304443359377,0.42707762122154238,-4.4580517055692329e-8,0.9042149782180786,-6.670499175243094e-8,1,8.080902347273877e-8,-0.9042149782180786,-9.482737794996865e-8,0.42707762122154238]},{"pos":[-146.18536376953126,990.2281494140625,-298.18304443359377,0.42707762122154238,-2.8057979051254735e-8,0.9042149782180786,-4.1979799192404246e-8,1,5.085805199200877e-8,-0.9042149782180786,-5.967909544324357e-8,0.42707762122154238]},{"pos":[-146.18536376953126,990.2281494140625,-298.18304443359377,0.42707762122154238,-1.1549555090084596e-8,0.9042149782180786,-1.7275731067911694e-8,1,2.0932668931550326e-8,-0.9042149782180786,-2.4560849354315907e-8,0.42707762122154238]},{"pos":[-146.18536376953126,990.2281494140625,-298.18304443359377,0.42707762122154238,4.944768150494383e-9,0.9042149782180786,7.407225943723006e-9,1,-8.967147024918632e-9,-0.9042149782180786,1.0527392291237448e-8,0.42707762122154238]},{"pos":[-146.18536376953126,990.2281494140625,-298.18304443359377,0.42707762122154238,2.142500221680166e-8,0.9042149782180786,3.2069092270603508e-8,1,-3.884142074639385e-8,-0.9042149782180786,4.558565436241224e-8,0.42707762122154238]},{"pos":[-146.18536376953126,990.2281494140625,-298.18304443359377,0.42707762122154238,3.789115865515669e-8,0.9042149782180786,5.670988301176294e-8,1,-6.869016999644373e-8,-0.9042149782180786,8.061395817549055e-8,0.42707762122154238]},{"pos":[-146.18536376953126,990.2281494140625,-298.18304443359377,0.42707762122154238,5.434325345277102e-8,0.9042149782180786,8.132961681894813e-8,1,-9.851341786770718e-8,-0.9042149782180786,1.1561233037582497e-7,0.42707762122154238]},{"pos":[-146.18536376953126,990.2281494140625,-298.18304443359377,0.42707762122154238,3.751794963591237e-8,0.9042149782180786,5.6147680282947479e-8,1,-6.801188590088714e-8,-0.9042149782180786,7.981592631267631e-8,0.42707762122154238]},{"pos":[-146.18536376953126,990.2281494140625,-298.18304443359377,0.42707762122154238,2.070702187495499e-8,0.9042149782180786,3.0987258980985646e-8,1,-3.75364130889011e-8,-0.9042149782180786,4.405010400887477e-8,0.42707762122154238]},{"pos":[-146.18536376953126,990.2281494140625,-298.18304443359377,0.42707762122154238,3.910455514954947e-9,0.9042149782180786,5.848336925851072e-9,1,-7.086975450931732e-9,-0.9042149782180786,8.314842148138269e-9,0.42707762122154238]},{"pos":[-146.18536376953126,990.2281494140625,-298.18304443359377,0.42707762122154238,-1.287176321085326e-8,0.9042149782180786,-1.9269101869667794e-8,1,2.333644744112462e-8,-0.9042149782180786,-2.738988591488578e-8,0.42707762122154238]},{"pos":[-146.18536376953126,990.2281494140625,-298.18304443359377,0.42707762122154238,-2.9639645404699878e-8,0.9042149782180786,-4.4365080498209866e-8,1,5.3733877791728449e-8,-0.9042149782180786,-6.306410682554997e-8,0.42707762122154238]},{"pos":[-146.18536376953126,990.2281494140625,-298.18304443359377,0.42707762122154238,-4.639320749788567e-8,0.9042149782180786,-6.94396149469867e-8,1,8.41053449107676e-8,-0.9042149782180786,-9.870784367649321e-8,0.42707762122154238]},{"pos":[-146.18536376953126,990.2281494140625,-298.18304443359377,0.42707762122154238,-4.633351835536814e-8,0.9042149782180786,-6.93492197001433e-8,1,8.399663897762366e-8,-0.9042149782180786,-9.857969018867152e-8,0.42707762122154238]},{"pos":[-146.18536376953126,990.2281494140625,-298.18304443359377,0.42707762122154238,-2.9482116303825025e-8,0.9042149782180786,-4.412615695059685e-8,1,5.344681497376769e-8,-0.9042149782180786,-6.272546926311407e-8,0.42707762122154238]},{"pos":[-146.18536376953126,990.2281494140625,-298.18304443359377,0.42707762122154238,-4.2319991955253048e-9,0.9042149782180786,-6.331963398054086e-9,1,7.671006940768166e-9,-0.9042149782180786,-9.001571044109369e-9,0.42707762122154238]},{"pos":[-146.18536376953126,990.2281494140625,-298.18304443359377,0.42707762122154238,1.2583440955893366e-8,0.9042149782180786,1.8837251758441199e-8,1,-2.2813612332583945e-8,-0.9042149782180786,2.677610844159517e-8,0.42707762122154238]},{"pos":[-146.18536376953126,990.2281494140625,-298.18304443359377,0.42707762122154238,2.0985774895621036e-8,0.9042149782180786,3.141379423254875e-8,1,-3.8046152894821719e-8,-0.9042149782180786,4.465348268922753e-8,0.42707762122154238]},{"pos":[-146.18536376953126,990.2281494140625,-298.18304443359377,0.42707762122154238,3.777967449991593e-8,0.9042149782180786,5.6550756966089469e-8,1,-6.849171541034593e-8,-0.9042149782180786,8.038531973397767e-8,0.42707762122154238]},{"pos":[-146.18536376953126,990.2281494140625,-298.18304443359377,0.42707762122154238,5.4559226470018987e-8,0.9042149782180786,8.166623644001447e-8,1,-9.891127206174133e-8,-0.9042149782180786,1.1608662475737219e-7,0.42707762122154238]},{"pos":[-146.18536376953126,990.2281494140625,-298.18304443359377,0.42707762122154238,3.781976332106751e-8,0.9042149782180786,5.660955793018729e-8,1,-6.856382839259823e-8,-0.9042149782180786,8.046928456906244e-8,0.42707762122154238]},{"pos":[-146.18536376953126,990.2281494140625,-298.18304443359377,0.42707762122154238,2.1094596291959534e-8,0.9042149782180786,3.1574291625702247e-8,1,-3.824230887516933e-8,-0.9042149782180786,4.488238047883897e-8,0.42707762122154238]},{"pos":[-146.18536376953126,990.2281494140625,-298.18304443359377,0.42707762122154238,4.3837129481971719e-9,0.9042149782180786,6.560417986634093e-9,1,-7.946694857707826e-9,-0.9042149782180786,9.325884064992352e-9,0.42707762122154238]},{"pos":[-146.18536376953126,990.2281494140625,-298.18304443359377,0.42707762122154238,-1.231289559200377e-8,0.9042149782180786,-1.8432082526942396e-8,1,2.2323037640603617e-8,-0.9042149782180786,-2.6200233094186843e-8,0.42707762122154238]},{"pos":[-146.18536376953126,990.2281494140625,-298.18304443359377,0.42707762122154238,-2.8995241763141167e-8,0.9042149782180786,-4.3403225902238776e-8,1,5.256691082422549e-8,-0.9042149782180786,-6.169599942040804e-8,0.42707762122154238]},{"pos":[-146.18536376953126,990.2281494140625,-298.18304443359377,0.42707762122154238,-4.5663337999712897e-8,0.9042149782180786,-6.835303167918028e-8,1,8.278495045033196e-8,-0.9042149782180786,-9.716143267723965e-8,0.42707762122154238]},{"pos":[-146.18536376953126,990.2281494140625,-298.18304443359377,0.42707762122154238,-4.572383005552183e-8,0.9042149782180786,-6.844323507948502e-8,1,8.289445219133995e-8,-0.9042149782180786,-9.728976380074528e-8,0.42707762122154238]},{"pos":[-146.18536376953126,990.2281494140625,-298.18304443359377,0.42707762122154238,-2.9197986251006115e-8,0.9042149782180786,-4.370569683942449e-8,1,5.293399496508755e-8,-0.9042149782180786,-6.212626857404757e-8,0.42707762122154238]},{"pos":[-146.18536376953126,990.2281494140625,-298.18304443359377,0.42707762122154238,-1.2686258266114692e-8,0.9042149782180786,-1.8989293693039145e-8,1,2.2999133264534067e-8,-0.9042149782180786,-2.6992818646931484e-8,0.42707762122154238]},{"pos":[-146.18536376953126,990.2281494140625,-298.18304443359377,0.42707762122154238,3.811366333650312e-9,0.9042149782180786,5.7059867941688939e-9,1,-6.9101551147809918e-9,-0.9042149782180786,8.110611737777163e-9,0.42707762122154238]},{"pos":[-146.18536376953126,990.2281494140625,-298.18304443359377,0.42707762122154238,2.0294898206429936e-8,0.9042149782180786,3.0380167714838538e-8,1,-3.6793892377318119e-8,-0.9042149782180786,4.3184048337252537e-8,0.42707762122154238]},{"pos":[-146.18536376953126,990.2281494140625,-298.18304443359377,0.42707762122154238,3.676435156307889e-8,0.9042149782180786,5.5033261503467659e-8,1,-6.665209895118096e-8,-0.9042149782180786,7.822751513231197e-8,0.42707762122154238]},{"pos":[-146.18536376953126,990.2281494140625,-298.18304443359377,0.42707762122154238,4.5079325161623277e-8,0.9042149782180786,6.747973912979433e-8,1,-8.172659704541729e-8,-0.9042149782180786,9.59197876682083e-8,0.42707762122154238]},{"pos":[-146.18536376953126,990.2281494140625,-298.18304443359377,0.42707762122154238,3.69423922563783e-8,0.9042149782180786,5.52993952851466e-8,1,-6.697469956407076e-8,-0.9042149782180786,7.860593598252308e-8,0.42707762122154238]},{"pos":[-146.18536376953126,990.2281494140625,-298.18304443359377,0.42707762122154238,2.0678948331465109e-8,0.9042149782180786,3.095432532518316e-8,1,-3.748981214357627e-8,-0.9042149782180786,4.400042286079042e-8,0.42707762122154238]},{"pos":[-146.18536376953126,990.2281494140625,-298.18304443359377,0.42707762122154238,4.429398625660497e-9,0.9042149782180786,6.63005828016594e-9,1,-8.030112574886062e-9,-0.9042149782180786,9.424478975006423e-9,0.42707762122154238]},{"pos":[-146.18536376953126,990.2281494140625,-298.18304443359377,0.42707762122154238,-1.180627151597946e-8,0.9042149782180786,-1.767342361347346e-8,1,2.140441779374669e-8,-0.9042149782180786,-2.5121920543824673e-8,0.42707762122154238]},{"pos":[-146.18536376953126,990.2281494140625,-298.18304443359377,0.42707762122154238,-2.802807230750659e-8,0.9042149782180786,-4.195613811930343e-8,1,5.081380294313931e-8,-0.9042149782180786,-5.963880056469861e-8,0.42707762122154238]},{"pos":[-146.18536376953126,990.2281494140625,-298.18304443359377,0.42707762122154238,-4.42360175156864e-8,0.9042149782180786,-6.621809944817869e-8,1,8.019805619596809e-8,-0.9042149782180786,-9.412619306203851e-8,0.42707762122154238]},{"pos":[-146.18536376953126,990.2281494140625,-298.18304443359377,0.42707762122154238,-4.433535849557302e-8,0.9042149782180786,-6.636670235593556e-8,1,8.037811483063706e-8,-0.9042149782180786,-9.433745873366206e-8,0.42707762122154238]},{"pos":[-146.18536376953126,990.2281494140625,-298.18304443359377,0.42707762122154238,-2.8346729408212924e-8,0.9042149782180786,-4.24328554515796e-8,1,5.139137471132926e-8,-0.9042149782180786,-6.031653043692131e-8,0.42707762122154238]},{"pos":[-146.18536376953126,990.2281494140625,-298.18304443359377,0.42707762122154238,-1.2371753399520458e-8,0.9042149782180786,-1.8519457967158816e-8,1,2.2429400559076386e-8,-0.9042149782180786,-2.632466689078683e-8,0.42707762122154238]},{"pos":[-146.18536376953126,990.2281494140625,-298.18304443359377,0.42707762122154238,3.5895773020655499e-9,0.9042149782180786,5.373504308181509e-9,1,-6.507833827384957e-9,-0.9042149782180786,7.638153221023458e-9,0.42707762122154238]},{"pos":[-146.18536376953126,990.2281494140625,-298.18304443359377,0.42707762122154238,2.7506013466904734e-8,0.9042149782180786,4.117467256037344e-8,1,-4.986733870282478e-8,-0.9042149782180786,5.852798068417542e-8,0.42707762122154238]},{"pos":[-146.18536376953126,990.2281494140625,-298.18304443359377,0.42707762122154238,3.5471348525106808e-8,0.9042149782180786,5.309819783860803e-8,1,-6.430816057445554e-8,-0.9042149782180786,7.547676261765446e-8,0.42707762122154238]},{"pos":[-146.18536376953126,990.2281494140625,-298.18304443359377,0.42707762122154238,5.1391811695111758e-8,0.9042149782180786,7.692996462083102e-8,1,-9.317128757402316e-8,-0.9042149782180786,1.09352598087753e-7,0.42707762122154238]},{"pos":[-146.18536376953126,990.2281494140625,-298.18304443359377,0.42707762122154238,3.5691176236696268e-8,0.9042149782180786,5.3427179125264959e-8,1,-6.470666136237924e-8,-0.9042149782180786,7.594442053004968e-8,0.42707762122154238]},{"pos":[-146.18536376953126,990.2281494140625,-298.18304443359377,0.42707762122154238,2.0003955825131926e-8,0.9042149782180786,2.994447712012516e-8,1,-3.626634637043935e-8,-0.9042149782180786,4.2564789026755537e-8,0.42707762122154238]},{"pos":[-146.18536376953126,990.2281494140625,-298.18304443359377,0.42707762122154238,-3.5017535537917867e-9,0.9042149782180786,-5.2419566465289339e-9,1,6.348574554948527e-9,-0.9042149782180786,-7.451189887319743e-9,0.42707762122154238]},{"pos":[-146.18536376953126,990.2281494140625,-298.18304443359377,0.42707762122154238,-1.1330296700862164e-8,0.9042149782180786,-1.69607456967924e-8,1,2.0541412126817705e-8,-0.9042149782180786,-2.4108937068945125e-8,0.42707762122154238]},{"pos":[-146.18536376953126,990.2281494140625,-298.18304443359377,0.42707762122154238,-2.6977351907930826e-8,0.9042149782180786,-4.038329848299327e-8,1,4.890889471198534e-8,-0.9042149782180786,-5.740307784662946e-8,0.42707762122154238]},{"pos":[-146.18536376953126,990.2281494140625,-298.18304443359377,0.42707762122154238,-4.261104180613984e-8,0.9042149782180786,-6.378584060939829e-8,1,7.725214601350672e-8,-0.9042149782180786,-9.06687702695308e-8,0.42707762122154238]},{"pos":[-146.18536376953126,990.2281494140625,-298.18304443359377,0.42707762122154238,-4.2720877502233637e-8,0.9042149782180786,-6.39502388821711e-8,1,7.745126850977613e-8,-0.9042149782180786,-9.090246777532229e-8,0.42707762122154238]},{"pos":[-146.18536376953126,990.2281494140625,-298.18304443359377,0.42707762122154238,-2.732674708738614e-8,0.9042149782180786,-4.0906279252794778e-8,1,4.954231513920604e-8,-0.9042149782180786,-5.814648318391846e-8,0.42707762122154238]},{"pos":[-146.18536376953126,990.2281494140625,-298.18304443359377,0.42707762122154238,-1.1945765265863884e-8,0.9042149782180786,-1.7882006986269517e-8,1,2.165720758284806e-8,-0.9042149782180786,-2.5418486870876224e-8,0.42707762122154238]},{"pos":[-146.18536376953126,990.2281494140625,-298.18304443359377,0.42707762122154238,3.4220768441173279e-9,0.9042149782180786,5.1225890196349159e-9,1,-6.204077696025934e-9,-0.9042149782180786,7.2815447005325499e-9,0.42707762122154238]},{"pos":[-146.18536376953126,990.2281494140625,-298.18304443359377,0.42707762122154238,1.877679167705537e-8,0.9042149782180786,2.8107528748932965e-8,1,-3.4041558905073546e-8,-0.9042149782180786,3.9953636843392817e-8,0.42707762122154238]},{"pos":[-146.18536376953126,990.2281494140625,-298.18304443359377,0.42707762122154238,3.411838989109128e-8,0.9042149782180786,5.1072827744746976e-8,1,-6.185526046920131e-8,-0.9042149782180786,7.259781398261112e-8,0.42707762122154238]},{"pos":[-146.18536376953126,990.2281494140625,-298.18304443359377,0.42707762122154238,4.944688569707978e-8,0.9042149782180786,7.401850155019929e-8,1,-8.964519793153159e-8,-0.9042149782180786,1.052140916613098e-7,0.42707762122154238]},{"pos":[-146.18536376953126,990.2281494140625,-298.18304443359377,0.42707762122154238,3.4346587796108e-8,0.9042149782180786,5.1414428270391e-8,1,-6.226897397709763e-8,-0.9042149782180786,7.308338467737485e-8,0.42707762122154238]},{"pos":[-146.18536376953126,990.2281494140625,-298.18304443359377,0.42707762122154238,1.925918624579026e-8,0.9042149782180786,2.8829674647568028e-8,1,-3.491613753681122e-8,-0.9042149782180786,4.098012595932232e-8,0.42707762122154238]},{"pos":[-146.18536376953126,990.2281494140625,-298.18304443359377,0.42707762122154238,4.1846717202531639e-9,0.9042149782180786,6.264220253626718e-9,1,-7.58666907074712e-9,-0.9042149782180786,8.90429863176223e-9,0.42707762122154238]},{"pos":[-146.18536376953126,990.2281494140625,-298.18304443359377,0.42707762122154238,-1.0876965994555121e-8,0.9042149782180786,-1.62819517868229e-8,1,1.9719450961019903e-8,-0.9042149782180786,-2.3144119509765916e-8,0.42707762122154238]},{"pos":[-146.18536376953126,990.2281494140625,-298.18304443359377,0.42707762122154238,-2.592573800086484e-8,0.9042149782180786,-3.8808856572813968e-8,1,4.700224209841508e-8,-0.9042149782180786,-5.5165155998793128e-8,0.42707762122154238]},{"pos":[-146.18536376953126,990.2281494140625,-298.18304443359377,0.42707762122154238,-4.096165540090624e-8,0.9042149782180786,-6.131651275609329e-8,1,7.426172743407733e-8,-0.9042149782180786,-8.715883126342305e-8,0.42707762122154238]},{"pos":[-146.18536376953126,990.2281494140625,-298.18304443359377,0.42707762122154238,-4.107217677074004e-8,0.9042149782180786,-6.148197684296974e-8,1,7.446210759098904e-8,-0.9042149782180786,-8.739402090895965e-8,0.42707762122154238]},{"pos":[-146.18536376953126,990.2281494140625,-298.18304443359377,0.42707762122154238,-1.8883294927718454e-8,0.9042149782180786,-2.826691591906183e-8,1,3.423462757723428e-8,-0.9042149782180786,-4.0180211158258319e-8,0.42707762122154238]},{"pos":[-146.18536376953126,990.2281494140625,-298.18304443359377,0.42707762122154238,-4.106499584821677e-9,0.9042149782180786,-6.14719075642256e-9,1,7.444941108047942e-9,-0.9042149782180786,-8.737949919179755e-9,0.42707762122154238]},{"pos":[-146.18536376953126,990.2281494140625,-298.18304443359377,0.42707762122154238,3.2771645397389195e-9,0.9042149782180786,4.905582606795633e-9,1,-5.941318104163429e-9,-0.9042149782180786,6.973105204366448e-9,0.42707762122154238]},{"pos":[-146.18536376953126,990.2281494140625,-298.18304443359377,0.42707762122154238,1.803503302255649e-8,0.9042149782180786,2.6996962887437804e-8,1,-3.269668269467729e-8,-0.9042149782180786,3.837507733805978e-8,0.42707762122154238]},{"pos":[-146.18536376953126,990.2281494140625,-298.18304443359377,0.42707762122154238,3.2780292258394186e-8,0.9042149782180786,4.9069466712126089e-8,1,-5.9429190457649386e-8,-0.9042149782180786,6.975022159849687e-8,0.42707762122154238]},{"pos":[-146.18536376953126,990.2281494140625,-298.18304443359377,0.42707762122154238,4.751295534788369e-8,0.9042149782180786,7.11231038508231e-8,1,-8.613885427166679e-8,-0.9042149782180786,1.0109855708151372e-7,0.42707762122154238]},{"pos":[-146.18536376953126,990.2281494140625,-298.18304443359377,0.42707762122154238,4.58281235182767e-8,0.9042149782180786,6.86010537265247e-8,1,-8.308433763204448e-8,-0.9042149782180786,9.751356344622764e-8,0.42707762122154238]},{"pos":[-146.18536376953126,990.2281494140625,-298.18304443359377,0.42707762122154238,2.7746825281838029e-8,0.9042149782180786,4.153480404056609e-8,1,-5.0303757603842317e-8,-0.9042149782180786,5.9040001332277828e-8,0.42707762122154238]},{"pos":[-146.18536376953126,990.2281494140625,-298.18304443359377,0.42707762122154238,9.680969803582684e-9,0.9042149782180786,1.4491680744299629e-8,1,-1.7551181841213294e-8,-0.9042149782180786,2.0599312477997956e-8,0.42707762122154238]},{"pos":[-146.18536376953126,990.2281494140625,-298.18304443359377,0.42707762122154238,-8.36945446280879e-9,0.9042149782180786,-1.2528333037664652e-8,1,1.5173410972124658e-8,-0.9042149782180786,-1.7808529761964566e-8,0.42707762122154238]},{"pos":[-146.18536376953126,990.2281494140625,-298.18304443359377,0.42707762122154238,-2.640445906365585e-8,0.9042149782180786,-3.952525773343041e-8,1,4.7870045705167288e-8,-0.9042149782180786,-5.6183555585676007e-8,0.42707762122154238]},{"pos":[-146.18536376953126,990.2281494140625,-298.18304443359377,0.42707762122154238,-4.442406265070531e-8,0.9042149782180786,-6.649911199474445e-8,1,8.05387543323377e-8,-0.9042149782180786,-9.452579519120263e-8,0.42707762122154238]},{"pos":[-146.18536376953126,990.2281494140625,-298.18304443359377,0.42707762122154238,-4.569059086634297e-8,0.9042149782180786,-6.839501764943634e-8,1,8.283491581551061e-8,-0.9042149782180786,-9.722073457396618e-8,0.42707762122154238]},{"pos":[-146.18536376953126,990.2281494140625,-298.18304443359377,0.42707762122154238,-3.022550743025931e-8,0.9042149782180786,-4.5245098334589787e-8,1,5.479745013303727e-8,-0.9042149782180786,-6.431405807916235e-8,0.42707762122154238]},{"pos":[-146.18536376953126,990.2281494140625,-298.18304443359377,0.42707762122154238,-1.4773632983633434e-8,0.9042149782180786,-2.2114962305863629e-8,1,2.6783938622543247e-8,-0.9042149782180786,-3.1435501313126227e-8,0.42707762122154238]},{"pos":[-146.18536376953126,990.2281494140625,-298.18304443359377,0.42707762122154238,6.650412998077115e-10,0.9042149782180786,9.95406423953682e-10,1,-1.2056392550974238e-9,-0.9042149782180786,1.4149630356286025e-9,0.42707762122154238]},{"pos":[-146.18536376953126,990.2281494140625,-298.18304443359377,0.42707762122154238,1.609052802109545e-8,0.9042149782180786,2.408602917114422e-8,1,-2.9171305371278323e-8,-0.9042149782180786,3.4237359614053278e-8,0.42707762122154238]},{"pos":[-146.18536376953126,990.2281494140625,-298.18304443359377,0.42707762122154238,3.150283589548053e-8,0.9042149782180786,4.71569201465627e-8,1,-5.711308048717001e-8,-0.9042149782180786,6.703171351318815e-8,0.42707762122154238]},{"pos":[-146.18536376953126,990.2281494140625,-298.18304443359377,0.42707762122154238,4.690198096568565e-8,0.9042149782180786,7.020809533742067e-8,1,-8.5030983143497e-8,-0.9042149782180786,9.979804360682465e-8,0.42707762122154238]},{"pos":[-146.18536376953126,990.2281494140625,-298.18304443359377,0.42707762122154238,4.581185564234147e-8,0.9042149782180786,6.857629841761082e-8,1,-8.305465115654443e-8,-0.9042149782180786,9.747849105679052e-8,0.42707762122154238]},{"pos":[-146.18536376953126,990.2281494140625,-298.18304443359377,0.42707762122154238,2.8253582584625293e-8,0.9042149782180786,4.229314143344709e-8,1,-5.12223756743424e-8,-0.9042149782180786,6.011801900740466e-8,0.42707762122154238]},{"pos":[-146.18536376953126,990.2281494140625,-298.18304443359377,0.42707762122154238,1.071030908406101e-8,0.9042149782180786,1.603244648151758e-8,1,-1.941729443899476e-8,-0.9042149782180786,2.2789469866779656e-8,0.42707762122154238]},{"pos":[-146.18536376953126,990.2281494140625,-298.18304443359377,0.42707762122154238,-6.817980846562932e-9,0.9042149782180786,-1.0205807754459784e-8,1,1.2360614753958999e-8,-0.9042149782180786,-1.4507185674972334e-8,0.42707762122154238]},{"pos":[-146.18536376953126,990.2281494140625,-298.18304443359377,0.42707762122154238,-2.433129786538757e-8,0.9042149782180786,-3.64216390380534e-8,1,4.411137410897936e-8,-0.9042149782180786,-5.177197337502548e-8,0.42707762122154238]},{"pos":[-146.18536376953126,990.2281494140625,-298.18304443359377,0.42707762122154238,-4.182965440691078e-8,0.9042149782180786,-6.261507223825902e-8,1,7.583501115959734e-8,-0.9042149782180786,-8.90049207669108e-8,0.42707762122154238]},{"pos":[-146.18536376953126,990.2281494140625,-298.18304443359377,0.42707762122154238,-3.6185451079973066e-8,0.9042149782180786,-5.4166253704579506e-8,1,6.560237153507842e-8,-0.9042149782180786,-7.69952421819653e-8,0.42707762122154238]},{"pos":[-146.1501922607422,990.2281494140625,-298.2206726074219,0.5190841555595398,-2.8891879111370146e-8,0.8547231554985046,-3.751772936766429e-8,1,5.6587609265079666e-8,-0.8547231554985046,-6.144099984339846e-8,0.5190841555595398]},{"pos":[-146.01170349121095,990.2281494140625,-298.3625183105469,0.7051460146903992,-1.6541694236593686e-8,0.7090620994567871,-7.916967526000463e-9,1,3.1202223027548828e-8,-0.7090620994567871,-2.7615744357945006e-8,0.7051460146903992]},{"pos":[-145.8412628173828,990.2281494140625,-298.5338439941406,0.8387132883071899,-8.349806179808184e-9,0.5445732474327087,1.2242928448813473e-8,1,-3.522943936573597e-9,-0.5445732474327087,9.621911267743144e-9,0.8387132883071899]},{"pos":[-145.65574645996095,990.2281494140625,-298.72283935546877,0.9238182902336121,-4.7380663836804619e-9,0.38283130526542666,2.325739423270079e-8,1,-4.3746524625021269e-8,-0.38283130526542666,4.9317495864897867e-8,0.9238182902336121]},{"pos":[-145.4666290283203,990.2281494140625,-298.9107971191406,0.9729739427566528,-5.681751957808956e-9,0.23091505467891694,2.643416685543798e-8,1,-8.677650953359262e-8,-0.23091505467891694,9.053533034375505e-8,0.9729739427566528]},{"pos":[-145.2795867919922,990.2281494140625,-299.1008605957031,0.9953758120536804,-7.088730047399849e-9,0.09605725109577179,1.633206636597606e-8,1,-9.544113765969087e-8,-0.09605725109577179,9.656861266194028e-8,0.9953758120536804]},{"pos":[-144.99916076660157,990.2281494140625,-299.3860778808594,0.9967857599258423,-8.986206778693884e-10,-0.08011305332183838,-3.2536764393853447e-9,1,-5.1699927894333089e-8,0.08011305332183838,5.1794415867334467e-8,0.9967857599258423]},{"pos":[-144.9063720703125,990.2281494140625,-299.4818115234375,0.9918036460876465,2.4133333109688239e-9,-0.1277715414762497,-7.116377709337485e-9,1,-3.6351725185568287e-8,0.1277715414762497,3.6963040628279489e-8,0.9918036460876465]},{"pos":[-144.72288513183595,990.2281494140625,-299.67529296875,0.9773568511009216,1.051826004072609e-8,-0.21159759163856507,-1.1879675909653998e-8,1,-5.16273823691904e-9,0.21159759163856507,7.559548542701578e-9,0.9773568511009216]},{"pos":[-144.64576721191407,990.2281494140625,-299.7567443847656,0.9755959510803223,1.9927808736497356e-8,-0.219573512673378,-1.4717463692193178e-8,1,2.5365132216847998e-8,0.219573512673378,-2.1514555470503184e-8,0.9755959510803223]},{"pos":[-144.64242553710938,990.2281494140625,-299.76025390625,0.9755463600158691,2.9417751790106196e-8,-0.21979372203350068,-1.758992596023745e-8,1,5.577030748327161e-8,0.21979372203350068,-5.054036478213675e-8,0.9755463600158691]},{"pos":[-144.64234924316407,990.2281494140625,-299.76031494140627,0.9755449891090393,3.890202293632683e-8,-0.21979981660842896,-2.0467640027277413e-8,1,8.614620128355455e-8,0.21979981660842896,-7.954071890026171e-8,0.9755449891090393]},{"pos":[-144.64234924316407,990.2281494140625,-299.76031494140627,0.9755449295043945,4.837825429149234e-8,-0.2197999805212021,-2.334328996766999e-8,1,1.164960323762898e-7,0.2197999805212021,-1.0851626797148129e-7,0.9755449295043945]},{"pos":[-144.64234924316407,990.2281494140625,-299.76031494140627,0.9755449295043945,3.038747209416215e-8,-0.21979999542236329,-1.3673813192838225e-8,1,7.756165132377646e-8,0.21979999542236329,-7.265937540523737e-8,0.9755449295043945]},{"pos":[-144.64234924316407,990.2281494140625,-299.76031494140627,0.9755449295043945,1.2412069594347486e-8,-0.21979999542236329,-4.012609799985967e-9,1,3.866054854029244e-8,0.21979999542236329,-3.683313209990047e-8,0.9755449295043945]},{"pos":[-144.64234924316407,990.2281494140625,-299.76031494140627,0.9755449295043945,-5.547965642449526e-9,-0.21979999542236329,5.64033264538466e-9,1,-2.0731413807872912e-10,0.21979999542236329,-1.0375008629992522e-9,0.9755449295043945]},{"pos":[-144.64234924316407,990.2281494140625,-299.76031494140627,0.9755449295043945,-2.34926478270836e-8,-0.21979999542236329,1.5285019472344176e-8,1,-3.90419607754211e-8,0.21979999542236329,3.4727541731172099e-8,0.9755449295043945]},{"pos":[-144.64234924316407,990.2281494140625,-299.76031494140627,0.9755449295043945,-4.142198761769578e-8,-0.21979999542236329,2.4921458674498355e-8,1,-7.784342415106949e-8,0.21979999542236329,7.046202199489926e-8,0.9755449295043945]},{"pos":[-144.64234924316407,990.2281494140625,-299.76031494140627,0.9755449295043945,-5.933599922514077e-8,-0.21979999542236329,3.4549653804560879e-8,1,-1.1661173004995362e-7,0.21979999542236329,1.0616597023727081e-7,0.9755449295043945]},{"pos":[-144.64234924316407,990.2281494140625,-299.76031494140627,0.9755449295043945,-4.093599770271794e-8,-0.21979999542236329,2.3368210477769936e-8,1,-8.252619920767757e-8,0.21979999542236329,7.537168755789026e-8,0.9755449295043945]},{"pos":[-144.64234924316407,990.2281494140625,-299.76031494140627,0.9755449295043945,-2.2551731149178523e-8,-0.21979999542236329,1.2196331056202326e-8,1,-4.846980417028135e-8,0.21979999542236329,4.460371982872857e-8,0.9755449295043945]},{"pos":[-144.64234924316407,990.2281494140625,-299.76031494140627,0.9755449295043945,-4.183187574113845e-9,-0.21979999542236329,1.0340099887429233e-9,1,-1.444251296334187e-8,0.21979999542236329,1.3862044845325272e-8,0.9755449295043945]},{"pos":[-144.64234924316407,990.2281494140625,-299.76031494140627,0.9755449295043945,1.4169649453776856e-8,-0.21979999542236329,-1.0118761828437073e-8,1,1.955569750577979e-8,0.21979999542236329,-1.6853357820423299e-8,0.9755449295043945]},{"pos":[-144.64234924316407,990.2281494140625,-299.76031494140627,0.9755449295043945,3.2506793701259087e-8,-0.21979999542236329,-2.1261994831434096e-8,1,5.352485032972254e-8,0.21979999542236329,-4.754251037297763e-8,0.9755449295043945]},{"pos":[-144.64234924316407,990.2281494140625,-299.76031494140627,0.9755449295043945,5.082825538238467e-8,-0.21979999542236329,-3.2395693239095638e-8,1,8.746496860112529e-8,0.21979999542236329,-7.82054385695119e-8,0.9755449295043945]},{"pos":[-144.64234924316407,990.2281494140625,-299.76031494140627,0.9755449295043945,6.913405314890042e-8,-0.21979999542236329,-4.351986859774115e-8,1,1.2137607541262697e-7,0.21979999542236329,-1.0884215839723766e-7,0.9755449295043945]},{"pos":[-144.64234924316407,990.2281494140625,-299.76031494140627,0.9755449295043945,4.6200405279250847e-8,-0.21979999542236329,-2.8850481115227923e-8,1,8.214496460823284e-8,0.21979999542236329,-7.379476585356315e-8,0.9755449295043945]},{"pos":[-144.64234924316407,990.2281494140625,-299.76031494140627,0.9755449295043945,2.3286366612751409e-8,-0.21979999542236329,-1.4193640929249796e-8,1,4.29473736573982e-8,0.21979999542236329,-3.877732979162829e-8,0.9755449295043945]},{"pos":[-144.64234924316407,990.2281494140625,-299.76031494140627,0.9755449295043945,3.919242153038738e-10,-0.21979999542236329,4.5066231302293149e-10,1,3.783282576108604e-9,0.21979999542236329,-3.789817792920758e-9,0.9755449295043945]},{"pos":[-144.64234924316407,990.2281494140625,-299.76031494140627,0.9755449295043945,-2.2482943506929588e-8,-0.21979999542236329,1.508244018566529e-8,1,-3.5347337501434598e-8,0.21979999542236329,3.116779723200125e-8,0.9755449295043945]},{"pos":[-144.64234924316407,990.2281494140625,-299.76031494140627,0.9755449295043945,-4.533825048724793e-8,-0.21979999542236329,2.9701700654527486e-8,1,-7.444451455285162e-8,0.21979999542236329,6.609553793168743e-8,0.9755449295043945]},{"pos":[-144.64234924316407,990.2281494140625,-299.76031494140627,0.9755449295043945,-6.817401754233288e-8,-0.21979999542236329,4.430845734759714e-8,1,-1.1350828543754688e-7,0.21979999542236329,1.0099343228375801e-7,0.9755449295043945]},{"pos":[-144.64234924316407,990.2281494140625,-299.76031494140627,0.9755449295043945,-3.8438894733872078e-8,-0.21979999542236329,2.477737659489776e-8,1,-6.491106319117535e-8,0.21979999542236329,5.787758894371109e-8,0.9755449295043945]},{"pos":[-144.64234924316407,990.2281494140625,-299.76031494140627,0.9755449295043945,-1.86366690968498e-8,-0.21979999542236329,1.1770572960756454e-8,1,-3.2547522010872856e-8,0.21979999542236329,2.9164398895886735e-8,0.9755449295043945]},{"pos":[-144.64234924316407,990.2281494140625,-299.76031494140627,0.9755449295043945,-8.741906754039519e-9,-0.21979999542236329,5.271344694079971e-9,1,-1.6376127121020546e-8,0.21979999542236329,1.4817007176759489e-8,0.9755449295043945]},{"pos":[-144.64234924316407,990.2281494140625,-299.76031494140627,0.9755449295043945,1.103492408560669e-8,-0.21979999542236329,-7.718772288001219e-9,1,1.5945927245297754e-8,0.21979999542236329,-1.3859382086423011e-8,0.9755449295043945]},{"pos":[-144.64234924316407,990.2281494140625,-299.76031494140627,0.9755449295043945,3.079484400814181e-8,-0.21979999542236329,-2.069777771396275e-8,1,4.82403557100497e-8,0.21979999542236329,-4.2511263842470728e-8,0.9755449295043945]},{"pos":[-144.64234924316407,990.2281494140625,-299.76031494140627,0.9755449295043945,5.053786367170687e-8,-0.21979999542236329,-3.366568179785645e-8,1,8.050718491858788e-8,0.21979999542236329,-7.113865763130889e-8,0.9755449295043945]},{"pos":[-144.64234924316407,990.2281494140625,-299.76031494140627,0.9755449295043945,7.026400794529764e-8,-0.21979999542236329,-4.6622496086001777e-8,1,1.1274643441083754e-7,0.21979999542236329,-9.974159098646851e-8,0.9755449295043945]},{"pos":[-144.64234924316407,990.2281494140625,-299.76031494140627,0.9755449295043945,3.628840516967102e-8,-0.21979999542236329,-2.3963101725144044e-8,1,5.874122877003174e-8,0.21979999542236329,-5.203761688221675e-8,0.9755449295043945]},{"pos":[-144.64234924316407,990.2281494140625,-299.76031494140627,0.9755449295043945,2.497288775771267e-8,-0.21979999542236329,-1.6416430881349698e-8,1,4.075487680665901e-8,0.21979999542236329,-3.614988131062091e-8,0.9755449295043945]},{"pos":[-144.64234924316407,990.2281494140625,-299.76031494140627,0.9755449295043945,-8.944637031049752e-9,-0.21979999542236329,6.204219804573086e-9,1,-1.3158060419016238e-8,0.21979999542236329,1.147259176548232e-8,0.9755449295043945]},{"pos":[-144.64234924316407,990.2281494140625,-299.76031494140627,0.9755449295043945,-3.153215288875799e-8,-0.21979999542236329,2.1268531824603089e-8,1,-4.9061618767609619e-8,0.21979999542236329,4.318699353689226e-8,0.9755449295043945]},{"pos":[-144.64234924316407,990.2281494140625,-299.76031494140627,0.9755449295043945,-5.410035441855143e-8,-0.21979999542236329,3.631996037256613e-8,1,-8.493449143998078e-8,0.21979999542236329,7.487428632657611e-8,0.9755449295043945]},{"pos":[-144.64234924316407,990.2281494140625,-299.76031494140627,0.9755449295043945,-6.537721475297076e-8,-0.21979999542236329,4.384084562047974e-8,1,-1.028594240892744e-7,0.21979999542236329,9.070777906572403e-8,0.9755449295043945]},{"pos":[-144.64234924316407,990.2281494140625,-299.76031494140627,0.9755449295043945,-3.7438333322370457e-8,-0.21979999542236329,2.503351659299824e-8,1,-5.922207435560267e-8,0.21979999542236329,5.227142807484597e-8,0.9755449295043945]},{"pos":[-144.64234924316407,990.2281494140625,-299.76031494140627,0.9755449295043945,-1.8832317039141345e-8,-0.21979999542236329,1.250870163005402e-8,1,-3.0161583453036658e-8,0.21979999542236329,2.6674568331941374e-8,0.9755449295043945]},{"pos":[-144.64234924316407,990.2281494140625,-299.76031494140627,0.9755449295043945,-2.4221213923425469e-10,-0.21979999542236329,-5.400126960181106e-12,1,-1.1259335686020223e-9,0.21979999542236329,1.099585755781618e-9,0.9755449295043945]},{"pos":[-144.64234924316407,990.2281494140625,-299.76031494140627,0.9755449295043945,9.046877913476692e-