{"data":[{"type":"position","time":0.00388336181640625,"pos":[-251.11732482910157,2.999999761581421,-47.812862396240237,0.8972588777542114,3.187466068865774e-9,-0.4415048658847809,-4.908454087626524e-9,1,-2.7557744974870958e-9,0.4415048658847809,4.639749473511756e-9,0.8972588777542114]},{"type":"position","time":0.02046680450439453,"pos":[-251.11732482910157,2.999999761581421,-47.812862396240237,0.8972588777542114,2.8669415286231016e-8,-0.4415048658847809,-4.4149636835300046e-8,1,-2.478848415421453e-8,0.4415048658847809,4.1733965616685967e-8,0.8972588777542114]},{"type":"position","time":0.03806424140930176,"pos":[-251.11732482910157,2.999999761581421,-47.812862396240237,0.8972588777542114,5.4129586146700606e-8,-0.4415048658847809,-8.335727841313201e-8,1,-4.680235932141841e-8,0.4415048658847809,7.879647512254451e-8,0.8972588777542114]},{"type":"position","time":0.053568124771118167,"pos":[-251.11732482910157,2.999999761581421,-47.812862396240237,0.8972588777542114,5.8018557069772217e-8,-0.4415048658847809,-8.93461731266143e-8,1,-5.016498505483469e-8,0.4415048658847809,8.445774568599518e-8,0.8972588777542114]},{"type":"position","time":0.0704965591430664,"pos":[-251.11732482910157,2.999999761581421,-47.812862396240237,0.8972588777542114,4.036398593143531e-8,-0.4415048658847809,-6.215889669647368e-8,1,-3.490026045938066e-8,0.4415048658847809,5.875801889487775e-8,0.8972588777542114]},{"type":"position","time":0.08729863166809082,"pos":[-251.11732482910157,2.999999761581421,-47.812862396240237,0.8972588777542114,2.272450494444911e-8,-0.4415048658847809,-3.499485856650608e-8,1,-1.9648574323127833e-8,0.4415048658847809,3.308025497972267e-8,0.8972588777542114]},{"type":"position","time":0.10431098937988281,"pos":[-251.11732482910157,2.999999761581421,-47.812862396240237,0.8972588777542114,5.1001056711186269e-9,-0.4415048658847809,-7.854039196786289e-9,1,-4.4099190965596339e-9,0.4415048658847809,7.424435732872325e-9,0.8972588777542114]},{"type":"position","time":0.12033724784851074,"pos":[-251.11732482910157,2.999999761581421,-47.812862396240237,0.8972588777542114,-1.2509226543500063e-8,-0.4415048658847809,1.9263580952610938e-8,1,1.081571632255418e-8,0.4415048658847809,-1.820946060604456e-8,0.8972588777542114]},{"type":"position","time":0.13730716705322267,"pos":[-251.11732482910157,2.999999761581421,-47.812862396240237,0.8972588777542114,-3.0103507242529307e-8,-0.4415048658847809,4.635802142161083e-8,1,2.6028342148265439e-8,0.4415048658847809,-4.382145135650717e-8,0.8972588777542114]},{"type":"position","time":0.15398287773132325,"pos":[-251.11732482910157,2.999999761581421,-47.812862396240237,0.8972588777542114,-4.768274664002092e-8,-0.4415048658847809,7.34293053028523e-8,1,4.12279703709828e-8,0.4415048658847809,-6.941155561435153e-8,0.8972588777542114]},{"type":"position","time":0.16852045059204102,"pos":[-251.11732482910157,2.999999761581421,-47.812862396240237,0.8972588777542114,-6.524695805865122e-8,-0.4415048658847809,1.0047745035990374e-7,1,5.641461342520415e-8,0.4415048658847809,-9.497979647221655e-8,0.8972588777542114]},{"type":"position","time":0.18516778945922852,"pos":[-251.11732482910157,2.999999761581421,-47.812862396240237,0.8972588777542114,-6.114748174468332e-8,-0.4415048658847809,9.416446289378655e-8,1,5.2870124278570077e-8,0.4415048658847809,-8.901225356794385e-8,0.8972588777542114]},{"type":"position","time":0.20162725448608399,"pos":[-251.11732482910157,2.999999761581421,-47.812862396240237,0.8972588777542114,-3.541209281365809e-8,-0.4415048658847809,5.453310691905244e-8,1,3.0618508617408227e-8,0.4415048658847809,-5.154936033591184e-8,0.8972588777542114]},{"type":"position","time":0.2182328701019287,"pos":[-251.11732482910157,2.999999761581421,-47.812862396240237,0.8972588777542114,-9.698703173910417e-9,-0.4415048658847809,1.493562784560254e-8,1,8.385913297104253e-9,0.4415048658847809,-1.411848682408845e-8,0.8972588777542114]},{"type":"position","time":0.2351384162902832,"pos":[-251.11732482910157,2.999999761581421,-47.812862396240237,0.8972588777542114,1.599270760266336e-8,-0.4415048658847809,-2.462800630098627e-8,1,-1.3827682110445494e-8,0.4415048658847809,2.3280394501057345e-8,0.8972588777542114]},{"type":"position","time":0.25196337699890139,"pos":[-251.11732482910157,2.999999761581421,-47.812862396240237,0.8972588777542114,4.166215816781005e-8,-0.4415048658847809,-6.415782394242342e-8,1,-3.602229270427415e-8,0.4415048658847809,6.064730939669971e-8,0.8972588777542114]},{"type":"position","time":0.26860642433166506,"pos":[-251.11732482910157,2.999999761581421,-47.812862396240237,0.8972588777542114,6.730967072599015e-8,-0.4415048658847809,-1.0365385350041834e-7,1,-5.819793003070117e-8,0.4415048658847809,9.79822871727265e-8,0.8972588777542114]},{"type":"position","time":0.28515625,"pos":[-251.11732482910157,2.999999761581421,-47.812862396240237,0.8972588777542114,4.9540375357537417e-8,-0.4415048658847809,-7.628995746244982e-8,1,-4.283409893446333e-8,0.4415048658847809,7.211566099840639e-8,0.8972588777542114]},{"type":"position","time":0.3020000457763672,"pos":[-251.11732482910157,2.999999761581421,-47.812862396240237,0.8972588777542114,3.1786271392775237e-8,-0.4415048658847809,-4.894944538591517e-8,1,-2.748339689162549e-8,0.4415048658847809,4.627113980859576e-8,0.8972588777542114]},{"type":"position","time":0.3182961940765381,"pos":[-251.11732482910157,2.999999761581421,-47.812862396240237,0.8972588777542114,1.4047345509027309e-8,-0.4415048658847809,-2.1632306612673348e-8,1,-1.2145808803154523e-8,0.4415048658847809,2.0448702287012567e-8,0.8972588777542114]},{"type":"position","time":0.33679986000061037,"pos":[-251.11732482910157,2.999999761581421,-47.812862396240237,0.8972588777542114,-3.676414950248841e-9,-0.4415048658847809,5.661482838092979e-9,1,3.178675545001397e-9,0.4415048658847809,-5.351667109465552e-9,0.8972588777542114]},{"type":"position","time":0.3533618450164795,"pos":[-251.11732482910157,2.999999761581421,-47.812862396240237,0.8972588777542114,-2.1385023529774118e-8,-0.4415048658847809,3.293194339448746e-8,1,1.8490066366894099e-8,0.4415048658847809,-3.1129989253031457e-8,0.8972588777542114]},{"type":"position","time":0.3739614486694336,"pos":[-251.11732482910157,2.999999761581421,-47.812862396240237,0.8972588777542114,-3.907849333018021e-8,-0.4415048658847809,6.017909726097059e-8,1,3.3788378317467507e-8,0.4415048658847809,-5.688628235134274e-8,0.8972588777542114]},{"type":"position","time":0.3873112201690674,"pos":[-251.11732482910157,2.999999761581421,-47.812862396240237,0.8972588777542114,-5.675683567574197e-8,-0.4415048658847809,8.740295953657551e-8,1,4.9073619834416607e-8,0.4415048658847809,-8.262056638841386e-8,0.8972588777542114]},{"type":"position","time":0.4044463634490967,"pos":[-251.11732482910157,2.999999761581421,-47.812862396240237,0.8972588777542114,-7.442006477731411e-8,-0.4415048658847809,1.1460355153758428e-7,1,6.434579802316876e-8,0.4415048658847809,-1.0833286268052689e-7,0.8972588777542114]},{"type":"position","time":0.42130470275878909,"pos":[-251.11732482910157,2.999999761581421,-47.812862396240237,0.8972588777542114,-4.854296875578257e-8,-0.4415048658847809,7.475399854683929e-8,1,4.197171676878497e-8,0.4415048658847809,-7.066374507758155e-8,0.8972588777542114]},{"type":"position","time":0.4377410411834717,"pos":[-251.11732482910157,2.999999761581421,-47.812862396240237,0.8972588777542114,-2.2687993705972077e-8,-0.4415048658847809,3.493850897484663e-8,1,1.9616756219420496e-8,0.4415048658847809,-3.3026829271420868e-8,0.8972588777542114]},{"type":"position","time":0.4569590091705322,"pos":[-251.11732482910157,2.999999761581421,-47.812862396240237,0.8972588777542114,3.144883908845486e-9,-0.4415048658847809,-4.84295004099522e-9,1,-2.719100056225443e-9,0.4415048658847809,4.577922485538011e-9,0.8972588777542114]},{"type":"position","time":0.47202420234680178,"pos":[-251.11732482910157,2.999999761581421,-47.812862396240237,0.8972588777542114,2.8955680519970884e-8,-0.4415048658847809,-4.459040425786043e-8,1,-2.5035864936739928e-8,0.4415048658847809,4.215053195366636e-8,0.8972588777542114]},{"type":"position","time":0.48886966705322268,"pos":[-251.11732482910157,2.999999761581421,-47.812862396240237,0.8972588777542114,5.474441522324014e-8,-0.4415048658847809,-8.430388476199369e-8,1,-4.73335539652453e-8,0.4415048658847809,7.96910271105844e-8,0.8972588777542114]},{"type":"position","time":0.5047323703765869,"pos":[-251.11732482910157,2.999999761581421,-47.812862396240237,0.8972588777542114,5.8703921723690658e-8,-0.4415048658847809,-9.040135751092748e-8,1,-5.075708386925726e-8,0.4415048658847809,8.545487872879676e-8,0.8972588777542114]},{"type":"position","time":0.520301342010498,"pos":[-251.11732482910157,2.999999761581421,-47.812862396240237,0.8972588777542114,4.086218652332718e-8,-0.4415048658847809,-6.292591336887199e-8,1,-3.5330632641716878e-8,0.4415048658847809,5.948281867063088e-8,0.8972588777542114]},{"type":"position","time":0.5366976261138916,"pos":[-251.11732482910157,2.999999761581421,-47.812862396240237,0.8972588777542114,2.3035706675500479e-8,-0.4415048658847809,-3.5473952664233369e-8,1,-1.9917360205568003e-8,0.4415048658847809,3.3532952414816467e-8,0.8972588777542114]},{"type":"position","time":0.555633544921875,"pos":[-251.11732482910157,2.999999761581421,-47.812862396240237,0.8972588777542114,5.224466192998989e-9,-0.4415048658847809,-8.04545763344322e-9,1,-4.517259899472492e-9,0.4415048658847809,7.605260421428284e-9,0.8972588777542114]},{"type":"position","time":0.5702376365661621,"pos":[-251.11732482910157,2.999999761581421,-47.812862396240237,0.8972588777542114,-1.2571548246853581e-8,-0.4415048658847809,1.935959303978052e-8,1,1.086968293151358e-8,0.4415048658847809,-1.8300273296745219e-8,0.8972588777542114]},{"type":"position","time":0.5872642993927002,"pos":[-251.11732482910157,2.999999761581421,-47.812862396240237,0.8972588777542114,-3.035234996673353e-8,-0.4415048658847809,4.674121711900625e-8,1,2.624348027779888e-8,0.4415048658847809,-4.4183668279629276e-8,0.8972588777542114]},{"type":"position","time":0.603172779083252,"pos":[-251.11732482910157,2.999999761581421,-47.812862396240237,0.8972588777542114,-4.8117950512960309e-8,-0.4415048658847809,7.409943947322972e-8,1,4.160413880072156e-8,0.4415048658847809,-7.00449476198628e-8,0.8972588777542114]},{"type":"position","time":0.6208574771881104,"pos":[-251.11732482910157,2.999999761581421,-47.812862396240237,0.8972588777542114,-6.586835610278286e-8,-0.4415048658847809,1.0143427431330565e-7,1,5.6951677152028427e-8,0.4415048658847809,-9.58841255283005e-8,0.8972588777542114]},{"type":"position","time":0.6369819641113281,"pos":[-251.11732482910157,2.999999761581421,-47.812862396240237,0.8972588777542114,-4.419825216928075e-8,-0.4415048658847809,6.80633078786741e-8,1,3.8215098641103398e-8,0.4415048658847809,-6.433911892145261e-8,0.8972588777542114]},{"type":"position","time":0.653454065322876,"pos":[-251.11732482910157,2.999999761581421,-47.812862396240237,0.8972588777542114,-2.254667563761359e-8,-0.4415048658847809,3.472086262945595e-8,1,1.9494523328944525e-8,0.4415048658847809,-3.28210632005721e-8,0.8972588777542114]},{"type":"position","time":0.6700439453125,"pos":[-251.11732482910157,2.999999761581421,-47.812862396240237,0.8972588777542114,-9.13607023367291e-10,-0.4415048658847809,1.4069181375475637e-9,1,7.899408904776806e-10,0.4415048658847809,-1.3299427115143204e-9,0.8972588777542114]},{"type":"position","time":0.6870214939117432,"pos":[-251.11732482910157,2.999999761581421,-47.812862396240237,0.8972588777542114,2.0700968050846315e-8,-0.4415048658847809,-3.187855313058208e-8,1,-1.7898660331638895e-8,0.4415048658847809,3.013426663756036e-8,0.8972588777542114]},{"type":"position","time":0.703345537185669,"pos":[-251.11732482910157,2.999999761581421,-47.812862396240237,0.8972588777542114,4.2297067182062167e-8,-0.4415048658847809,-6.513557337939346e-8,1,-3.657129354905919e-8,0.4415048658847809,6.157159049280381e-8,0.8972588777542114]},{"type":"position","time":0.7186923027038574,"pos":[-251.11732482910157,2.999999761581421,-47.812862396240237,0.8972588777542114,6.387470108393245e-8,-0.4415048658847809,-9.836416836606077e-8,1,-5.5227978634775357e-8,0.4415048658847809,9.298204872720817e-8,0.8972588777542114]},{"type":"position","time":0.7350516319274902,"pos":[-251.11732482910157,2.999999761581421,-47.812862396240237,0.8972588777542114,4.5403488968531749e-8,-0.4415048658847809,-6.991933787503513e-8,1,-3.925722680264698e-8,0.4415048658847809,6.609361946630088e-8,0.8972588777542114]},{"type":"position","time":0.7523231506347656,"pos":[-251.11732482910157,2.999999761581421,-47.812862396240237,0.8972588777542114,2.694806866543331e-8,-0.4415048658847809,-4.1498818603713519e-8,1,-2.3300117391045206e-8,0.4415048658847809,3.9228165604754398e-8,0.8972588777542114]},{"type":"position","time":0.7682497501373291,"pos":[-251.11732482910157,2.999999761581421,-47.812862396240237,0.8972588777542114,8.50842507560401e-9,-0.4415048658847809,-1.3102592788527545e-8,1,-7.356639741828985e-9,0.4415048658847809,1.23856684908219e-8,0.8972588777542114]},{"type":"position","time":0.7853155136108398,"pos":[-251.11732482910157,2.999999761581421,-47.812862396240237,0.8972588777542114,-9.915453347275616e-9,-0.4415048658847809,1.526936088680486e-8,1,8.573215026785875e-9,0.4415048658847809,-1.443389052724342e-8,0.8972588777542114]},{"type":"position","time":0.8012752532958984,"pos":[-251.11732482910157,2.999999761581421,-47.812862396240237,0.8972588777542114,-2.8323581702238699e-8,-0.4415048658847809,4.3617063738565778e-8,1,2.448945934929725e-8,0.4415048658847809,-4.123053187754522e-8,0.8972588777542114]},{"type":"position","time":0.8183791637420654,"pos":[-251.11732482910157,2.999999761581421,-47.812862396240237,0.8972588777542114,-4.6715971535604697e-8,-0.4415048658847809,7.194054063575095e-8,1,4.0392105660203018e-8,0.4415048658847809,-6.800426888275979e-8,0.8972588777542114]},{"type":"position","time":0.8346381187438965,"pos":[-251.11732482910157,2.999999761581421,-47.812862396240237,0.8972588777542114,-6.509264238729884e-8,-0.4415048658847809,1.0023980223650142e-7,1,5.628116284128737e-8,0.4415048658847809,-9.475512996459656e-8,0.8972588777542114]},{"type":"position","time":0.8516442775726318,"pos":[-251.11732482910157,2.999999761581421,-47.812862396240237,0.8972588777542114,-6.157461029943079e-8,-0.4415048658847809,9.48221909879976e-8,1,5.3239375574776207e-8,0.4415048658847809,-8.963395714545186e-8,0.8972588777542114]},{"type":"position","time":0.868466854095459,"pos":[-251.11732482910157,2.999999761581421,-47.812862396240237,0.8972588777542114,-3.618993815734939e-8,-0.4415048658847809,5.5730929204855786e-8,1,3.129100534238205e-8,0.4415048658847809,-5.268160663263188e-8,0.8972588777542114]},{"type":"position","time":0.8852999210357666,"pos":[-251.11732482910157,2.999999761581421,-47.812862396240237,0.8972588777542114,-1.0826965102239683e-8,-0.4415048658847809,1.6673077141149407e-8,1,9.361394326390382e-9,0.4415048658847809,-1.5760837968059606e-8,0.8972588777542114]},{"type":"position","time":0.9034016132354736,"pos":[-251.11732482910157,2.999999761581421,-47.812862396240237,0.8972588777542114,1.4514329294001982e-8,-0.4415048658847809,-2.2351391848474124e-8,1,-1.2549475236767194e-8,0.4415048658847809,2.1128375493617569e-8,0.8972588777542114]},{"type":"position","time":0.9199550151824951,"pos":[-251.11732482910157,2.999999761581421,-47.812862396240237,0.8972588777542114,3.983396368312242e-8,-0.4415048658847809,-6.134250440936739e-8,1,-3.444161933430223e-8,0.4415048658847809,5.7986060397752229e-8,0.8972588777542114]},{"type":"position","time":0.9376468658447266,"pos":[-251.11732482910157,2.999999761581421,-47.812862396240237,0.8972588777542114,6.513195671686845e-8,-0.4415048658847809,-1.0030029073959668e-7,1,-5.631505217706945e-8,0.4415048658847809,9.481224338969696e-8,0.8972588777542114]},{"type":"position","time":0.9556949138641357,"pos":[-251.11732482910157,2.999999761581421,-47.812862396240237,0.8972588777542114,4.821740162697097e-8,-0.4415048658847809,-7.425263959248696e-8,1,-4.169022815858625e-8,0.4415048658847809,7.018982728368428e-8,0.8972588777542114]},{"type":"position","time":0.972430944442749,"pos":[-251.11732482910157,2.999999761581421,-47.812862396240237,0.8972588777542114,3.131730608174621e-8,-0.4415048658847809,-4.822725685471596e-8,1,-2.7077902586825077e-8,0.4415048658847809,4.558845390079114e-8,0.8972588777542114]},{"type":"position","time":0.9876785278320313,"pos":[-251.11732482910157,2.999999761581421,-47.812862396240237,0.8972588777542114,1.4431660311231554e-8,-0.4415048658847809,-2.2224115880931096e-8,1,-1.2478059474574366e-8,0.4415048658847809,2.1008103701092297e-8,0.8972588777542114]},{"type":"position","time":1.0043137073516846,"pos":[-251.11732482910157,2.999999761581421,-47.812862396240237,0.8972588777542114,-2.439551005650742e-9,-0.4415048658847809,3.756798871989986e-9,1,2.109309171771656e-9,0.4415048658847809,-3.551241301025243e-9,0.8972588777542114]},{"type":"position","time":1.021711826324463,"pos":[-251.11732482910157,2.999999761581421,-47.812862396240237,0.8972588777542114,-1.9296338749086318e-8,-0.4415048658847809,2.9715504723526466e-8,1,1.6684214898532447e-8,0.4415048658847809,-2.8089599979352898e-8,0.8972588777542114]},{"type":"position","time":1.0368599891662598,"pos":[-251.11732482910157,2.999999761581421,-47.812862396240237,0.8972588777542114,-3.613871513152844e-8,-0.4415048658847809,5.5652023434049627e-8,1,3.124666747567062e-8,0.4415048658847809,-5.2606988987236039e-8,0.8972588777542114]},{"type":"position","time":1.0534532070159913,"pos":[-251.11732482910157,2.999999761581421,-47.812862396240237,0.8972588777542114,-5.296669414178723e-8,-0.4415048658847809,8.156636965850339e-8,1,4.5796678449505637e-8,0.4415048658847809,-7.710342231348477e-8,0.8972588777542114]},{"type":"position","time":1.0712254047393799,"pos":[-251.11732482910157,2.999999761581421,-47.812862396240237,0.8972588777542114,-6.978028466164688e-8,-0.4415048658847809,1.0745856826588352e-7,1,6.033425847817853e-8,0.4415048658847809,-1.0157892660345169e-7,0.8972588777542114]},{"type":"position","time":1.0871493816375733,"pos":[-251.11732482910157,2.999999761581421,-47.812862396240237,0.8972588777542114,-4.566311062603745e-8,-0.4415048658847809,7.031918869415677e-8,1,3.948179383428396e-8,0.4415048658847809,-6.647165662343468e-8,0.8972588777542114]},{"type":"position","time":1.1043634414672852,"pos":[-251.11732482910157,2.999999761581421,-47.812862396240237,0.8972588777542114,-2.1566552987906108e-8,-0.4415048658847809,3.3211556171863779e-8,1,1.864715670762962e-8,0.4415048658847809,-3.1394389310435147e-8,0.8972588777542114]},{"type":"position","time":1.1226062774658204,"pos":[-251.11732482910157,2.999999761581421,-47.812862396240237,0.8972588777542114,2.509408236761601e-9,-0.4415048658847809,-3.8643590549725108e-9,1,-2.169675106244995e-9,0.4415048658847809,3.6528935432045275e-9,0.8972588777542114]},{"type":"position","time":1.138063907623291,"pos":[-251.11732482910157,2.999999761581421,-47.812862396240237,0.8972588777542114,2.6564789479266439e-8,-0.4415048658847809,-4.0908584963972319e-8,1,-2.2968716706373017e-8,0.4415048658847809,3.867022257963981e-8,0.8972588777542114]},{"type":"position","time":1.1536681652069092,"pos":[-251.11732482910157,2.999999761581421,-47.812862396240237,0.8972588777542114,5.0599609835444429e-8,-0.4415048658847809,-7.792115042093428e-8,1,-4.374998141543074e-8,0.4415048658847809,7.365762400013409e-8,0.8972588777542114]},{"type":"position","time":1.170494556427002,"pos":[-251.11732482910157,2.999999761581421,-47.812862396240237,0.8972588777542114,5.439230221782054e-8,-0.4415048658847809,-8.376172644375402e-8,1,-4.7029271144083398e-8,0.4415048658847809,7.917864053297308e-8,0.8972588777542114]},{"type":"position","time":1.1870801448822022,"pos":[-251.11732482910157,2.999999761581421,-47.812862396240237,0.8972588777542114,3.796880676532055e-8,-0.4415048658847809,-5.847027750860434e-8,1,-3.2829010621071578e-8,0.4415048658847809,5.527103397184874e-8,0.8972588777542114]},{"type":"position","time":1.2034258842468262,"pos":[-251.11732482910157,2.999999761581421,-47.812862396240237,0.8972588777542114,2.155760014943553e-8,-0.4415048658847809,-3.319774677379428e-8,1,-1.8639370935602529e-8,0.4415048658847809,3.13813082186698e-8,0.8972588777542114]},{"type":"position","time":1.2205097675323487,"pos":[-251.11732482910157,2.999999761581421,-47.812862396240237,0.8972588777542114,5.160423199868092e-9,-0.4415048658847809,-7.946819202686584e-9,1,-4.4618548855623889e-9,0.4415048658847809,7.511998134646092e-9,0.8972588777542114]},{"type":"position","time":1.2364001274108887,"pos":[-203.0858917236328,11.127143859863282,62.07787322998047,-0.9675325155258179,-3.6442087125720947e-9,0.25274658203125,3.4076541588490274e-9,1,2.7463180174436276e-8,-0.25274658203125,2.7432792037984656e-8,-0.9675325155258179]},{"type":"position","time":1.2528181076049805,"pos":[-203.0858917236328,11.127143859863282,62.07787322998047,-0.9675325155258179,-1.096461232918955e-8,0.25274658203125,8.241269000563989e-9,1,7.493002840419649e-8,-0.25274658203125,7.4580192688245e-8,-0.9675325155258179]},{"type":"position","time":1.2687218189239503,"pos":[-203.0858917236328,11.127143859863282,62.07787322998047,-0.9675325155258179,-1.5517720441948769e-8,0.25274658203125,1.1125958820912274e-8,1,1.0398734673344734e-7,-0.25274658203125,1.0342319001210854e-7,-0.9675325155258179]},{"type":"position","time":1.2851426601409913,"pos":[-203.0858917236328,11.127143859863282,62.07787322998047,-0.9675325155258179,-1.1787358644710367e-8,0.25274658203125,8.176290755557148e-9,1,7.793650524945406e-8,-0.25274658203125,7.747263452984044e-8,-0.9675325155258179]},{"type":"position","time":1.302196979522705,"pos":[-203.0858917236328,11.127143859863282,62.07787322998047,-0.9675325155258179,-8.060184519820269e-9,0.25274658203125,5.2291437846463399e-9,1,5.190792862208582e-8,-0.25274658203125,5.1544258639069088e-8,-0.9675325155258179]},{"type":"position","time":1.3187487125396729,"pos":[-203.0858917236328,11.127143859863282,62.07787322998047,-0.9675325155258179,-4.336197623189264e-9,0.25274658203125,2.2845154656891965e-9,1,2.590159908777423e-8,-0.25274658203125,2.5638042799869255e-8,-0.9675325155258179]},{"type":"position","time":1.3354547023773194,"pos":[-203.0858917236328,11.127143859863282,62.07787322998047,-0.9675325155258179,-6.153935694364066e-10,0.25274658203125,-6.5759681033839e-10,1,-8.250435751255836e-11,-0.25274658203125,-2.4603100112763345e-10,-0.9675325155258179]},{"type":"position","time":1.3527615070343018,"pos":[-203.0858917236328,11.127143859863282,62.07787322998047,-0.9675325155258179,3.102230250462412e-9,0.25274658203125,-3.597194542237503e-9,1,-2.6044398637736778e-8,-0.25274658203125,-2.610798155444627e-8,-0.9675325155258179]},{"type":"position","time":1.3686132431030274,"pos":[-203.0858917236328,11.127143859863282,62.07787322998047,-0.9675325155258179,6.816676112464393e-9,0.25274658203125,-6.534279783920738e-9,1,-5.198410235607298e-8,-0.25274658203125,-5.194782559669875e-8,-0.9675325155258179]},{"type":"position","time":1.385359525680542,"pos":[-203.0858917236328,11.127143859863282,62.07787322998047,-0.9675325155258179,1.052794740274976e-8,0.25274658203125,-9.4688550333899e-9,1,-7.790163891741031e-8,-0.25274658203125,-7.776558419436697e-8,-0.9675325155258179]},{"type":"position","time":1.4018628597259522,"pos":[-203.0858917236328,11.127143859863282,62.07787322998047,-0.9675325155258179,1.4236046119719959e-8,0.25274658203125,-1.240092206700183e-8,1,-1.0379702075624664e-7,-0.25274658203125,-1.0356127688737615e-7,-0.9675325155258179]},{"type":"position","time":1.4180362224578858,"pos":[-203.0858917236328,11.127143859863282,62.07787322998047,-0.9675325155258179,1.5487287896576164e-8,0.25274658203125,-1.3251249875168014e-8,1,-1.1200270932931744e-7,-0.25274658203125,-1.1171547242838642e-7,-0.9675325155258179]},{"type":"position","time":1.434412956237793,"pos":[-203.0858917236328,11.127143859863282,62.07787322998047,-0.9675325155258179,9.379535370612757e-9,0.25274658203125,-7.865819995345192e-9,1,-6.722137158021724e-8,-0.25274658203125,-6.702692445514913e-8,-0.9675325155258179]},{"type":"position","time":1.4519851207733155,"pos":[-203.0858917236328,11.127143859863282,62.07787322998047,-0.9675325155258179,3.2770040014895587e-9,0.25274658203125,-2.484994210405489e-9,1,-2.247831254464927e-8,-0.25274658203125,-2.237657170667262e-8,-0.9675325155258179]},{"type":"position","time":1.468529224395752,"pos":[-203.0858917236328,11.127143859863282,62.07787322998047,-0.9675325155258179,-2.8203110957747414e-9,0.25274658203125,2.891233030766216e-9,1,2.2226505080880089e-8,-0.25274658203125,2.2235614238752534e-8,-0.9675325155258179]},{"type":"position","time":1.4857523441314698,"pos":[-203.0858917236328,11.127143859863282,62.07787322998047,-0.9675325155258179,-8.91241480616145e-9,0.25274658203125,8.262865058838998e-9,1,6.689311504715079e-8,-0.25274658203125,6.680966890826312e-8,-0.9675325155258179]},{"type":"position","time":1.5019209384918213,"pos":[-203.0858917236328,11.127143859863282,62.07787322998047,-0.9675325155258179,-1.4999312014651879e-8,0.25274658203125,1.3629905204481929e-8,1,1.1152154399951542e-7,-0.25274658203125,1.1134562782899593e-7,-0.9675325155258179]},{"type":"position","time":1.5185275077819825,"pos":[-203.0858917236328,11.127143859863282,62.07787322998047,-0.9675325155258179,-1.1257431431488385e-8,0.25274658203125,1.0133999417405449e-8,1,8.33340862982368e-8,-0.25274658203125,8.318976796317657e-8,-0.9675325155258179]},{"type":"position","time":1.5347521305084229,"pos":[-203.0858917236328,11.127143859863282,62.07787322998047,-0.9675325155258179,-7.518746514278974e-9,0.25274658203125,6.641080574354419e-9,1,5.517070889027309e-8,-0.25274658203125,5.5057963521676359e-8,-0.9675325155258179]},{"type":"position","time":1.5521488189697266,"pos":[-203.0858917236328,11.127143859863282,62.07787322998047,-0.9675325155258179,-3.7832577071128529e-9,0.25274658203125,3.1511475651058164e-9,1,2.7031406446553775e-8,-0.25274658203125,2.695020562271111e-8,-0.9675325155258179]},{"type":"position","time":1.5685045719146729,"pos":[-203.0858917236328,11.127143859863282,62.07787322998047,-0.9675325155258179,-5.096115890390607e-11,0.25274658203125,-3.3580177527525736e-10,1,-1.0838444586269703e-9,-0.25274658203125,-1.1335274940904583e-9,-0.9675325155258179]},{"type":"position","time":1.5852179527282715,"pos":[-203.0858917236328,11.127143859863282,62.07787322998047,-0.9675325155258179,3.6781453438550217e-9,0.25274658203125,-3.8197711660359349e-9,1,-2.9175065918707334e-8,-0.25274658203125,-2.919325758909963e-8,-0.9675325155258179]},{"type":"position","time":1.6039769649505616,"pos":[-203.0858917236328,11.127143859863282,62.07787322998047,-0.9675325155258179,7.404064916727293e-9,0.25274658203125,-7.300761772910391e-9,1,-5.724227492009959e-8,-0.25274658203125,-5.722900553450927e-8,-0.9675325155258179]},{"type":"position","time":1.6191973686218262,"pos":[-203.0858917236328,11.127143859863282,62.07787322998047,-0.9675325155258179,1.112680081405415e-8,0.25274658203125,-1.0778777870257273e-8,1,-8.528549955144627e-8,-0.25274658203125,-8.524079220251224e-8,-0.9675325155258179]},{"type":"position","time":1.6352357864379883,"pos":[-203.0858917236328,11.127143859863282,62.07787322998047,-0.9675325155258179,1.484635436810322e-8,0.25274658203125,-1.4253820346254998e-8,1,-1.133047504708884e-7,-0.25274658203125,-1.1322863713303377e-7,-0.9675325155258179]},{"type":"position","time":1.6522364616394044,"pos":[-203.0858917236328,11.127143859863282,62.07787322998047,-0.9675325155258179,1.165089358323712e-8,0.25274658203125,-1.1128658883308163e-8,1,-8.869846368497747e-8,-0.25274658203125,-8.8631374239867e-8,-0.9675325155258179]},{"type":"position","time":1.6687257289886475,"pos":[-203.0858917236328,11.127143859863282,62.07787322998047,-0.9675325155258179,6.155203013946675e-9,0.25274658203125,-5.80803138916508e-9,1,-4.6586830393380299e-8,-0.25274658203125,-4.6542233178570316e-8,-0.9675325155258179]},{"type":"position","time":1.6873230934143067,"pos":[-203.0858917236328,11.127143859863282,62.07787322998047,-0.9675325155258179,6.642087990726964e-10,0.25274658203125,-4.919530338653999e-10,1,-4.5111958613119899e-9,-0.25274658203125,-4.4890682282527909e-9,-0.9675325155258179]},{"type":"position","time":1.7080316543579102,"pos":[-203.0858917236328,11.127143859863282,62.07787322998047,-0.9675325155258179,-6.192935053661586e-9,0.25274658203125,6.146755104907697e-9,1,4.803277775522474e-8,-0.25274658203125,4.8026844723381149e-8,-0.9675325155258179]},{"type":"position","time":1.718672513961792,"pos":[-203.0858917236328,11.127143859863282,62.07787322998047,-0.9675325155258179,-1.030370455623597e-8,0.25274658203125,1.0126575133995175e-8,1,7.953221370371466e-8,-0.25274658203125,7.950946212531562e-8,-0.9675325155258179]},{"type":"position","time":1.7354590892791749,"pos":[-203.0858917236328,11.127143859863282,62.07787322998047,-0.9675325155258179,-1.3458740788507839e-8,0.25274658203125,1.3162744672001736e-8,1,1.0363789471057317e-7,-0.25274658203125,1.0359987356878264e-7,-0.9675325155258179]},{"type":"position","time":1.7521123886108399,"pos":[-203.0858917236328,11.127143859863282,62.07787322998047,-0.9675325155258179,-9.648383425542307e-9,0.25274658203125,9.400356049127368e-9,1,7.415939506927316e-8,-0.25274658203125,7.412753433300168e-8,-0.9675325155258179]},{"type":"position","time":1.7675812244415284,"pos":[-203.0858917236328,11.127143859863282,62.07787322998047,-0.9675325155258179,-5.8412834569310238e-9,0.25274658203125,5.641183076221523e-9,1,4.470608772066953e-8,-0.25274658203125,4.468038383720341e-8,-0.9675325155258179]},{"type":"position","time":1.7846684455871583,"pos":[-203.0858917236328,11.127143859863282,62.07787322998047,-0.9675325155258179,-2.0374357756480778e-9,0.25274658203125,1.885223310793549e-9,1,1.527795312483704e-8,-0.25274658203125,1.5258400765105763e-8,-0.9675325155258179]},{"type":"position","time":1.8015358448028565,"pos":[-203.0858917236328,11.127143859863282,62.07787322998047,-0.9675325155258179,1.7631606175072534e-9,0.25274658203125,-1.867525911691814e-9,1,-1.4125028258149542e-8,-0.25274658203125,-1.4138435311394915e-8,-0.9675325155258179]},{"type":"position","time":1.8174471855163575,"pos":[-203.0858917236328,11.127143859863282,62.07787322998047,-0.9675325155258179,4.611476089877442e-9,0.25274658203125,-4.679982623656542e-9,1,-3.6160770378046439e-8,-0.25274658203125,-3.6169574002542507e-8,-0.9675325155258179]},{"type":"position","time":1.8361306190490723,"pos":[-203.0858917236328,11.127143859863282,62.07787322998047,-0.9675325155258179,9.354611307799133e-9,0.25274658203125,-9.363404274154164e-9,1,-7.285562020342695e-8,-0.25274658203125,-7.285674996637681e-8,-0.9675325155258179]},{"type":"position","time":1.8522264957427979,"pos":[-203.0858917236328,11.127143859863282,62.07787322998047,-0.9675325155258179,1.3145470489916989e-8,0.25274658203125,-1.3106538965246273e-8,1,-1.0218327162192509e-7,-0.25274658203125,-1.021782765064927e-7,-0.9675325155258179]},{"type":"position","time":1.8668112754821778,"pos":[-203.0858917236328,11.127143859863282,62.07787322998047,-0.9675325155258179,1.376416403076064e-8,0.25274658203125,-1.3702061707476787e-8,1,-1.0691086060887756e-7,-0.25274658203125,-1.0690288121395497e-7,-0.9675325155258179]},{"type":"position","time":1.8856420516967774,"pos":[-203.0858917236328,11.127143859863282,62.07787322998047,-0.9675325155258179,7.390644984894834e-9,0.25274658203125,-7.33192306867636e-9,1,-5.730846552864932e-8,-0.25274658203125,-5.730092311750923e-8,-0.9675325155258179]},{"type":"position","time":1.9017720222473145,"pos":[-203.0858917236328,11.127143859863282,62.07787322998047,-0.9675325155258179,2.2967319157629619e-9,0.25274658203125,-2.2407118382972159e-9,1,-1.7664705254105685e-8,-0.25274658203125,-1.7657507456192435e-8,-0.9675325155258179]},{"type":"position","time":1.91713547706604,"pos":[-203.0858917236328,11.127143859863282,62.07787322998047,-0.9675325155258179,-1.5208451165094062e-9,0.25274658203125,1.5748408133120507e-9,1,1.2045878960975643e-8,-0.25274658203125,1.20528156344335e-8,-0.9675325155258179]},{"type":"position","time":1.9363346099853516,"pos":[-105.64171600341797,26.507659912109376,224.97018432617188,0.7600051164627075,-7.475297714165663e-9,0.6499170660972595,7.558439207855372e-9,1,2.6631787886088888e-9,-0.6499170660972595,2.8883295755122164e-9,0.7600051164627075]},{"type":"position","time":1.9537510871887208,"pos":[-105.64171600341797,26.507659912109376,224.97018432617188,0.7600051164627075,2.0091183827730675e-8,0.6499170660972595,-2.1148142792526415e-8,1,-6.1830758291137048e-9,-0.6499170660972595,-9.045369786520041e-9,0.7600051164627075]},{"type":"position","time":1.9685704708099366,"pos":[-105.64171600341797,26.507659912109376,224.97018432617188,0.7600051164627075,4.7634074462621359e-8,0.6499170660972595,-4.9830156001462458e-8,1,-1.5021765165101898e-8,-0.6499170660972595,-2.0968851544012069e-8,0.7600051164627075]},{"type":"position","time":1.9857134819030762,"pos":[-105.64171600341797,26.507659912109376,224.97018432617188,0.7600051164627075,7.515339461861004e-8,0.6499170660972595,-7.848761640616431e-8,1,-2.385289477047081e-8,-0.6499170660972595,-3.2882120137855966e-8,0.7600051164627075]},{"type":"position","time":2.001962661743164,"pos":[-105.64171600341797,26.507659912109376,224.97018432617188,0.7600051164627075,1.0264916738833563e-7,0.6499170660972595,-1.0712054887562772e-7,1,-3.2676471306558599e-8,-0.6499170660972595,-4.478518889072802e-8,0.7600051164627075]},{"type":"position","time":2.019195795059204,"pos":[-105.64171600341797,26.507659912109376,224.97018432617188,0.7600051164627075,8.161500630876617e-8,0.6499170660972595,-8.513406868360107e-8,1,-2.6022819454851743e-8,-0.6499170660972595,-3.555260974508201e-8,0.7600051164627075]},{"type":"position","time":2.0363738536834719,"pos":[-105.64171600341797,26.507659912109376,224.97018432617188,0.7600051164627075,4.443696610678671e-8,0.6499170660972595,-4.6308663570471256e-8,1,-1.4220499444661528e-8,-0.6499170660972595,-1.928913739845939e-8,0.7600051164627075]},{"type":"position","time":2.052074909210205,"pos":[-105.64171600341797,26.507659912109376,224.97018432617188,0.7600051164627075,7.2907471171390629e-9,0.6499170660972595,-7.516491429271355e-9,1,-2.42827158380976e-9,-0.6499170660972595,-3.039597240572789e-9,0.7600051164627075]},{"type":"position","time":2.0688235759735109,"pos":[-105.64171600341797,26.507659912109376,224.97018432617188,0.7600051164627075,-2.982368485504594e-8,0.6499170660972595,3.1242475273529638e-8,1,9.353873231532362e-9,-0.6499170660972595,1.3196026493744739e-8,0.7600051164627075]},{"type":"position","time":2.0848472118377687,"pos":[-105.64171600341797,26.507659912109376,224.97018432617188,0.7600051164627075,-6.6906352458318e-8,0.6499170660972595,6.996826584781957e-8,1,2.1125947213818109e-8,-0.6499170660972595,2.9417744684678838e-8,0.7600051164627075]},{"type":"position","time":2.1029272079467775,"pos":[-105.64171600341797,26.507659912109376,224.97018432617188,0.7600051164627075,-1.0395729077572469e-7,0.6499170660972595,1.0866090605077261e-7,1,3.2887953693716557e-8,-0.6499170660972595,4.562556554787989e-8,0.7600051164627075]},{"type":"position","time":2.1193480491638185,"pos":[-105.64171600341797,26.507659912109376,224.97018432617188,0.7600051164627075,-7.502996623998115e-8,0.6499170660972595,7.840453264407188e-8,1,2.376013519267417e-8,-0.6499170660972595,3.289862249289399e-8,0.7600051164627075]},{"type":"position","time":2.1355953216552736,"pos":[-105.64171600341797,26.507659912109376,224.97018432617188,0.7600051164627075,-4.6127397013151497e-8,0.6499170660972595,4.81740585200896e-8,1,1.464012200358411e-8,-0.6499170660972595,2.0182573834404139e-8,0.7600051164627075]},{"type":"position","time":2.1524953842163088,"pos":[-105.64171600341797,26.507659912109376,224.97018432617188,0.7600051164627075,-1.7249565331667328e-8,0.6499170660972595,1.796945880983003e-8,1,5.527911461911117e-9,-0.6499170660972595,7.477417796053487e-9,0.7600051164627075]},{"type":"position","time":2.168288469314575,"pos":[-105.64171600341797,26.507659912109376,224.97018432617188,0.7600051164627075,1.1603555449823944e-8,0.6499170660972595,-1.220928957934575e-8,1,-3.5765075345750576e-9,-0.6499170660972595,-5.216861609369516e-9,0.7600051164627075]},{"type":"position","time":2.187072992324829,"pos":[-105.64171600341797,26.507659912109376,224.97018432617188,0.7600051164627075,4.043198487124755e-8,0.6499170660972595,-4.236220974007665e-8,1,-1.2673138982677301e-8,-0.6499170660972595,-1.790027326364907e-8,0.7600051164627075]},{"type":"position","time":2.202341318130493,"pos":[-105.64171600341797,26.507659912109376,224.97018432617188,0.7600051164627075,6.92357460252424e-8,0.6499170660972595,-7.24893212122879e-8,1,-2.1761989543733763e-8,-0.6499170660972595,-3.057282427221253e-8,0.7600051164627075]},{"type":"position","time":2.2188382148742677,"pos":[-105.64171600341797,26.507659912109376,224.97018432617188,0.7600051164627075,9.801485845173375e-8,0.6499170660972595,-1.0259064708861843e-7,1,-3.0843068543617849e-8,-0.6499170660972595,-4.323452529320093e-8,0.7600051164627075]},{"type":"position","time":2.2361929416656496,"pos":[-105.64171600341797,26.507659912109376,224.97018432617188,0.7600051164627075,9.346347695782242e-8,0.6499170660972595,-9.781251009144398e-8,1,-2.9427550174432328e-8,-0.6499170660972595,-4.120493457548946e-8,0.7600051164627075]},{"type":"position","time":2.2523646354675295,"pos":[-105.64171600341797,26.507659912109376,224.97018432617188,0.7600051164627075,5.5624390427055917e-8,0.6499170660972595,-5.819968862397218e-8,1,-1.7528899221019857e-8,-0.6499170660972595,-2.4502917028712546e-8,0.7600051164627075]},{"type":"position","time":2.2689905166625978,"pos":[-105.64171600341797,26.507659912109376,224.97018432617188,0.7600051164627075,1.7817686881471674e-8,0.6499170660972595,-1.862076892678033e-8,1,-5.64042323958347e-9,-0.6499170660972595,-7.81520537174174e-9,0.7600051164627075]},{"type":"position","time":2.286411762237549,"pos":[-105.64171600341797,26.507659912109376,224.97018432617188,0.7600051164627075,-1.995666565335341e-8,0.6499170660972595,2.092427209277048e-8,1,6.237890648463917e-9,-0.6499170660972595,8.85821282992083e-9,0.7600051164627075]},{"type":"position","time":2.3019180297851564,"pos":[-105.64171600341797,26.507659912109376,224.97018432617188,0.7600051164627075,-5.769868849370141e-8,0.6499170660972595,6.043546108003284e-8,1,1.8106048216282035e-8,-0.6499170660972595,2.5517348234416205e-8,0.7600051164627075]},{"type":"position","time":2.319873571395874,"pos":[-105.64171600341797,26.507659912109376,224.97018432617188,0.7600051164627075,-9.540841716670912e-8,0.6499170660972595,9.991283178578669e-8,1,2.9964063230636387e-8,-0.6499170660972595,4.2162213276242258e-8,0.7600051164627075]},{"type":"position","time":2.3365113735198976,"pos":[-105.64171600341797,26.507659912109376,224.97018432617188,0.7600051164627075,-8.309903876124736e-8,0.6499170660972595,8.701472609118355e-8,1,2.6107022321752994e-8,-0.6499170660972595,3.671088322221294e-8,0.7600051164627075]},{"type":"position","time":2.3529467582702638,"pos":[-105.64171600341797,26.507659912109376,224.97018432617188,0.7600051164627075,-5.4145044003917067e-8,0.6499170660972595,5.668790592494588e-8,1,1.702055030250449e-8,-0.6499170660972595,2.3906732593559356e-8,0.7600051164627075]},{"type":"position","time":2.3693041801452638,"pos":[-105.64171600341797,26.507659912109376,224.97018432617188,0.7600051164627075,-2.5215824095425888e-8,0.6499170660972595,2.6387036555775013e-8,1,7.941845403536263e-9,-0.6499170660972595,1.1113542974783286e-8,0.7600051164627075]},{"type":"position","time":2.386817216873169,"pos":[-105.64171600341797,26.507659912109376,224.97018432617188,0.7600051164627075,3.6886398380175935e-9,0.6499170660972595,-3.887898003540613e-9,1,-1.1290942625308276e-9,-0.6499170660972595,-1.6686937387433432e-9,0.7600051164627075]},{"type":"position","time":2.4016151428222658,"pos":[-105.64171600341797,26.50