{"data":[{"type":"position","time":0.004379987716674805,"pos":[254.6495361328125,148.0911865234375,298.6893310546875,-0.9756724238395691,4.3154962270364197e-8,0.21923337876796723,3.3736665017158887e-8,1,-4.670377862225905e-8,-0.21923337876796723,-3.817138960471311e-8,-0.9756724238395691]},{"type":"position","time":0.020165443420410157,"pos":[254.6495361328125,148.0911865234375,298.6893310546875,-0.9756724238395691,7.462394790991311e-8,0.21923337876796723,5.833773997210301e-8,1,-8.07606213015788e-8,-0.21923337876796723,-6.600633639664011e-8,-0.9756724238395691]},{"type":"position","time":0.040181875228881839,"pos":[254.6495361328125,148.0911865234375,298.6893310546875,-0.9756724238395691,6.617239023398725e-8,0.21923337876796723,5.1730676631223108e-8,1,-7.161405335409654e-8,-0.21923337876796723,-5.8530769564413279e-8,-0.9756724238395691]},{"type":"position","time":0.054015159606933597,"pos":[254.6495361328125,148.0911865234375,298.6893310546875,-0.9756724238395691,4.443585055469157e-8,0.21923337876796723,3.4738000920242487e-8,1,-4.809002973615861e-8,-0.21923337876796723,-3.930438907673306e-8,-0.9756724238395691]},{"type":"position","time":0.0755472183227539,"pos":[254.6495361328125,148.0911865234375,298.6893310546875,-0.9756724238395691,2.27178951206497e-8,0.21923337876796723,1.775985047913764e-8,1,-2.4586121583070054e-8,-0.21923337876796723,-2.0094448771601493e-8,-0.9756724238395691]},{"type":"position","time":0.08985710144042969,"pos":[254.6495361328125,148.0911865234375,298.6893310546875,-0.9756724238395691,-4.40344205543397e-9,0.21923337876796723,-3.4424305628277809e-9,1,4.765503991421838e-9,-0.21923337876796723,3.894875089116567e-9,-0.9756724238395691]},{"type":"position","time":0.10455083847045899,"pos":[254.6495361328125,148.0911865234375,298.6893310546875,-0.9756724238395691,-2.0662332289589359e-8,0.21923337876796723,-1.6152924331436226e-8,1,2.2361419382832538e-8,-0.21923337876796723,1.82761610290072e-8,-0.9756724238395691]},{"type":"position","time":0.12136530876159668,"pos":[254.6495361328125,148.0911865234375,298.6893310546875,-0.9756724238395691,-3.6910797973632728e-8,0.21923337876796723,-2.8855268396910107e-8,1,3.99460482469749e-8,-0.21923337876796723,3.2648220127384778e-8,-0.9756724238395691]},{"type":"position","time":0.13394522666931153,"pos":[254.6495361328125,148.0911865234375,298.6893310546875,-0.9756724238395691,-5.855921259012575e-8,0.21923337876796723,-4.577906054237246e-8,1,6.337467794992335e-8,-0.21923337876796723,5.179662920795636e-8,-0.9756724238395691]},{"type":"position","time":0.15206003189086915,"pos":[254.6495361328125,148.0911865234375,298.6893310546875,-0.9756724238395691,-8.559370456850957e-8,0.21923337876796723,-6.691345078024824e-8,1,9.263230538181233e-8,-0.21923337876796723,7.570912430310273e-8,-0.9756724238395691]},{"type":"position","time":0.1740257740020752,"pos":[254.6495361328125,148.0911865234375,298.6893310546875,-0.9756724238395691,-7.518315925381103e-8,0.21923337876796723,-5.87749369174162e-8,1,8.136568396821531e-8,-0.21923337876796723,6.650082440273764e-8,-0.9756724238395691]},{"type":"position","time":0.18804216384887696,"pos":[254.6495361328125,148.0911865234375,298.6893310546875,-0.9756724238395691,-3.5677793164268226e-8,0.21923337876796723,-2.7891342568864276e-8,1,3.8611720043491007e-8,-0.21923337876796723,3.1557675583826497e-8,-0.9756724238395691]},{"type":"position","time":0.2027130126953125,"pos":[254.6495361328125,148.0911865234375,298.6893310546875,-0.9756724238395691,-4.103888340267758e-9,0.21923337876796723,-3.208220133998907e-9,1,4.4414596445108149e-9,-0.21923337876796723,3.6300606964800865e-9,-0.9756724238395691]},{"type":"position","time":0.21941208839416505,"pos":[254.6495361328125,148.0911865234375,298.6893310546875,-0.9756724238395691,2.7443029182450119e-8,0.21923337876796723,2.1453809395666214e-8,1,-2.9699576131747564e-8,-0.21923337876796723,-2.4273667520446908e-8,-0.9756724238395691]},{"type":"position","time":0.23913264274597169,"pos":[254.6495361328125,148.0911865234375,298.6893310546875,-0.9756724238395691,5.108552159072133e-8,0.21923337876796723,3.993650210531996e-8,1,-5.52861898484025e-8,-0.21923337876796723,-4.5185799990576928e-8,-0.9756724238395691]},{"type":"position","time":0.25461411476135256,"pos":[254.6495361328125,148.0911865234375,298.6893310546875,-0.9756724238395691,7.713941130305102e-8,0.21923337876796723,6.030432331272095e-8,1,-8.348249025402765e-8,-0.21923337876796723,-6.823084675033897e-8,-0.9756724238395691]},{"type":"position","time":0.27315640449523928,"pos":[254.6495361328125,148.0911865234375,298.6893310546875,-0.9756724238395691,6.080885839310213e-8,0.21923337876796723,4.753778171107115e-8,1,-6.580910394404782e-8,-0.21923337876796723,-5.378625900220868e-8,-0.9756724238395691]},{"type":"position","time":0.28867340087890627,"pos":[254.6495361328125,148.0911865234375,298.6893310546875,-0.9756724238395691,3.36145262735954e-8,0.21923337876796723,2.627840167690465e-8,1,-3.6378644097112559e-8,-0.21923337876796723,-2.9732538209259475e-8,-0.9756724238395691]},{"type":"position","time":0.3099842071533203,"pos":[254.6495361328125,148.0911865234375,298.6893310546875,-0.9756724238395691,1.1879984995744053e-8,0.21923337876796723,9.287254520984334e-9,1,-1.285692619035217e-8,-0.21923337876796723,-1.050807174607371e-8,-0.9756724238395691]},{"type":"position","time":0.32585763931274416,"pos":[254.6495361328125,148.0911865234375,298.6893310546875,-0.9756724238395691,-1.5262063612908606e-8,0.21923337876796723,-1.1931256871378082e-8,1,1.6516938927679804e-8,-0.21923337876796723,1.3499391826599095e-8,-0.9756724238395691]},{"type":"position","time":0.340193510055542,"pos":[254.6495361328125,148.0911865234375,298.6893310546875,-0.9756724238395691,-3.695482320154042e-8,0.21923337876796723,-2.8889745706806026e-8,1,3.999342723659538e-8,-0.21923337876796723,3.268688786306484e-8,-0.9756724238395691]},{"type":"position","time":0.35655760765075686,"pos":[254.6495361328125,148.0911865234375,298.6893310546875,-0.9756724238395691,-5.321222218412913e-8,0.21923337876796723,-4.159909750001134e-8,1,5.758762000596107e-8,-0.21923337876796723,4.7066741615253707e-8,-0.9756724238395691]},{"type":"position","time":0.3705742359161377,"pos":[254.6495361328125,148.0911865234375,298.6893310546875,-0.9756724238395691,-7.487253839144614e-8,0.21923337876796723,-5.8532226177021587e-8,1,8.102898618744803e-8,-0.21923337876796723,6.622553172519474e-8,-0.9756724238395691]},{"type":"position","time":0.38567066192626955,"pos":[254.6495361328125,148.0911865234375,298.6893310546875,-0.9756724238395691,-8.318836108855976e-8,0.21923337876796723,-6.503318417117043e-8,1,9.002859258089302e-8,-0.21923337876796723,7.358097775522765e-8,-0.9756724238395691]},{"type":"position","time":0.4045848846435547,"pos":[254.6495361328125,148.0911865234375,298.6893310546875,-0.9756724238395691,-5.9446723099654267e-8,0.21923337876796723,-4.647296236726106e-8,1,6.433480592704655e-8,-0.21923337876796723,5.25812708929152e-8,-0.9756724238395691]},{"type":"position","time":0.41777682304382326,"pos":[254.6495361328125,148.0911865234375,298.6893310546875,-0.9756724238395691,-2.7814888170496489e-8,0.21923337876796723,-2.1744503087006707e-8,1,3.0102054182634677e-8,-0.21923337876796723,2.460262393810808e-8,-0.9756724238395691]},{"type":"position","time":0.4333655834197998,"pos":[254.6495361328125,148.0911865234375,298.6893310546875,-0.9756724238395691,3.789912383922456e-9,0.21923337876796723,2.9628226538847004e-9,1,-4.101419204260992e-9,-0.21923337876796723,-3.3520919373586368e-9,-0.9756724238395691]},{"type":"position","time":0.4537351131439209,"pos":[254.6495361328125,148.0911865234375,298.6893310546875,-0.9756724238395691,3.53676981035278e-8,0.21923337876796723,2.7649035061472206e-8,1,-3.8275636882190159e-8,-0.21923337876796723,-3.128289449705335e-8,-0.9756724238395691]},{"type":"position","time":0.46738219261169436,"pos":[254.6495361328125,148.0911865234375,298.6893310546875,-0.9756724238395691,6.691849563367214e-8,0.21923337876796723,5.231414945683355e-8,1,-7.242062594059462e-8,-0.21923337876796723,-5.918979795183077e-8,-0.9756724238395691]},{"type":"position","time":0.48940587043762209,"pos":[254.6495361328125,148.0911865234375,298.6893310546875,-0.9756724238395691,7.178024929999083e-8,0.21923337876796723,5.6114867419410078e-8,1,-7.76821380554793e-8,-0.21923337876796723,-6.349007009021079e-8,-0.9756724238395691]},{"type":"position","time":0.5056126117706299,"pos":[254.6495361328125,148.0911865234375,298.6893310546875,-0.9756724238395691,4.4541835109157549e-8,0.21923337876796723,3.482098165363823e-8,1,-4.820416066309008e-8,-0.21923337876796723,-3.9397551887532248e-8,-0.9756724238395691]},{"type":"position","time":0.5286974906921387,"pos":[254.6495361328125,148.0911865234375,298.6893310546875,-0.9756724238395691,1.733252119606732e-8,0.21923337876796723,1.354984302537332e-8,1,-1.875769228831814e-8,-0.21923337876796723,-1.5330785529954484e-8,-0.9756724238395691]},{"type":"position","time":0.5457415580749512,"pos":[254.6495361328125,148.0911865234375,298.6893310546875,-0.9756724238395691,-9.847720860989284e-9,0.21923337876796723,-7.69857066984514e-9,1,1.0657306148686985e-8,-0.21923337876796723,8.710255627875086e-9,-0.9756724238395691]},{"type":"position","time":0.5648853778839111,"pos":[254.6495361328125,148.0911865234375,298.6893310546875,-0.9756724238395691,-2.614192595729037e-8,0.21923337876796723,-2.043672253648765e-8,1,2.8291214704267987e-8,-0.21923337876796723,2.3122547432308239e-8,-0.9756724238395691]},{"type":"position","time":0.5804760456085205,"pos":[254.6495361328125,148.0911865234375,298.6893310546875,-0.9756724238395691,-5.3275719835710336e-8,0.21923337876796723,-4.164882838608719e-8,1,5.7655935137290729e-8,-0.21923337876796723,4.712249435101512e-8,-0.9756724238395691]},{"type":"position","time":0.6004645824432373,"pos":[254.6495361328125,148.0911865234375,298.6893310546875,-0.9756724238395691,-7.496187492961326e-8,0.21923337876796723,-5.860219332021188e-8,1,8.112511551416901e-8,-0.21923337876796723,6.630398274865002e-8,-0.9756724238395691]},{"type":"position","time":0.6126630306243897,"pos":[254.6495361328125,148.0911865234375,298.6893310546875,-0.9756724238395691,-8.328761680331809e-8,0.21923337876796723,-6.511091754646259e-8,1,9.013540136493248e-8,-0.21923337876796723,7.366814003262334e-8,-0.9756724238395691]},{"type":"position","time":0.6235575675964356,"pos":[254.6495361328125,148.0911865234375,298.6893310546875,-0.9756724238395691,-5.9517660133678876e-8,0.21923337876796723,-4.6528512598342789e-8,1,6.441113953314925e-8,-0.21923337876796723,5.2643567727272969e-8,-0.9756724238395691]},{"type":"position","time":0.6357729434967041,"pos":[254.6495361328125,148.0911865234375,298.6893310546875,-0.9756724238395691,-3.5762941053008038e-8,0.21923337876796723,-2.7958019899188004e-8,1,3.87033729509767e-8,-0.21923337876796723,3.1632485075760999e-8,-0.9756724238395691]},{"type":"position","time":0.6537868976593018,"pos":[254.6495361328125,148.0911865234375,298.6893310546875,-0.9756724238395691,-1.2023451567699795e-8,0.21923337876796723,-9.39942967903562e-9,1,1.3012100730236398e-8,-0.21923337876796723,1.0634879643589557e-8,-0.9756724238395691]},{"type":"position","time":0.6676318645477295,"pos":[254.6495361328125,148.0911865234375,298.6893310546875,-0.9756724238395691,1.9605527867838647e-8,0.21923337876796723,1.532685267591205e-8,1,-2.1217292811570588e-8,-0.21923337876796723,-1.7340969549195507e-8,-0.9756724238395691]},{"type":"position","time":0.6879644393920898,"pos":[254.6495361328125,148.0911865234375,298.6893310546875,-0.9756724238395691,5.1207472040459837e-8,0.21923337876796723,4.0032006154433478e-8,1,-5.5417409328129e-8,-0.21923337876796723,-4.529288588628333e-8,-0.9756724238395691]},{"type":"position","time":0.7030794620513916,"pos":[254.6495361328125,148.0911865234375,298.6893310546875,-0.9756724238395691,7.732355555845061e-8,0.21923337876796723,6.044853506637082e-8,1,-8.368063220132172e-8,-0.21923337876796723,-6.839255206614325e-8,-0.9756724238395691]},{"type":"position","time":0.7227563858032227,"pos":[254.6495361328125,148.0911865234375,298.6893310546875,-0.9756724238395691,6.095401516859056e-8,0.21923337876796723,4.7651464996079088e-8,1,-6.596530255364996e-8,-0.21923337876796723,-5.39137374744314e-8,-0.9756724238395691]},{"type":"position","time":0.7369034290313721,"pos":[254.6495361328125,148.0911865234375,298.6893310546875,-0.9756724238395691,3.369477141745847e-8,0.21923337876796723,2.6341245629168953e-8,1,-3.646499990850316e-8,-0.21923337876796723,-2.980301516686268e-8,-0.9756724238395691]},{"type":"position","time":0.7509040832519531,"pos":[254.6495361328125,148.0911865234375,298.6893310546875,-0.9756724238395691,1.7353210424175815e-8,0.21923337876796723,1.356604517610549e-8,1,-1.8779953592229505e-8,-0.21923337876796723,-1.534895410770787e-8,-0.9756724238395691]},{"type":"position","time":0.7710268497467041,"pos":[254.6495361328125,148.0911865234375,298.6893310546875,-0.9756724238395691,-4.419242305431226e-9,0.21923337876796723,-3.45481354635524e-9,1,4.7824642024352219e-9,-0.21923337876796723,3.908708023914187e-9,-0.9756724238395691]},{"type":"position","time":0.7884981632232666,"pos":[254.6495361328125,148.0911865234375,298.6893310546875,-0.9756724238395691,-3.160863570883521e-8,0.21923337876796723,-2.4710431034691284e-8,1,3.420715799506979e-8,-0.21923337876796723,2.7957630877040175e-8,-0.9756724238395691]},{"type":"position","time":0.8024001121520996,"pos":[254.6495361328125,148.0911865234375,298.6893310546875,-0.9756724238395691,-5.333923525085993e-8,0.21923337876796723,-4.1698573483017756e-8,1,5.7724271584902456e-8,-0.21923337876796723,4.717826129763125e-8,-0.9756724238395691]},{"type":"position","time":0.821516752243042,"pos":[254.6495361328125,148.0911865234375,298.6893310546875,-0.9756724238395691,-6.962498844131915e-8,0.21923337876796723,-5.4430145723927129e-8,1,7.534890755778179e-8,-0.21923337876796723,6.158294496572126e-8,-0.9756724238395691]},{"type":"position","time":0.835350513458252,"pos":[254.6495361328125,148.0911865234375,298.6893310546875,-0.9756724238395691,-8.338692936149528e-8,0.21923337876796723,-6.518869355431889e-8,1,9.024224567610872e-8,-0.21923337876796723,7.375533073172847e-8,-0.9756724238395691]},{"type":"position","time":0.8547208309173584,"pos":[254.6495361328125,148.0911865234375,298.6893310546875,-0.9756724238395691,-5.9588622036699238e-8,0.21923337876796723,-4.658409125113394e-8,1,6.448748024467932e-8,-0.21923337876796723,5.270586811434441e-8,-0.9756724238395691]},{"type":"position","time":0.8675689697265625,"pos":[254.6495361328125,148.0911865234375,298.6893310546875,-0.9756724238395691,-2.788128483643959e-8,0.21923337876796723,-2.179650415712331e-8,1,3.0173495702001676e-8,-0.21923337876796723,2.4660927522290878e-8,-0.9756724238395691]},{"type":"position","time":0.8869802951812744,"pos":[254.6495361328125,148.0911865234375,298.6893310546875,-0.9756724238395691,3.798948711164485e-9,0.21923337876796723,2.9698998815774759e-9,1,-4.11114076115382e-9,-0.21923337876796723,-3.360025813137213e-9,-0.9756724238395691]},{"type":"position","time":0.9000439643859863,"pos":[254.6495361328125,148.0911865234375,298.6893310546875,-0.9756724238395691,3.545210702782242e-8,0.21923337876796723,2.7715138628536807e-8,1,-3.836645490196133e-8,-0.21923337876796723,-3.1357011209820487e-8,-0.9756724238395691]},{"type":"position","time":0.9187519550323486,"pos":[254.6495361328125,148.0911865234375,298.6893310546875,-0.9756724238395691,6.707820432438894e-8,0.21923337876796723,5.2439229847323079e-8,1,-7.25924707012382e-8,-0.21923337876796723,-5.93300448770151e-8,-0.9756724238395691]},{"type":"position","time":0.9321839809417725,"pos":[254.6495361328125,148.0911865234375,298.6893310546875,-0.9756724238395691,7.19515753644373e-8,0.21923337876796723,5.6249042756917336e-8,1,-7.786647415741754e-8,-0.21923337876796723,-6.364050619822592e-8,-0.9756724238395691]},{"type":"position","time":0.9534704685211182,"pos":[254.6495361328125,148.0911865234375,298.6893310546875,-0.9756724238395691,5.010650383496795e-8,0.21923337876796723,3.9171382582026129e-8,1,-5.4225608892011226e-8,-0.21923337876796723,-4.4318756664551987e-8,-0.9756724238395691]},{"type":"position","time":0.9668128490447998,"pos":[254.6495361328125,148.0911865234375,298.6893310546875,-0.9756724238395691,2.8280108921308057e-8,0.21923337876796723,2.210832050764111e-8,1,-3.060495856743728e-8,-0.21923337876796723,-2.5013532578554988e-8,-0.9756724238395691]},{"type":"position","time":0.9887285232543945,"pos":[254.6495361328125,148.0911865234375,298.6893310546875,-0.9756724238395691,6.47237152762159e-9,0.21923337876796723,5.0598436551752e-9,1,-7.004505864216526e-9,-0.21923337876796723,-5.724817064844956e-9,-0.9756724238395691]},{"type":"position","time":1.0039989948272706,"pos":[254.6495361328125,148.0911865234375,298.6893310546875,-0.9756724238395691,-2.0761085295362137e-8,0.21923337876796723,-1.6230261579153195e-8,1,2.246768460167914e-8,-0.21923337876796723,1.8362886322620399e-8,-0.9756724238395691]},{"type":"position","time":1.0176141262054444,"pos":[254.6495361328125,148.0911865234375,298.6893310546875,-0.9756724238395691,-3.708719020778517e-8,0.21923337876796723,-2.8993405010169228e-8,1,4.0135876844260568e-8,-0.21923337876796723,3.280314686548991e-8,-0.9756724238395691]},{"type":"position","time":1.0321879386901856,"pos":[254.6495361328125,148.0911865234375,298.6893310546875,-0.9756724238395691,-5.8839045635750156e-8,0.21923337876796723,-4.5998199027508238e-8,1,6.367584148847527e-8,-0.21923337876796723,5.204242015111049e-8,-0.9756724238395691]},{"type":"position","time":1.0492706298828126,"pos":[254.6495361328125,148.0911865234375,298.6893310546875,-0.9756724238395691,-8.05723061603203e-8,0.21923337876796723,-6.298845534047359e-8,1,8.719568000969957e-8,-0.21923337876796723,7.126524792511191e-8,-0.9756724238395691]},{"type":"position","time":1.0706024169921876,"pos":[254.6495361328125,148.0911865234375,298.6893310546875,-0.9756724238395691,-7.554241676643869e-8,0.21923337876796723,-5.905627276092673e-8,1,8.175233290330653e-8,-0.21923337876796723,6.681639064254341e-8,-0.9756724238395691]},{"type":"position","time":1.087731122970581,"pos":[254.6495361328125,148.0911865234375,298.6893310546875,-0.9756724238395691,-3.584826302471811e-8,0.21923337876796723,-2.8024839338058883e-8,1,3.879518928329162e-8,-0.21923337876796723,3.170741535996058e-8,-0.9756724238395691]},{"type":"position","time":1.1014714241027833,"pos":[254.6495361328125,148.0911865234375,298.6893310546875,-0.9756724238395691,-1.2052130848871912e-8,0.21923337876796723,-9.421892599448256e-9,1,1.3042948054931003e-8,-0.21923337876796723,1.0660051508182278e-8,-0.9756724238395691]},{"type":"position","time":1.1195919513702393,"pos":[254.6495361328125,148.0911865234375,298.6893310546875,-0.9756724238395691,1.965231710698845e-8,0.21923337876796723,1.536348825936784e-8,1,-2.1267677396963337e-8,-0.21923337876796723,-1.73820957627413e-8,-0.9756724238395691]},{"type":"position","time":1.1328351497650147,"pos":[254.6495361328125,148.0911865234375,298.6893310546875,-0.9756724238395691,5.13296640747285e-8,0.21923337876796723,4.012768783923093e-8,1,-5.554895921022762e-8,-0.21923337876796723,-4.540025955179772e-8,-0.9756724238395691]},{"type":"position","time":1.1512987613677979,"pos":[254.6495361328125,148.0911865234375,298.6893310546875,-0.9756724238395691,8.297993758787925e-8,0.21923337876796723,6.487072568006625e-8,1,-8.980091337207341e-8,-0.21923337876796723,-7.339444607623591e-8,-0.9756724238395691]},{"type":"position","time":1.1644878387451172,"pos":[254.6495361328125,148.0911865234375,298.6893310546875,-0.9756724238395691,6.109945616117329e-8,0.21923337876796723,4.7765350785766716e-8,1,-6.61218706454747e-8,-0.21923337876796723,-5.4041525032744178e-8,-0.9756724238395691]},{"type":"position","time":1.181413173675537,"pos":[254.6495361328125,148.0911865234375,298.6893310546875,-0.9756724238395691,3.923768687741358e-8,0.21923337876796723,3.0674602413682808e-8,1,-4.24630712814178e-8,-0.21923337876796723,-3.4705152529568298e-8,-0.9756724238395691]},{"type":"position","time":1.197939395904541,"pos":[254.6495361328125,148.0911865234375,298.6893310546875,-0.9756724238395691,1.7394604867604359e-8,0.21923337876796723,1.3598462800246125e-8,1,-1.8824504621761663e-8,-0.21923337876796723,-1.5385314355853553e-8,-0.9756724238395691]},{"type":"position","time":1.2166128158569337,"pos":[254.6495361328125,148.0911865234375,298.6893310546875,-0.9756724238395691,-4.42980363501988e-9,0.21923337876796723,-3.4630804890412038e-9,1,4.793848873418938e-9,-0.21923337876796723,3.9180032551655589e-9,-0.9756724238395691]},{"type":"position","time":1.2380235195159913,"pos":[254.6495361328125,148.0911865234375,298.6893310546875,-0.9756724238395691,-2.6235555949938317e-8,0.21923337876796723,-2.0510039888677057e-8,1,2.8392006967692397e-8,-0.21923337876796723,2.3204814070254544e-8,-0.9756724238395691]},{"type":"position","time":1.2555813789367676,"pos":[254.6495361328125,148.0911865234375,298.6893310546875,-0.9756724238395691,-5.346653608739871e-8,0.21923337876796723,-4.179824841799018e-8,1,5.78613317259169e-8,-0.21923337876796723,4.729013625137668e-8,-0.9756724238395691]},{"type":"position","time":1.2780625820159913,"pos":[254.6495361328125,148.0911865234375,298.6893310546875,-0.9756724238395691,-8.066842127618657e-8,0.21923337876796723,-6.30637160270453e-8,1,8.729916345373567e-8,-0.21923337876796723,7.134971724553907e-8,-0.9756724238395691]},{"type":"position","time":1.2936861515045167,"pos":[254.6495361328125,148.0911865234375,298.6893310546875,-0.9756724238395691,-6.768082982944179e-8,0.21923337876796723,-5.291047600053389e-8,1,7.324404549535757e-8,-0.21923337876796723,5.986245099620646e-8,-0.9756724238395691]},{"type":"position","time":1.3088645935058594,"pos":[254.6495361328125,148.0911865234375,298.6893310546875,-0.9756724238395691,-4.383592155932092e-8,0.21923337876796723,-3.426936245887191e-8,1,4.743916903748868e-8,-0.21923337876796723,3.8772100197093098e-8,-0.9756724238395691]},{"type":"position","time":1.3300814628601075,"pos":[254.6495361328125,148.0911865234375,298.6893310546875,-0.9756724238395691,-1.2066483812134266e-8,0.21923337876796723,-9.433128056457463e-9,1,1.305841568211008e-8,-0.21923337876796723,1.0672680517131994e-8,-0.9756724238395691]},{"type":"position","time":1.3470263481140137,"pos":[254.6495361328125,148.0911865234375,298.6893310546875,-0.9756724238395691,2.7607130803630754e-8,0.21923337876796723,2.1582321707569464e-8,1,-2.987617619965022e-8,-0.21923337876796723,-2.4417797561682165e-8,-0.9756724238395691]},{"type":"position","time":1.36466646194458,"pos":[254.6495361328125,148.0911865234375,298.6893310546875,-0.9756724238395691,5.9315507172641449e-8,0.21923337876796723,4.6370828954422907e-8,1,-6.419080023079005e-8,-0.21923337876796723,-5.2463164479377158e-8,-0.9756724238395691]},{"type":"position","time":1.3788847923278809,"pos":[254.6495361328125,148.0911865234375,298.6893310546875,-0.9756724238395691,7.760058906569611e-8,0.21923337876796723,6.066547086902574e-8,1,-8.397881146038344e-8,-0.21923337876796723,-6.863592005856845e-8,-0.9756724238395691]},{"type":"position","time":1.3897671699523926,"pos":[254.6495361328125,148.0911865234375,298.6893310546875,-0.9756724238395691,6.117238626757171e-8,0.21923337876796723,4.782246065815343e-8,1,-6.62003500906394e-8,-0.21923337876796723,-5.410558046037295e-8,-0.9756724238395691]},{"type":"position","time":1.402893304824829,"pos":[254.6495361328125,148.0911865234375,298.6893310546875,-0.9756724238395691,4.475471726550495e-8,0.21923337876796723,3.498768919030226e-8,1,-4.843329293180432e-8,-0.21923337876796723,-3.9584559630156949e-8,-0.9756724238395691]},{"type":"position","time":1.4152154922485352,"pos":[254.6495361328125,148.0911865234375,298.6893310546875,-0.9756724238395691,2.8347578506782157e-8,0.21923337876796723,2.2161144030974357e-8,1,-3.0677629325737146e-8,-0.21923337876796723,-2.5072855791563599e-8,-0.9756724238395691]},{"type":"position","time":1.4363646507263184,"pos":[254.6495361328125,148.0911865234375,298.6893310546875,-0.9756724238395691,6.4877561101184259e-9,0.21923337876796723,5.071878028672927e-9,1,-7.0211227942706959e-9,-0.21923337876796723,-5.738391095633233e-9,-0.9756724238395691]},{"type":"position","time":1.449033498764038,"pos":[254.6495361328125,148.0911865234375,298.6893310546875,-0.9756724238395691,-1.5353379012594816e-8,0.21923337876796723,-1.2002780103159694e-8,1,1.6615155473687083e-8,-0.21923337876796723,1.3579540159014414e-8,-0.9756724238395691]},{"type":"position","time":1.461456298828125,"pos":[254.6495361328125,148.0911865234375,298.6893310546875,-0.9756724238395691,-3.17219743806163e-8,0.21923337876796723,-2.4799195585956114e-8,1,3.432910133938094e-8,-0.21923337876796723,2.8057145939897056e-8,-0.9756724238395691]},{"type":"position","time":1.4810888767242432,"pos":[254.6495361328125,148.0911865234375,298.6893310546875,-0.9756724238395691,-5.897965138501604e-8,0.21923337876796723,-4.6108322493410017e-8,1,6.382710182606388e-8,-0.21923337876796723,5.2165859187880417e-8,-0.9756724238395691]},{"type":"position","time":1.4985723495483399,"pos":[254.6495361328125,148.0911865234375,298.6893310546875,-0.9756724238395691,-8.076482060914714e-8,0.21923337876796723,-6.313923250900189e-8,1,8.740279611174629e-8,-0.21923337876796723,7.143427183109452e-8,-0.9756724238395691]},{"type":"position","time":1.5188305377960206,"pos":[254.6495361328125,148.0911865234375,298.6893310546875,-0.9756724238395691,-8.36858120578654e-8,0.21923337876796723,-6.542276764776034e-8,1,9.056387995087789e-8,-0.21923337876796723,7.401783364002768e-8,-0.9756724238395691]},{"type":"position","time":1.5327553749084473,"pos":[254.6495361328125,148.0911865234375,298.6893310546875,-0.9756724238395691,-4.38882956643738e-8,0.21923337876796723,-3.431038564372102e-8,1,4.7495497312866067e-8,-0.21923337876796723,3.8818065206669419e-8,-0.9756724238395691]},{"type":"position","time":1.552459955215454,"pos":[254.6495361328125,148.0911865234375,298.6893310546875,-0.9756724238395691,-1.2080886513388123e-8,0.21923337876796723,-9.444401705138717e-9,1,1.307393659999434e-8,-0.21923337876796723,1.0685351270467436e-8,-0.9756724238395691]},{"type":"position","time":1.5746147632598878,"pos":[254.6495361328125,148.0911865234375,298.6893310546875,-0.9756724238395691,3.557926575581405e-8,0.21923337876796723,2.7814740732878819e-8,1,-3.850321306231308e-8,-0.21923337876796723,-3.146860549918529e-8,-0.9756724238395691]},{"type":"position","time":1.5908122062683106,"pos":[254.6495361328125,148.0911865234375,298.6893310546875,-0.9756724238395691,6.731875856758052e-8,0.21923337876796723,5.2627637359137228e-8,1,-7.285121483846524e-8,-0.21923337876796723,-5.954118975637357e-8,-0.9756724238395691]},{"type":"position","time":1.6124355792999268,"pos":[254.6495361328125,148.0911865234375,298.6893310546875,-0.9756724238395691,7.220958053721916e-8,0.21923337876796723,5.6451121110967509e-8,1,-7.81440192554328e-8,-0.21923337876796723,-6.386699169524945e-8,-0.9756724238395691]},{"type":"position","time":1.627408742904663,"pos":[254.6495361328125,148.0911865234375,298.6893310546875,-0.9756724238395691,4.48082353443624e-8,0.21923337876796723,3.5029621869853148e-8,1,-4.849077939184099e-8,-0.21923337876796723,-3.963145545071711e-8,-0.9756724238395691]},{"type":"position","time":1.6417350769042969,"pos":[254.6495361328125,148.0911865234375,298.6893310546875,-0.9756724238395691,2.838148027706211e-8,0.21923337876796723,2.2187707671150748e-8,1,-3.071404819365853e-8,-0.21923337876796723,-2.5102563583345728e-8,-0.9756724238395691]},{"type":"position","time":1.6536283493041993,"pos":[254.6495361328125,148.0911865234375,298.6893310546875,-0.9756724238395691,1.1965259005819462e-8,0.21923337876796723,9.35402777457739e-9,1,-1.2948719430028177e-8,-0.21923337876796723,-1.0582994036667515e-8,-0.9756724238395691]},{"type":"position","time":1.6717009544372559,"pos":[254.6495361328125,148.0911865234375,298.6893310546875,-0.9756724238395691,-4.44043601888211e-9,0.21923337876796723,-3.4714242591604717e-9,1,4.805213560388211e-9,-0.21923337876796723,3.927262515190932e-9,-0.9756724238395691]},{"type":"position","time":1.6882526874542237,"pos":[254.6495361328125,148.0911865234375,298.6893310546875,-0.9756724238395691,-3.175988538828278e-8,0.21923337876796723,-2.4828905154095083e-8,1,3.436980122728528e-8,-0.21923337876796723,2.8090344272868607e-8,-0.9756724238395691]},{"type":"position","time":1.7031028270721436,"pos":[254.6495361328125,148.0911865234375,298.6893310546875,-0.9756724238395691,-5.359443022712185e-8,0.21923337876796723,-4.1898459812728109e-8,1,5.799872226930347e-8,-0.21923337876796723,4.74022137098018e-8,-0.9756724238395691]},{"type":"position","time":1.7194428443908692,"pos":[254.6495361328125,148.0911865234375,298.6893310546875,-0.9756724238395691,-6.995809087584348e-8,0.21923337876796723,-5.4691053463784559e-8,1,7.570715609972467e-8,-0.21923337876796723,6.187528356349503e-8,-0.9756724238395691]},{"type":"position","time":1.7334885597229005,"pos":[254.6495361328125,148.0911865234375,298.6893310546875,-0.9756724238395691,-9.175998627597437e-8,0.21923337876796723,-7.173508720370592e-8,1,9.930073474606616e-8,-0.21923337876796723,8.115826233279222e-8,-0.9756724238395691]},{"type":"position","time":1.752195119857788,"pos":[254.6495361328125,148.0911865234375,298.6893310546875,-0.9756724238395691,-5.987369178228619e-8,0.21923337876796723,-4.6807375753132877e-8,1,6.479409364601452e-8,-0.21923337876796723,5.295606797517394e-8,-0.9756724238395691]},{"type":"position","time":1.765324592590332,"pos":[254.6495361328125,148.0911865234375,298.6893310546875,-0.9756724238395691,-2.8014650155228084e-8,0.21923337876796723,-2.1900957491993723e-8,1,3.0316957833065319e-8,-0.21923337876796723,2.477799831979155e-8,-0.9756724238395691]},{"type":"position","time":1.7775547504425049,"pos":[254.6495361328125,148.0911865234375,298.6893310546875,-0.9756724238395691,-4.1382333115791429e-9,0.21923337876796723,-3.2351081813430939e-9,1,4.478456716583423e-9,-0.21923337876796723,3.660262981597384e-9,-0.9756724238395691]},{"type":"position","time":1.8001043796539307,"pos":[254.6495361328125,148.0911865234375,298.6893310546875,-0.9756724238395691,2.767318463270385e-8,0.21923337876796723,2.1634084745869587e-8,1,-2.994709547010643e-8,-0.21923337876796723,-2.4475642845800395e-8,-0.9756724238395691]},{"type":"position","time":1.8136351108551026,"pos":[254.6495361328125,148.0911865234375,298.6893310546875,-0.9756724238395691,5.9457416767827456e-8,0.21923337876796723,4.648203244528304e-8,1,-6.434320454218323e-8,-0.21923337876796723,-5.2587477483712067e-8,-0.9756724238395691]},{"type":"position","time":1.8295056819915772,"pos":[254.6495361328125,148.0911865234375,298.6893310546875,-0.9756724238395691,7.778624677712287e-8,0.21923337876796723,6.081095449417262e-8,1,-8.41782110683198e-8,-0.21923337876796723,-6.879857039621129e-8,-0.9756724238395691]},{"type":"position","time":1.851613998413086,"pos":[254.6495361328125,148.0911865234375,298.6893310546875,-0.9756724238395691,5.58319293020304e-8,0.21923337876796723,4.3647723657613827e-8,1,-6.041985756155555e-8,-0.21923337876796723,-4.93809544366286e-8,-0.9756724238395691]},{"type":"position","time":1.8640990257263184,"pos":[254.6495361328125,148.0911865234375,298.6893310546875,-0.9756724238395691,2.841542467990621e-8,0.21923337876796723,2.2214312167534446e-8,1,-3.0750484825148308e-8,-0.21923337876796723,-2.5132282033268895e-8,-0.9756724238395691]},{"type":"position","time":1.8791191577911378,"pos":[254.6495361328125,148.0911865234375,298.6893310546875,-0.9756724238395691,1.1979586211907645e-8,0.21923337876796723,9.365259678872917e-9,1,-1.296408314033215e-8,-0.21923337876796723,-1.0595521793277385e-8,-0.9756724238395691]},{"type":"position","time":1.8999443054199219,"pos":[254.6495361328125,148.0911865234375,298.6893310546875,-0.9756724238395691,-9.918473153902596e-9,0.21923337876796723,-7.753994779591267e-9,1,1.0733374189442202e-8,-0.21923337876796723,8.77232242402215e-9,-0.9756724238395691]},{"type":"position","time":1.9136135578155518,"pos":[254.6495361328125,148.0911865234375,298.6893310546875,-0.9756724238395691,-3.179781060680398e-8,0.21923337876796723,-2.485861649859089e-8,1,3.4410568616749518e-8,-0.21923337876796723,2.8123604778329537e-8,-0.9756724238395691]},{"type":"position","time":1.9296462535858155,"pos":[254.6495361328125,148.0911865234375,298.6893310546875,-0.9756724238395691,-5.365845012761383e-8,0.21923337876796723,-4.194861702444541e-8,1,5.806752056969344e-8,-0.21923337876796723,4.745834303321317e-8,-0.9756724238395691]},{"type":"position","time":1.9512381553649903,"pos":[254.6495361328125,148.0911865234375,298.6893310546875,-0.9756724238395691,-7.55004023744732e-8,0.21923337876796723,-5.902401412072322e-8,1,8.170423626552292e-8,-0.21923337876796723,6.677654340592199e-8,-0.9756724238395691]},{"type":"position","time":1.967787265777588,"pos":[254.6495361328125,148.0911865234375,298.6893310546875,-0.9756724238395691,-7.590400485923965e-8,0.21923337876796723,-5.9339534175251177e-8,1,8.214102820147673e-8,-0.21923337876796723,6.713353428722258e-8,-0.9756724238395691]},{"type":"position","time":1.980870008468628,"pos":[254.6495361328125,148.0911865234375,298.6893310546875,-0.9756724238395691,-4.399326414272764e-8,0.21923337876796723,-3.439263807081261e-8,1,4.760823202332176e-8,-0.21923337876796723,3.891002364753149e-8,-0.9756724238395691]},{"type":"position","time":1.999842643737793,"pos":[254.6495361328125,148.0911865234375,298.6893310546875,-0.9756724238395691,-2.007810273596533e-8,0.21923337876796723,-1.5696452138058704e-8,1,2.1728013166466554e-8,-0.21923337876796723,1.7758237547127466e-8,-0.9756724238395691]},{"type":"position","time":2.013338327407837,"pos":[254.6495361328125,148.0911865234375,298.6893310546875,-0.9756724238395691,1.1784936582159844e-8,0.21923337876796723,9.21316001267769e-9,1,-1.2753123890263396e-8,-0.21923337876796723,-1.042303932052846e-8,-0.9756724238395691]},{"type":"position","time":2.033125638961792,"pos":[254.6495361328125,148.0911865234375,298.6893310546875,-0.9756724238395691,4.362074790265069e-8,0.21923337876796723,3.410149318483491e-8,1,-4.720477164710246e-8,-0.21923337876796723,-3.858021102587372e-8,-0.9756724238395691]},{"type":"position","time":2.0520968437194826,"pos":[254.6495361328125,148.0911865234375,298.6893310546875,-0.9756724238395691,8.337725887486158e-8,0.21923337876796723,6.518201445260275e-8,1,-9.022789271284637e-8,-0.21923337876796723,-7.374279675786966e-8,-0.9756724238395691]},{"type":"position","time":2.069652557373047,"pos":[254.6495361328125,148.0911865234375,298.6893310546875,-0.9756724238395691,6.139201502719516e-8,0.21923337876796723,4.799455766146821e-8,1,-6.643626448976647e-8,-0.21923337876796723,-5.4298023854926217e-8,-0.9756724238395691]},{"type":"position","time":2.0862770080566408,"pos":[254.6495361328125,148.0911865234375,298.6893310546875,-0.9756724238395691,3.942556148217591e-8,0.21923337876796723,3.082179134139551e-8,1,-4.2664982657925069e-8,-0.21923337876796723,-3.4869884757426919e-8,-0.9756724238395691]},{"type":"position","time":2.1057119369506838,"pos":[254.6495361328125,148.0911865234375,298.6893310546875,-0.9756724238395691,1.747788580530596e-8,0.21923337876796723,1.3663703057886778e-8,1,-1.8914029453753757e-8,-0.21923337876796723,-1.545835814908969e-8,-0.9756724238395691]},{"type":"position","time":2.1213390827178957,"pos":[254.6495361328125,148.0911865234375,298.6893310546875,-0.9756724238395691,-9.930325006735075e-9,0.21923337876796723,-7.763281573147652e-9,1,1.0746105338910184e-8,-0.21923337876796723,8.782708782462123e-9,-0.9756724238395691]},{"type":"position","time":2.1339221000671388,"pos":[254.6495361328125,148.0911865234375,298.6893310546875,-0.9756724238395691,-2.6361192340118579e-8,0.21923337876796723,-2.060848203200294e-8,1,2.8526971007636349e-8,-0.21923337876796723,2.331491089080373e-8,-0.9756724238395691]},{"type":"position","time":2.1532437801361086,"pos":[254.6495361328125,148.0911865234375,298.6893310546875,-0.9756724238395691,-4.8252630335809957e-8,0.21923337876796723,-3.7722607260093358e-8,1,5.221705023927825e-8,-0.21923337876796723,4.2676681744069359e-8,-0.9756724238395691]},{"type":"position","time":2.17035174369812,"pos":[254.6495361328125,148.0911865234375,298.6893310546875,-0.9756724238395691,-7.55906128802053e-8,0.21923337876796723,-5.909469535936296e-8,1,8.180116850553532e-8,-0.21923337876796723,6.685561260155737e-8,-0.9756724238395691]},{"type":"position","time":2.190058708190918,"pos":[254.6495361328125,148.0911865234375,298.6893310546875,-0.9756724238395691,-9.197937345106766e-8,0.21923337876796723,-7.1906981702341e-8,1,9.953645729865457e-8,-0.21923337876796723,8.135056361879833e-8,-0.9756724238395691]},{"type":"position","time":2.206676959991455,"pos":[254.6495361328125,148.0911865234375,298.6893310546875,-0.9756724238395691,-4.404583364703285e-8,0.21923337876796723,-3.443382823320462e-8,1,4.766471661810101e-8,-0.21923337876796723,3.895610589665921e-8,-0.9756724238395691]},{"type":"position","time":2.2217037677764894,"pos":[254.6495361328125,148.0911865234375,298.6893310546875,-0.9756724238395691,-2.0102104869579308e-8,0.21923337876796723,-1.5715258427917435e-8,1,2.1753804091417807e-8,-0.21923337876796723,1.777927849389016e-8,-0.9756724238395691]},{"type":"position","time":2.238234519958496,"pos":[254.6495361328125,148.0911865234375,298.6893310546875,-0.9756724238395691,3.8262784052278679e-9,0.21923337876796723,2.991316527811705e-9,1,-4.140488396586761e-9,-0.21923337876796723,-3.3839637758603659e-9,-0.9756724238395691]},{"type":"position","time":2.2534310817718508,"pos":[254.6495361328125,148.0911865234375,298.6893310546875,-0.9756724238395691,3.5706932521861748e-8,0.21923337876796723,2.7914772715575965e-8,1,-3.864037267931053e-8,-0.21923337876796723,-3.158049821649911e-8,-0.9756724238395691]},{"type":"position","time":2.267667770385742,"pos":[254.6495361328125,148.0911865234375,298.6893310546875,-0.9756724238395691,6.756035020316631e-8,0.21923337876796723,5.281693660208475e-8,1,-7.311074767812897e-8,-0.21923337876796723,-5.975290662263433e-8,-0.9756724238395691]},{"type":"position","time":2.2846102714538576,"pos":[254.6495361328125,148.0911865234375,298.6893310546875,-0.9756724238395691,7.7972210021926e-8,0.21923337876796723,6.095665838756759e-8,1,-8.437800858018818e-8,-0.21923337876796723,-6.89615617943673e-8,-0.9756724238395691]},{"type":"position","time":2.2960457801818849,"pos":[254.6495361328125,148.0911865234375,298.6893310546875,-0.9756724238395691,5.5965415413083977e-8,0.21923337876796723,4.375231199560403e-8,1,-6.0563266401914e-8,-0.21923337876796723,-4.949794174535782e-8,-0.9756724238395691]},{"type":"position","time":2.3156063556671144,"pos":[254.6495361328125,148.0911865234375,298.6893310546875,-0.9756724238395691,3.397743597588487e-8,0.21923337876796723,2.6562672061913873e-8,1,-3.676888837844672e-8,-0.21923337876796723,-3.005096615993352e-8,-0.9756724238395691]},{"type":"position","time":2.330833911895752,"pos":[254.6495361328125,148.0911865234375,298.6893310546875,-0.9756724238395691,6.518894757334692e-9,0.21923337876796723,5.0962878361815459e-9,1,-7.054524520100358e-9,-0.21923337876796723,-5.765628863230177e-9,-0.9756724238395691]},{"type":"position","time":2.347990036010742,"pos":[254.6495361328125,148.0911865234375,298.6893310546875,-0.9756724238395691,-9.942145773322864e-9,0.21923337876796723,-7.772533727745668e-9,1,1.0758848922876041e-8,-0.21923337876796723,8.79311379264891e-9,-0.9756724238395691]},{"type":"position","time":2.3636856079101564,"pos":[254.6495361328125,148.0911865234375,298.6893310546875,-0.9756724238395691,-3.1873785388825129e-8,0.21923337876796723,-2.4918129781781319e-8,1,3.449224195151146e-8,-0.21923337876796723,2.8190244805159638e-8,-0.9756724238395691]},{"type":"position","time":2.3786211013793947,"pos":[254.6495361328125,148.0911865234375,298.6893310546875,-0.9756724238395691,-5.37866746697091e-8,0.21923337876796723,-4.2049070003713498e-8,1,5.820534099143515e-8,-0.21923337876796723,4