{"data":[{"type":"position","time":0.008970499038696289,"pos":[148.187255859375,49.865692138671878,160.9253692626953,-0.8967726230621338,-5.8162886062973487e-8,-0.4424916207790375,-2.0962872326890648e-8,1,-8.89597728814806e-8,0.4424916207790375,-7.050079631198969e-8,-0.8967726230621338]},{"type":"position","time":0.02452373504638672,"pos":[148.187255859375,49.865692138671878,160.9253692626953,-0.8967726230621338,-3.9399630225034346e-8,-0.4424916207790375,-1.4200274733866536e-8,1,-6.026150600746405e-8,0.4424916207790375,-4.775736783813045e-8,-0.8967726230621338]},{"type":"position","time":0.03851461410522461,"pos":[148.187255859375,49.865692138671878,160.9253692626953,-0.8967726230621338,-1.4400666437097698e-8,-0.4424916207790375,-5.1902255826519198e-9,1,-2.2025758994459467e-8,0.4424916207790375,-1.7455468181992729e-8,-0.8967726230621338]},{"type":"position","time":0.05780220031738281,"pos":[148.187255859375,49.865692138671878,160.9253692626953,-0.8967726230621338,1.0576930442596222e-8,-0.4424916207790375,3.812119953039428e-9,1,1.617731371084119e-8,0.4424916207790375,1.2820541073210734e-8,-0.8967726230621338]},{"type":"position","time":0.07210063934326172,"pos":[148.187255859375,49.865692138671878,160.9253692626953,-0.8967726230621338,3.553317995397265e-8,-0.4424916207790375,1.2806765425921185e-8,1,5.434774408286103e-8,0.4424916207790375,4.307068124376201e-8,-0.8967726230621338]},{"type":"position","time":0.1002662181854248,"pos":[148.187255859375,49.865692138671878,160.9253692626953,-0.8967726230621338,7.292756265542266e-8,-0.4424916207790375,2.6284316945179854e-8,1,1.1154224210940811e-7,0.4424916207790375,8.83974422549727e-8,-0.8967726230621338]},{"type":"position","time":0.12236189842224121,"pos":[148.187255859375,49.865692138671878,160.9253692626953,-0.8967726230621338,4.678656395640246e-8,-0.4424916207790375,1.686265704847756e-8,1,7.155976078365711e-8,0.4424916207790375,5.671125435924296e-8,-0.8967726230621338]},{"type":"position","time":0.1359095573425293,"pos":[148.187255859375,49.865692138671878,160.9253692626953,-0.8967726230621338,2.589387193552284e-8,-0.4424916207790375,9.332575601206372e-9,1,3.9604529433745486e-8,0.4424916207790375,3.138666926361111e-8,-0.8967726230621338]},{"type":"position","time":0.14992547035217286,"pos":[148.187255859375,49.865692138671878,160.9253692626953,-0.8967726230621338,1.0236072434111066e-8,-0.4424916207790375,3.6892442434321994e-9,1,1.5656024032750794e-8,0.4424916207790375,1.240743419117507e-8,-0.8967726230621338]},{"type":"position","time":0.1679978370666504,"pos":[148.187255859375,49.865692138671878,160.9253692626953,-0.8967726230621338,-1.5837953171171649e-8,-0.4424916207790375,-5.708266304083054e-9,1,-2.422404321578142e-8,0.4424916207790375,-1.9197599954168255e-8,-0.8967726230621338]},{"type":"position","time":0.1852397918701172,"pos":[148.187255859375,49.865692138671878,160.9253692626953,-0.8967726230621338,-3.667711823140962e-8,-0.4424916207790375,-1.3219040972956009e-8,1,-5.609742714796084e-8,0.4424916207790375,-4.445732315616624e-8,-0.8967726230621338]},{"type":"position","time":0.19945931434631349,"pos":[148.187255859375,49.865692138671878,160.9253692626953,-0.8967726230621338,-5.22948013781388e-8,-0.4424916207790375,-1.884790812312076e-8,1,-7.998459494729104e-8,0.4424916207790375,-6.338795088822735e-8,-0.8967726230621338]},{"type":"position","time":0.21901726722717286,"pos":[148.187255859375,49.865692138671878,160.9253692626953,-0.8967726230621338,-6.725120016426445e-8,-0.4424916207790375,-2.4238429929823725e-8,1,-1.0286033358397617e-7,0.4424916207790375,-8.151702957093221e-8,-0.8967726230621338]},{"type":"position","time":0.23825836181640626,"pos":[148.187255859375,49.865692138671878,160.9253692626953,-0.8967726230621338,-3.801192960395383e-8,-0.4424916207790375,-1.3700113044023965e-8,1,-5.813905445961609e-8,0.4424916207790375,-4.6075328441474997e-8,-0.8967726230621338]},{"type":"position","time":0.2582106590270996,"pos":[148.187255859375,49.865692138671878,160.9253692626953,-0.8967726230621338,-1.4643005918912877e-8,-0.4424916207790375,-5.27756860435602e-9,1,-2.23964171652824e-8,0.4424916207790375,-1.774921365438331e-8,-0.8967726230621338]},{"type":"position","time":0.27432990074157717,"pos":[148.187255859375,49.865692138671878,160.9253692626953,-0.8967726230621338,8.70594529800428e-9,-0.4424916207790375,3.137772930372762e-9,1,1.3315678337733062e-8,0.4424916207790375,1.0552697382593124e-8,-0.8967726230621338]},{"type":"position","time":0.29464292526245119,"pos":[148.187255859375,49.865692138671878,160.9253692626953,-0.8967726230621338,3.786406921335583e-8,-0.4424916207790375,1.3646827667912476e-8,1,5.791288515410997e-8,0.4424916207790375,4.589608337823847e-8,-0.8967726230621338]},{"type":"position","time":0.3095278739929199,"pos":[148.187255859375,49.865692138671878,160.9253692626953,-0.8967726230621338,5.5343988947242909e-8,-0.4424916207790375,1.994686726902728e-8,1,8.464834166943547e-8,0.4424916207790375,6.708399524768538e-8,-0.8967726230621338]},{"type":"position","time":0.3259584903717041,"pos":[148.187255859375,49.865692138671878,160.9253692626953,-0.8967726230621338,6.190578716314121e-8,-0.4424916207790375,2.2311837710731198e-8,1,9.468459438721766e-8,0.4424916207790375,7.503775378836508e-8,-0.8967726230621338]},{"type":"position","time":0.35638976097106936,"pos":[148.187255859375,49.865692138671878,160.9253692626953,-0.8967726230621338,2.3768262025214427e-8,-0.4424916207790375,8.566451548119858e-9,1,3.6353466015270899e-8,0.4424916207790375,2.881020932932188e-8,-0.8967726230621338]},{"type":"position","time":0.36902618408203127,"pos":[148.187255859375,49.865692138671878,160.9253692626953,-0.8967726230621338,7.441072646940938e-9,-0.4424916207790375,2.6818678389162189e-9,1,1.1381112940966887e-8,0.4424916207790375,9.019566427070913e-9,-0.8967726230621338]},{"type":"position","time":0.3889124393463135,"pos":[148.187255859375,49.865692138671878,160.9253692626953,-0.8967726230621338,-1.4312232288204996e-8,-0.4424916207790375,-5.158371507718584e-9,1,-2.1890460999429707e-8,0.4424916207790375,-1.7348231295954976e-8,-0.8967726230621338]},{"type":"position","time":0.4340043067932129,"pos":[148.187255859375,49.865692138671878,160.9253692626953,-0.8967726230621338,-7.403799884286855e-8,-0.4424916207790375,-2.6684475074034709e-8,1,-1.132407660975332e-7,0.4424916207790375,-8.974356546787021e-8,-0.8967726230621338]},{"type":"position","time":0.44872546195983889,"pos":[148.187255859375,49.865692138671878,160.9253692626953,-0.8967726230621338,-5.07057116294618e-8,-0.4424916207790375,-1.8275139623824545e-8,1,-7.755416220334155e-8,0.4424916207790375,-6.146185427269302e-8,-0.8967726230621338]},{"type":"position","time":0.46907615661621096,"pos":[148.187255859375,49.865692138671878,160.9253692626953,-0.8967726230621338,-2.1568395069948566e-8,-0.4424916207790375,-7.773582666459334e-9,1,-3.298877970792091e-8,0.4424916207790375,-2.6143689879631894e-8,-0.8967726230621338]},{"type":"position","time":0.4963996410369873,"pos":[148.187255859375,49.865692138671878,160.9253692626953,-0.8967726230621338,1.3355302641571143e-8,-0.4424916207790375,4.813471399245373e-9,1,2.042685665060162e-8,0.4424916207790375,1.6188325346888633e-8,-0.8967726230621338]},{"type":"position","time":0.5156900882720947,"pos":[148.187255859375,49.865692138671878,160.9253692626953,-0.8967726230621338,4.2424186830203328e-8,-0.4424916207790375,1.5290352095576055e-8,1,6.488759396461319e-8,0.4424916207790375,5.1423565849972877e-8,-0.8967726230621338]},{"type":"position","time":0.5380494594573975,"pos":[148.187255859375,49.865692138671878,160.9253692626953,-0.8967726230621338,7.146201852492595e-8,-0.4424916207790375,2.5756037302926417e-8,1,1.0930084926030759e-7,0.4424916207790375,8.66211777861281e-8,-0.8967726230621338]},{"type":"position","time":0.5506644248962402,"pos":[148.187255859375,49.865692138671878,160.9253692626953,-0.8967726230621338,5.02705610472276e-8,-0.4424916207790375,1.8118297973046539e-8,1,7.688861103360978e-8,0.4424916207790375,6.093441129451094e-8,-0.8967726230621338]},{"type":"position","time":0.5658173561096191,"pos":[148.187255859375,49.865692138671878,160.9253692626953,-0.8967726230621338,3.438885087803101e-8,-0.4424916207790375,1.2394277604244053e-8,1,5.259761337583768e-8,0.4424916207790375,4.168373735069508e-8,-0.8967726230621338]},{"type":"position","time":0.5805821418762207,"pos":[148.187255859375,49.865692138671878,160.9253692626953,-0.8967726230621338,1.322907916545546e-8,-0.4424916207790375,4.7679629133767779e-9,1,2.0233830611005034e-8,0.4424916207790375,1.6035361483091039e-8,-0.8967726230621338]},{"type":"position","time":0.5973668098449707,"pos":[148.187255859375,49.865692138671878,160.9253692626953,-0.8967726230621338,-7.912604793602896e-9,-0.4424916207790375,-2.8518272188193807e-9,1,-1.2102294277838155e-8,0.4424916207790375,-9.591096805650068e-9,-0.8967726230621338]},{"type":"position","time":0.6143484115600586,"pos":[148.187255859375,49.865692138671878,160.9253692626953,-0.8967726230621338,-2.903621876271245e-8,-0.4424916207790375,-1.0465101674128619e-8,1,-4.441078615968763e-8,0.4424916207790375,-3.5195657943631889e-8,-0.8967726230621338]},{"type":"position","time":0.6311969757080078,"pos":[148.187255859375,49.865692138671878,160.9253692626953,-0.8967726230621338,-4.4867078941024377e-8,-0.4424916207790375,-1.6170783823099556e-8,1,-6.862403978402654e-8,0.4424916207790375,-5.438472427954366e-8,-0.8967726230621338]},{"type":"position","time":0.6518068313598633,"pos":[148.187255859375,49.865692138671878,160.9253692626953,-0.8967726230621338,-7.649835964684826e-8,-0.4424916207790375,-2.7571172012130775e-8,1,-1.1700399227265734e-7,0.4424916207790375,-9.272596201981287e-8,-0.8967726230621338]},{"type":"position","time":0.6662638187408447,"pos":[148.187255859375,49.865692138671878,160.9253692626953,-0.8967726230621338,-5.782980494473122e-8,-0.4424916207790375,-2.0842739090198849e-8,1,-8.845050558647927e-8,0.4424916207790375,-7.009725777606946e-8,-0.8967726230621338]},{"type":"position","time":0.684600830078125,"pos":[148.187255859375,49.865692138671878,160.9253692626953,-0.8967726230621338,-2.674214094611216e-8,-0.4424916207790375,-9.63827329059086e-9,1,-4.090201954909389e-8,0.4424916207790375,-3.241495605266209e-8,-0.8967726230621338]},{"type":"position","time":0.7065660953521729,"pos":[148.187255859375,49.865692138671878,160.9253692626953,-0.8967726230621338,4.312314505483528e-9,-0.4424916207790375,1.554217865518126e-9,1,6.5956826666990768e-9,0.4424916207790375,5.2270996420134e-9,-0.8967726230621338]},{"type":"position","time":0.7230641841888428,"pos":[148.187255859375,49.865692138671878,160.9253692626953,-0.8967726230621338,2.9131991041708717e-8,-0.4424916207790375,1.0499597635771352e-8,1,4.455731783536976e-8,0.4424916207790375,3.5311799706505556e-8,-0.8967726230621338]},{"type":"position","time":0.7402026653289795,"pos":[148.187255859375,49.865692138671878,160.9253692626953,-0.8967726230621338,5.3930452992290159e-8,-0.4424916207790375,1.9437324638715837e-8,1,8.2486508290458e-8,0.4424916207790375,6.537079144663949e-8,-0.8967726230621338]},{"type":"position","time":0.7557892799377441,"pos":[148.187255859375,49.865692138671878,160.9253692626953,-0.8967726230621338,6.731439583518295e-8,-0.4424916207790375,2.426109624309447e-8,1,1.0295722319142442e-7,0.4424916207790375,8.159388897865938e-8,-0.8967726230621338]},{"type":"position","time":0.780402421951294,"pos":[148.187255859375,49.865692138671878,160.9253692626953,-0.8967726230621338,4.1326089217363918e-8,-0.4424916207790375,1.4894524724695657e-8,1,6.320817647065269e-8,0.4424916207790375,5.009265890976167e-8,-0.8967726230621338]},{"type":"position","time":0.7984352111816406,"pos":[148.187255859375,49.865692138671878,160.9253692626953,-0.8967726230621338,1.5365541727874189e-8,-0.4424916207790375,5.537959868462394e-9,1,2.3501577572915268e-8,0.4424916207790375,1.8625069486688518e-8,-0.8967726230621338]},{"type":"position","time":0.8169548511505127,"pos":[148.187255859375,49.865692138671878,160.9253692626953,-0.8967726230621338,-5.382925660768478e-9,-0.4424916207790375,-1.9400900885813145e-9,1,-8.233163484305806e-9,0.4424916207790375,-6.524802476093328e-9,-0.8967726230621338]},{"type":"position","time":0.8365824222564697,"pos":[148.187255859375,49.865692138671878,160.9253692626953,-0.8967726230621338,-3.129357395437182e-8,-0.4424916207790375,-1.1278661560254477e-8,1,-4.786345897400679e-8,0.4424916207790375,-3.793192604462092e-8,-0.8967726230621338]},{"type":"position","time":0.8532395362854004,"pos":[148.187255859375,49.865692138671878,160.9253692626953,-0.8967726230621338,-5.2002164352416e-8,-0.4424916207790375,-1.8742333907084686e-8,1,-7.953721592457441e-8,0.4424916207790375,-6.303347532821135e-8,-0.8967726230621338]},{"type":"position","time":0.8738350868225098,"pos":[148.187255859375,49.865692138671878,160.9253692626953,-0.8967726230621338,-7.786301381429439e-8,-0.4424916207790375,-2.8062949297691376e-8,1,-1.1909135366749979e-7,0.4424916207790375,-9.438024761720954e-8,-0.8967726230621338]},{"type":"position","time":0.8925914764404297,"pos":[148.187255859375,49.865692138671878,160.9253692626953,-0.8967726230621338,-4.5637715828661388e-8,-0.4424916207790375,-1.6448488793230355e-8,1,-6.980281597179783e-8,0.4424916207790375,-5.5318938763093686e-8,-0.8967726230621338]},{"type":"position","time":0.9093983173370361,"pos":[148.187255859375,49.865692138671878,160.9253692626953,-0.8967726230621338,-2.6319062484958523e-8,-0.4424916207790375,-9.485770391393089e-9,1,-4.025496380677396e-8,0.4424916207790375,-3.190217512383242e-8,-0.8967726230621338]},{"type":"position","time":0.927290678024292,"pos":[148.187255859375,49.865692138671878,160.9253692626953,-0.8967726230621338,5.851173323634384e-9,-0.4424916207790375,2.10883865925382e-9,1,8.949377239275691e-9,0.4424916207790375,7.092412879217136e-9,-0.8967726230621338]},{"type":"position","time":0.9379374980926514,"pos":[148.187255859375,49.865692138671878,160.9253692626953,-0.8967726230621338,1.8709643612169203e-8,-0.4424916207790375,6.743212210835736e-9,1,2.8616396363645437e-8,0.4424916207790375,2.2678586120150613e-8,-0.8967726230621338]},{"type":"position","time":0.9540066719055176,"pos":[148.187255859375,49.865692138671878,160.9253692626953,-0.8967726230621338,4.4410096933233947e-8,-0.4424916207790375,1.6006012515390468e-8,1,6.792522100340648e-8,0.4424916207790375,5.383095214028799e-8,-0.8967726230621338]},{"type":"position","time":0.9642822742462158,"pos":[148.187255859375,49.865692138671878,160.9253692626953,-0.8967726230621338,6.367102400872682e-8,-0.4424916207790375,2.2947917344140479e-8,1,9.738479889165319e-8,0.4424916207790375,7.717775929449999e-8,-0.8967726230621338]},{"type":"position","time":0.9802134037017822,"pos":[148.187255859375,49.865692138671878,160.9253692626953,-0.8967726230621338,5.576514183758263e-8,-0.4424916207790375,2.0098527286904756e-8,1,8.529275419277838e-8,0.4424916207790375,6.759478310414124e-8,-0.8967726230621338]},{"type":"position","time":0.998286247253418,"pos":[148.187255859375,49.865692138671878,160.9253692626953,-0.8967726230621338,3.668148451652087e-8,-0.4424916207790375,1.3220511796419033e-8,1,5.610431585978404e-8,0.4424916207790375,4.446285117865045e-8,-0.8967726230621338]},{"type":"position","time":1.0198028087615967,"pos":[148.187255859375,49.865692138671878,160.9253692626953,-0.8967726230621338,1.2849849184703999e-8,-0.4424916207790375,4.631261152354682e-9,1,1.9653842997513494e-8,0.4424916207790375,1.557573447996674e-8,-0.8967726230621338]},{"type":"position","time":1.0338554382324219,"pos":[148.187255859375,49.865692138671878,160.9253692626953,-0.8967726230621338,-1.4369072598441335e-9,-0.4424916207790375,-5.178805717598323e-10,1,-2.1977504260917159e-9,0.4424916207790375,-1.7417247644146983e-9,-0.8967726230621338]},{"type":"position","time":1.0547075271606446,"pos":[148.2279510498047,49.865692138671878,160.9352569580078,-0.8429422974586487,0.000033511267247376966,-0.5380039811134338,-0.000003552411044438486,1,0.00006785404548281804,0.5380039811134338,0.00005910825348109938,-0.8429422974586487]},{"type":"position","time":1.0712158679962159,"pos":[148.28375244140626,49.865692138671878,160.94728088378907,-0.7805483937263489,0.00007272841321537271,-0.6250953674316406,-0.000011769516277126968,1,0.00013104414392728359,0.6250953674316406,0.00010964336252072826,-0.7805483937263489]},{"type":"position","time":1.0896620750427247,"pos":[148.38255310058595,49.865692138671878,160.97023010253907,-0.7026137113571167,0.00007444290531566367,-0.7115715146064758,-0.000010843075870070607,1,0.00011532417556736618,0.7115715146064758,0.00008874396735336632,-0.7026136517524719]},{"type":"position","time":1.1118826866149903,"pos":[148.49813842773438,49.865692138671878,160.999755859375,-0.6465185284614563,0.0000577346800127998,-0.762898325920105,-0.000005534489446290536,1,0.00008036828512558714,0.762898325920105,0.00005618183786282316,-0.6465185284614563]},{"type":"position","time":1.130345344543457,"pos":[148.67501831054688,49.865692138671878,161.0468292236328,-0.5851844549179077,0.000037580259231617677,-0.8109002113342285,-0.0000018051762253890047,1,0.0000476465756946709,0.8109002113342285,0.000029345854272833095,-0.5851844549179077]},{"type":"position","time":1.1484613418579102,"pos":[148.90036010742188,49.865692138671878,161.11378479003907,-0.535280704498291,0.000024238905098172837,-0.8446742296218872,-8.170280807462405e-7,1,0.000029213919333415107,0.8446742296218872,0.000016327769117197023,-0.535280704498291]},{"type":"position","time":1.169179916381836,"pos":[149.17189025878907,49.865692138671878,161.20494079589845,-0.49778494238853457,0.000013659093383466825,-0.8673005104064941,-3.400017476451467e-7,1,0.00001594411878613755,0.8673005104064941,0.000008231626452470664,-0.49778494238853457]},{"type":"position","time":1.1882691383361817,"pos":[149.40383911132813,49.865692138671878,161.2877960205078,-0.4749373495578766,0.00000812747202871833,-0.8800196051597595,-1.3198767589983618e-7,1,0.000009306791071139742,0.8800196051597595,0.000004536294454737799,-0.4749373495578766]},{"type":"position","time":1.2030365467071534,"pos":[149.64547729492188,49.865692138671878,161.37774658203126,-0.457146555185318,0.000004762148364534369,-0.8893913626670837,-4.7434980388061379e-8,1,0.000005378771675168537,0.8893913626670837,0.000002501075186955859,-0.457146555185318]},{"type":"position","time":1.2329204082489014,"pos":[150.07867431640626,49.865692138671878,161.54832458496095,-0.43490469455718996,0.0000019347201032360319,-0.9004764556884766,-1.2498639456737238e-8,1,0.0000021545879462792074,0.9004764556884766,9.482951668360329e-7,-0.43490469455718996]},{"type":"position","time":1.25881028175354,"pos":[150.44769287109376,49.865692138671878,161.70265197753907,-0.42368650436401369,7.900521836745611e-7,-0.9058089256286621,-3.635748591079846e-9,1,8.739068562135799e-7,0.9058089256286621,3.735558209427836e-7,-0.42368650436401369]},{"type":"position","time":1.2801415920257569,"pos":[150.74807739257813,49.865692138671878,161.84706115722657,-0.42354145646095278,1.1415809808568156e-7,-0.9058766961097717,3.925237468394016e-9,1,1.2418422556947918e-7,0.9058766961097717,4.904138606320885e-8,-0.42354145646095278]},{"type":"position","time":1.2950894832611085,"pos":[150.98196411132813,49.865692138671878,161.9750213623047,-0.42996394634246828,2.5967833039430845e-7,-0.9028460383415222,2.7071929142863384e-9,1,2.8633269266720165e-7,0.9028460383415222,1.206685595889212e-7,-0.42996394634246828]},{"type":"position","time":1.3181507587432862,"pos":[151.26544189453126,49.865692138671878,162.15025329589845,-0.4452971816062927,0.0000016202684491872788,-0.895382821559906,1.7000807872591396e-8,1,0.0000018011268139161985,0.895382821559906,7.868144393796683e-7,-0.4452971816062927]},{"type":"position","time":1.3456308841705323,"pos":[151.6598358154297,49.865692138671878,162.39974975585938,-0.4670271575450897,0.000002126973640770302,-0.8842429518699646,3.146409710552689e-8,1,0.0000023887994302640438,0.8842429518699646,0.0000010878122793656076,-0.4670271575450897]},{"type":"position","time":1.3638122081756592,"pos":[151.88233947753907,49.865692138671878,162.54669189453126,-0.4789622724056244,0.000001941637947311392,-0.8778355121612549,2.5856865093487614e-8,1,0.0000021977391497784994,0.8778355121612549,0.0000010299360155840987,-0.4789622724056244]},{"type":"position","time":1.385382890701294,"pos":[152.153564453125,49.865692138671878,162.7404022216797,-0.4962766766548157,0.0000023694683477515356,-0.8681644201278687,3.2362784452288909e-8,1,0.000002710785565795959,0.8681644201278687,0.0000013172034414310475,-0.4962766766548157]},{"type":"position","time":1.404799461364746,"pos":[152.4215087890625,49.865692138671878,162.93869018554688,-0.5136076807975769,0.000002664249223016668,-0.8580251336097717,4.243919704549626e-8,1,0.000003079690714002936,0.8580251336097717,0.0000015453388186870143,-0.5136076807975769]},{"type":"position","time":1.4257960319519044,"pos":[152.68592834472657,49.865692138671878,163.14163208007813,-0.5303701758384705,0.000002513199206077843,-0.8477661609649658,3.941559967302055e-8,1,0.0000029398370315902868,0.8477661609649658,0.0000015257867289619754,-0.5303701758384705]},{"type":"position","time":1.4541773796081544,"pos":[153.00045776367188,49.865692138671878,163.38877868652345,-0.5488985180854797,0.000002149534338968806,-0.8358889818191528,3.0697673736312939e-8,1,0.0000025513968466839289,0.8358889818191528,0.0000013747981029155199,-0.5488985180854797]},{"type":"position","time":1.4826960563659669,"pos":[153.30856323242188,49.865692138671878,163.6438446044922,-0.5674929618835449,0.0000021298963019944496,-0.8233782052993774,3.034345041896813e-8,1,0.0000025658641789050309,0.8233782052993774,0.0000014311257245935849,-0.5674929618835449]},{"type":"position","time":1.5196962356567383,"pos":[153.66387939453126,49.865692138671878,163.94635009765626,-0.5874555706977844,0.0000018752156165646739,-0.809256374835968,2.6948923093073064e-8,1,0.0000022976455511525275,0.809256374835968,0.0000013279561699164333,-0.5874555706977844]},{"type":"position","time":1.5673296451568604,"pos":[154.06521606445313,49.865692138671878,164.2975616455078,-0.607525110244751,0.0000014355501889440348,-0.7943004965782166,1.776165703404331e-8,1,0.0000017937286429514643,0.7943004965782166,0.0000010756270967249293,-0.607525110244751]},{"type":"position","time":1.6026923656463624,"pos":[154.70375061035157,49.865692138671878,164.88352966308595,-0.6382955312728882,0.0000013240110092738178,-0.7697913646697998,1.7000443719439319e-8,1,0.000001705864292489423,0.7697913646697998,0.0000010757588597698487,-0.6382955312728882]},{"type":"position","time":1.6266140937805176,"pos":[154.95668029785157,49.865692138671878,165.1166229248047,-0.641499400138855,3.370513823597321e-8,-0.7671235203742981,-1.2726751874581055e-9,1,4.500130046380946e-8,0.7671235203742981,2.9844606785900399e-8,-0.641499400138855]},{"type":"position","time":1.6408107280731202,"pos":[154.9902801513672,49.865692138671878,165.14761352539063,-0.6415377259254456,-7.887467745604227e-8,-0.7670915126800537,-1.0138915262913884e-9,1,-1.0197509681120209e-7,0.7670915126800537,-6.464312463094757e-8,-0.6415377259254456]},{"type":"position","time":1.6553318500518799,"pos":[154.99176025390626,49.865692138671878,165.1489715576172,-0.6415417790412903,-6.997700552346942e-8,-0.7670881152153015,-2.838969059837382e-10,1,-9.098678077634759e-8,0.7670881152153015,-5.815404691134063e-8,-0.6415417790412903]},{"type":"position","time":1.6784982681274415,"pos":[154.9918212890625,49.865692138671878,165.14903259277345,-0.6415427923202515,-5.219828480562683e-8,-0.7670872807502747,1.1756980944355178e-9,1,-6.903066918084733e-8,0.7670872807502747,-4.5187988462203069e-8,-0.6415427923202515]},{"type":"position","time":1.6968410015106202,"pos":[154.9918212890625,49.865692138671878,165.14903259277345,-0.6415427923202515,-4.0358461461664777e-8,-0.7670872211456299,2.1478003819908055e-9,1,-5.440889339070054e-8,0.7670872211456299,-3.6553185367438348e-8,-0.6415427923202515]},{"type":"position","time":1.715064525604248,"pos":[154.9918212890625,49.865692138671878,165.14903259277345,-0.6415427923202515,-2.8528761575330465e-8,-0.7670872211456299,3.119071667612161e-9,1,-3.9799619599989458e-8,0.7670872211456299,-2.7925759482627656e-8,-0.6415427923202515]},{"type":"position","time":1.7350409030914307,"pos":[154.9918212890625,49.865692138671878,165.14903259277345,-0.6415427923202515,-1.3755855121644345e-8,-0.7670872211456299,4.3319903220151449e-9,1,-2.155558220806597e-8,0.7670872211456299,-1.715184438921824e-8,-0.6415427923202515]},{"type":"position","time":1.7493236064910889,"pos":[154.9918212890625,49.865692138671878,165.14903259277345,-0.6415427923202515,-1.9488985980586905e-9,-0.7670872211456299,5.3013891054831678e-9,1,-6.9743912867181738e-9,0.7670872211456299,-8.540998130968092e-9,-0.6415427923202515]},{"type":"position","time":1.764925479888916,"pos":[154.9918212890625,49.865692138671878,165.14903259277345,-0.6415427923202515,6.899693261175344e-9,-0.7670872211456299,6.027891963356069e-9,1,3.953321225935724e-9,0.7670872211456299,-2.087694239705229e-9,-0.6415427923202515]},{"type":"position","time":1.7800705432891846,"pos":[154.9918212890625,49.865692138671878,165.14903259277345,-0.6415427923202515,1.8688988134840657e-8,-0.7670872211456299,6.995835466483413e-9,1,1.8512704258455416e-8,0.7670872211456299,6.510276318039132e-9,-0.6415427923202515]},{"type":"position","time":1.798450231552124,"pos":[154.9918212890625,49.865692138671878,165.14903259277345,-0.6415427923202515,3.341143184343309e-8,-0.7670872211456299,8.20459877814983e-9,1,3.6694434157880099e-8,0.7670872211456299,1.7247407058107457e-8,-0.6415427923202515]},{"type":"position","time":1.8190815448760987,"pos":[154.9918212890625,49.865692138671878,165.14903259277345,-0.6415427923202515,4.811814235949896e-8,-0.7670872211456299,9.412069346126373e-9,1,5.485673071348174e-8,0.7670872211456299,2.7973062088904045e-8,-0.6415427923202515]},{"type":"position","time":1.834967851638794,"pos":[154.9918212890625,49.865692138671878,165.14903259277345,-0.6415427923202515,5.69346205736565e-8,-0.7670872211456299,1.0135930317289877e-8,1,6.574479272103417e-8,0.7670872211456299,3.4402955151335848e-8,-0.6415427923202515]},{"type":"position","time":1.8496508598327637,"pos":[154.9918212890625,49.865692138671878,165.14903259277345,-0.6415427923202515,6.868113189284486e-8,-0.7670872211456299,1.1100355301607579e-8,1,8.025133979572274e-8,0.7670872211456299,4.2969730884578897e-8,-0.6415427923202515]},{"type":"position","time":1.866492509841919,"pos":[154.9918212890625,49.865692138671878,165.14903259277345,-0.6415427923202515,8.041759969046325e-8,-0.7670872211456299,1.2063958720887058e-8,1,9.474548079424494e-8,0.7670872211456299,5.15291738167889e-8,-0.6415427923202515]},{"type":"position","time":1.8884847164154053,"pos":[154.9918212890625,49.865692138671878,165.14903259277345,-0.6415427923202515,9.507406417696984e-8,-0.7670872211456299,1.3267304588282514e-8,1,1.1284572565273266e-7,0.7670872211456299,6.22181843823455e-8,-0.6415427923202515]},{"type":"position","time":1.9197330474853516,"pos":[154.9918212890625,49.865692138671878,165.14903259277345,-0.6415427923202515,8.646401283840533e-8,-0.7670872211456299,1.1233112218178576e-8,1,1.0332264821499848e-7,0.7670872211456299,5.766912636318011e-8,-0.6415427923202515]},{"type":"position","time":1.9407050609588624,"pos":[154.9918212890625,49.865692138671878,165.14903259277345,-0.6415427923202515,1.677113381504114e-8,-0.7670872211456299,1.532635351964018e-9,1,2.0581600423952297e-8,0.7670872211456299,1.2028312568190814e-8,-0.6415427923202515]},{"type":"position","time":1.957289457321167,"pos":[154.9918212890625,49.865692138671878,165.14903259277345,-0.6415427923202515,-2.9641128662660777e-8,-0.7670872211456299,-4.9274371249907748e-9,1,-3.452014851745844e-8,0.7670872211456299,-1.836637864016666e-8,-0.6415427923202515]},{"type":"position","time":1.9760432243347169,"pos":[154.9918212890625,49.865692138671878,165.14903259277345,-0.6415427923202515,-7.601371265764101e-8,-0.7670872211456299,-1.1381994013959229e-8,1,-8.957479025184512e-8,0.7670872211456299,-4.8735078195250028e-8,-0.6415427923202515]},{"type":"position","time":1.999140739440918,"pos":[154.9918212890625,49.865692138671878,165.14903259277345,-0.6415427923202515,-6.816230779804755e-8,-0.7670872211456299,-9.802227474153824e-9,1,-8.06606550440847e-8,0.7670872211456299,-4.422809851689635e-8,-0.6415427923202515]},{"type":"position","time":2.018577814102173,"pos":[154.9918212890625,49.865692138671878,165.14903259277345,-0.6415427923202515,-5.262657865046094e-8,-0.7670872211456299,-7.250643641043553e-9,1,-6.254175133335593e-8,0.7670872211456299,-3.456133512713677e-8,-0.6415427923202515]},{"type":"position","time":2.049198865890503,"pos":[154.9918212890625,49.865692138671878,165.14903259277345,-0.6415427923202515,-2.547100308447625e-8,-0.7670872211456299,-2.790622843917845e-9,1,-3.087093247700068e-8,0.7670872211456299,-1.7664374851733556e-8,-0.6415427923202515]},{"type":"position","time":2.0686891078948976,"pos":[154.9401092529297,49.86569595336914,165.15235900878907,-0.8338519930839539,0.0003130956320092082,-0.5519880652427673,0.00006575756560778245,0.9999998807907105,0.0004678788245655596,0.5519881248474121,0.000353844283381477,-0.8338518738746643]},{"type":"position","time":2.0907256603240969,"pos":[154.83197021484376,49.86568832397461,165.15972900390626,-0.9733203053474426,0.0004401354235596955,-0.22945013642311097,0.00023597061226610094,0.9999995231628418,0.0009172374266199768,0.22945043444633485,0.0008386223344132304,-0.9733200073242188]},{"type":"position","time":2.1143715381622316,"pos":[154.69448852539063,49.865684509277347,165.16799926757813,-0.9972051978111267,0.00013126511476002634,0.07471127063035965,0.0001888880942715332,0.9999997019767761,0.0007642101845704019,-0.0747111439704895,0.0007761864690110087,-0.9972048997879028]},{"type":"position","time":2.1410558223724367,"pos":[154.43190002441407,49.865692138671878,165.17227172851563,-0.9072471261024475,-0.00013727696205023676,0.42059794068336489,0.00007158062362577766,0.9999998807907105,0.00048078756663016975,-0.42059797048568728,0.00046629979624412954,-0.907247006893158]},{"type":"position","time":2.1586239337921144,"pos":[154.32659912109376,49.865692138671878,165.17247009277345,-0.8796923160552979,-0.00009396888344781473,0.4755432903766632,0.00001131251974584302,1,0.0002185298944823444,-0.4755432903766632,0.00019761866133194417,-0.8796923160552979]},{"type":"position","time":2.1731953620910646,"pos":[154.3007049560547,49.86570358276367,165.17230224609376,-0.8762899041175842,-0.00001121315926866373,0.4817841649055481,-0.000008256808541773353,1,0.000008256397450168152,-0.4817841649055481,0.0000032569978429819459,-0.8762899041175842]},{"type":"position","time":2.1993439197540285,"pos":[154.2999725341797,49.865699768066409,165.1723175048828,-0.8758720755577087,0.000007426604042848339,0.4825434386730194,-0.000002325429477423313,1,-0.00001961146335816011,-0.4825434386730194,-0.000018299253497389146,-0.8758720755577087]},{"type":"position","time":2.222397565841675,"pos":[154.29995727539063,49.865699768066409,165.1723175048828,-0.8758429884910584,4.2789409349097698e-7,0.48259615898132326,4.6294715616568285e-7,1,-4.646754092618721e-8,-0.48259615898132326,1.827182529723359e-7,-0.8758429884910584]},{"type":"position","time":2.2385194301605226,"pos":[154.29995727539063,49.865699768066409,165.1723175048828,-0.8758419156074524,-3.986005481237953e-7,0.48259812593460085,1.0980718911923759e-7,1,0.0000010252304036839633,-0.48259812593460085,9.509324740974989e-7,-0.8758419156074524]},{"type":"position","time":2.263744831085205,"pos":[154.29995727539063,49.865699768066409,165.1723175048828,-0.8758418560028076,-1.4148739069241856e-8,0.4825982451438904,-2.5584693474911547e-8,1,-1.7114453854105706e-8,-0.4825982451438904,-2.7336682251188905e-8,-0.8758418560028076]},{"type":"position","time":2.292550563812256,"pos":[154.29995727539063,49.865699768066409,165.1723175048828,-0.8758418560028076,4.1392194560785359e-8,0.4825982451438904,-5.989162499275835e-10,1,-8.685641006422884e-8,-0.4825982451438904,-7.636150911594086e-8,-0.8758418560028076]},{"type":"position","time":2.316486120223999,"pos":[154.29995727539063,49.865699768066409,165.1723175048828,-0.8758418560028076,5.992439611191003e-8,0.4825982451438904,2.5025112648791038e-8,1,-7.875362229015082e-8,-0.4825982451438904,-5.689864224223129e-8,-0.8758418560028076]},{"type":"position","time":2.340923547744751,"pos":[154.29995727539063,51.42997360229492,165.1723175048828,-0.8758418560028076,7.53497602090647e-8,0.4825982451438904,4.6353381577546318e-8,1,-7.200923590744424e-8,-0.4825982451438904,-4.06986373491236e-8,-0.8758418560028076]},{"type":"position","time":2.3629555702209474,"pos":[154.29995727539063,53.1947021484375,165.1723175048828,-0.8758418560028076,9.383846588661982e-8,0.4825982451438904,7.191724904487273e-8,1,-6.392548357325723e-8,-0.4825982451438904,-2.1281477913248638e-8,-0.8758418560028076]},{"type":"position","time":2.377960205078125,"pos":[154.29995727539063,54.57163619995117,165.1723175048828,-0.8758418560028076,1.0922762072596015e-7,0.4825982451438904,9.3195446027039e-8,1,-5.719695295169913e-8,-0.4825982451438904,-5.11952613635458e-9,-0.8758418560028076]},{"type":"position","time":2.3960471153259279,"pos":[154.29995727539063,55.61186599731445,165.1723175048828,-0.8758418560028076,1.2152712258739485e-7,0.4825982451438904,1.1020165402442217e-7,1,-5.181930262665446e-8,-0.4825982451438904,7.797609669069061e-9,-0.8758418560028076]},{"type":"position","time":2.417691707611084,"pos":[154.29995727539063,56.83552169799805,165.1723175048828,-0.8758418560028076,1.3688672595435492e-7,0.4825982451438904,1.314389805884275e-7,1,-4.51037038828872e-8,-0.4825982451438904,2.39285107284104e-8,-0.8758418560028076]},{"type":"position","time":2.44122052192688,"pos":[154.29995727539063,58.191497802734378,165.1723175048828,-0.8758418560028076,1.552966040208048e-7,0.4825982451438904,1.5689384724737466e-7,1,-3.7054448398521347e-8,-0.4825982451438904,4.326285463207569e-8,-0.8758418560028076]},{"type":"position","time":2.4569387435913088,"pos":[154.29995727539063,59.02735137939453,165.1723175048828,-0.8758418560028076,1.6755674892010576e-7,0.4825982451438904,1.7384563477662597e-7,1,-3.1694010971250466e-8,-0.4825982451438904,5.613865639020332e-8,-0.8758418560028076]},{"type":"position","time":2.474402666091919,"pos":[154.29995727539063,59.8087158203125,165.1723175048828,-0.8758418560028076,1.4710434470543988e-7,0.4825982451438904,1.5560561905658688e-7,1,-2.2417074418967787e-8,-0.4825982451438904,5.54611823133655e-8,-0.8758418560028076]},{"type":"position","time":2.4964354038238527,"pos":[154.29995727539063,60.70877456665039,165.1723175048828,-0.8758418560028076,8.07076290243458e-8,0.4825982451438904,8.887931102208313e-8,1,-5.933314728423511e-9,-0.4825982451438904,3.769635270600702e-8,-0.8758418560028076]},{"type":"position","time":2.512866497039795,"pos":[154.29995727539063,61.36750411987305,165.1723175048828,-0.8758418560028076,2.764129192200926e-8,0.4825982451438904,3.5549568622172958e-8,1,7.24102644511504e-9,-0.4825982451438904,2.3498152756928904e-8,-0.8758418560028076]},{"type":"position","time":2.5344436168670656,"pos":[154.29995727539063,62.11428451538086,165.1723175048828,-0.8758418560028076,-3.8627888443443229e-8,0.4825982451438904,-3.104855039737231e-8,1,2.3693145223546709e-8,-0.4825982451438904,5.767473165718684e-9,-0.8758418560028076]},{"type":"position","time":2.5620274543762209,"pos":[154.29995727539063,63.01670837402344,165.1723175048828,-0.8758418560028076,-1.3128591547229008e-7,0.4825982451438904,-1.241664904227946e-7,1,4.6696627009623629e-8,-0.4825982451438904,-1.902366797423838e-8,-0.8758418560028076]},{"type":"position","time":2.5747952461242677,"pos":[154.29995727539063,63.35236358642578,165.1723175048828,-0.8758418560028076,-1.3484786620665546e-7,0.4825982451438904,-1.2909512747683039e-7,1,4.513270113193357e-8,-0.4825982451438904,-2.2771972751911563e-8,-0.8758418560028076]},{"type":"position","time":2.5911099910736086,"pos":[154.29995727539063,63.752227783203128,165.1723175048828,-0.8758418560028076,-1.155330409119415e-7,0.4825982451438904,-1.1238068964303238e-7,1,3.544423776702388e-8,-0.4825982451438904,-2.3191178755155307e-8,-0.8758418560028076]},{"type":"position","time":2.6048994064331056,"pos":[154.29995727539063,64.09758758544922,165.1723175048828,-0.8758418560028076,-9.623470731412454e-8,0.4825982451438904,-9.568054082365052e-8,1,2.576405222498579e-8,-0.4825982451438904,-2.361002593431749e-8,-0.8758418560028076]},{"type":"position","time":2.619959592819214,"pos":[154.29995727539063,64.32083892822266,165.1723175048828,-0.8758418560028076,-8.177177335255692e-8,0.4825982451438904,-8.316478528058724e-8,1,1.850933806224475e-8,-0.4825982451438904,-2.392392417505107e-8,-0.8758418560028076]},{"type":"position","time":2.6355926990509035,"pos":[154.29995727539063,64.5708236694336,165.1723175048828,-0.8758418560028076,-6.250226647352975e-8,0.4825982451438904,-6.648957651123055e-8,1,8.843615617593059e-9,-0.4825982451438904,-2.4342144300248948e-8,-0.8758418560028076]},{"type":"position","time":2.6483960151672365,"pos":[154.29995727539063,64.72254180908203,165.1723175048828,-0.8758418560028076,-4.8060940116556597e-8,0.4825982451438904,-5.39925189002588e-8,1,1.599742449620578e-9,-0.4825982451438904,-2.4655573582776925e-8,-0.8758418560028076]},{"type":"position","time":2.666156530380249,"pos":[154.29995727539063,64.87715148925781,165.1723175048828,-0.8758418560028076,-2.8820231534609776e-8,0.4825982451438904,-3.73422324173589e-8,1,-8.051536326547648e-9,-0.4825982451438904,-2.5073166654010494e-8,-0.8758418560028076]},{"type":"position","time":2.678182363510132,"pos":[154.29995727539063,64.95734405517578,165.1723175048828,-0.8758418560028076,-1.440048258416482e-8,0.4825982451438904,-2.4863846093126086e-8,1,-1.528458604127536e-8,-0.4825982451438904,-2.5386128754689709e-8,-0.8758418560028076]},{"type":"position","time":2.6921753883361818,"pos":[154.29995727539063,65.0165786743164,165.1723175048828,-0.8758418560028076,4.811483211852874e-9,0.4825982451438904,-8.238432158691467e-9,1,-2.4921448016357318e-8,-0.4825982451438904,-2.5803100101029487e-8,-0.8758418560028076]},{"type":"position","time":2.7093799114227297,"pos":[154.29995727539063,65.02130889892578,165.1723175048828,-0.8758418560028076,2.4007041687923448e-8,0.4825982451438904,8.372783355525826e-9,1,-3.455008013020233e-8,-0.4825982451438904,-2.6219714399644546e-8,-0.8758418560028076]},{"type":"position","time":2.727370500564575,"pos":[154.29995727539063,64.97154235839844,165.1723175048828,-0.8758418560028076,4.3186208387169248e-8,0.4825982451438904,2.4969812884023669e-8,1,-4.4170487711880926e-8,-0.4825982451438904,-2.6635975203248564e-8,-0.8758418560028076]},{"type":"position","time":2.7437212467193605,"pos":[154.29995727539063,64.86727905273438,165.1723175048828,-0.8758418560028076,6.234899529999893e-8,0.4825982451438904,4.1552670637656777e-8,1,-5.378268141953413e-8,-0.4825982451438904,-2.7051878959127863e-8,-0.8758418560028076]},{"type":"position","time":2.761037588119507,"pos":[154.29995727539063,64.70851135253906,165.1723175048828,-0.8758418560028076,8.149542196633775e-8,0.4825982451438904,5.812136905092302e-8,1,-6.338667191130298e-8,-0.4825982451438904,-2.746742744363928e-8,-0.8758418560028076]},{"type":"position","time":2.7763965129852297,"pos":[154.29995727539063,64.4952392578125,165.1723175048828,-0.8758418560028076,1.0062549193889936e-7,0.4825982451438904,7.467590990017925e-8,1,-7.298245208176013e-8,-0.4825982451438904,-2.7882625985853339e-8,-0.8758418560028076]},{"type":"position","time":2.7934117317199709,"pos":[154.29995727539063,64.22747802734375,165.1723175048828,-0.8758418560028076,1.1973922653396586e-7,0.4825982451438904,9.121632160713489e-8,1,-8.257003969447396e-8,-0.4825982451438904,-2.8297463927628997e-8,-0.8758418560028076]},{"type":"position","time":2.8139138221740724,"pos":[154.29995727539063,63