{"a":[{"p":[-139.73687744140626,990.2281494140625,-301.8543395996094,1,0,0,0,1,0,0,0,1]},{"p":[-139.73687744140626,990.2281494140625,-301.8543395996094,1,0,0,0,1,0,0,0,1]},{"p":[-139.73687744140626,990.2281494140625,-301.8543395996094,1,0,0,0,1,0,0,0,1]},{"p":[-139.73687744140626,990.2281494140625,-301.8543395996094,1,0,0,0,1,0,0,0,1]},{"p":[-139.73687744140626,990.2281494140625,-301.8543395996094,1,0,0,0,1,0,0,0,1]},{"p":[-139.73687744140626,990.2281494140625,-301.8543395996094,1,0,0,0,1,0,0,0,1]},{"p":[-139.73687744140626,990.2281494140625,-301.8543395996094,1,0,0,0,1,0,0,0,1]},{"p":[-139.73687744140626,990.2281494140625,-301.8543395996094,1,0,0,0,1,0,0,0,1]},{"p":[-139.73687744140626,990.2281494140625,-301.8543395996094,1,0,0,0,1,0,0,0,1]},{"p":[-139.73687744140626,990.2281494140625,-301.8543395996094,1,0,0,0,1,0,0,0,1]},{"p":[-139.73687744140626,990.2281494140625,-301.8543395996094,1,0,0,0,1,0,0,0,1]},{"p":[-139.73687744140626,990.2281494140625,-301.8543395996094,1,0,0,0,1,0,0,0,1]},{"p":[-139.73687744140626,990.2281494140625,-301.8543395996094,1,0,0,0,1,0,0,0,1]},{"p":[-139.73687744140626,990.2281494140625,-301.8543395996094,1,0,0,0,1,0,0,0,1]},{"p":[-139.73687744140626,990.2281494140625,-301.8543395996094,1,0,0,0,1,0,0,0,1]},{"p":[-139.73687744140626,990.2281494140625,-301.8543395996094,1,0,0,0,1,0,0,0,1]},{"p":[-139.73687744140626,990.2281494140625,-301.8543395996094,1,0,0,0,1,0,0,0,1]},{"p":[-139.73687744140626,990.2281494140625,-301.8543395996094,1,0,0,0,1,0,0,0,1]},{"p":[-139.73687744140626,990.2281494140625,-301.8543395996094,1,0,0,0,1,0,0,0,1]},{"p":[-139.73687744140626,990.2281494140625,-301.8543395996094,1,0,0,0,1,0,0,0,1]},{"p":[-139.73687744140626,990.2281494140625,-301.8543395996094,1,0,0,0,1,0,0,0,1]},{"p":[-139.73687744140626,990.2281494140625,-301.8543395996094,1,0,0,0,1,0,0,0,1]},{"p":[-139.73687744140626,990.2281494140625,-301.8543395996094,1,0,0,0,1,0,0,0,1]},{"p":[-139.73687744140626,990.2281494140625,-301.8543395996094,1,0,0,0,1,0,0,0,1]},{"p":[-139.73687744140626,990.2281494140625,-301.8543395996094,1,0,0,0,1,0,0,0,1]},{"p":[-139.73687744140626,990.2281494140625,-301.8543395996094,1,0,0,0,1,0,0,0,1]},{"p":[-139.73687744140626,990.2281494140625,-301.8543395996094,1,0,0,0,1,0,0,0,1]},{"p":[-139.73687744140626,990.2281494140625,-301.8543395996094,1,0,0,0,1,0,0,0,1]},{"p":[-139.73687744140626,990.2281494140625,-301.8543395996094,1,0,0,0,1,0,0,0,1]},{"p":[-139.73687744140626,990.2281494140625,-301.8543395996094,1,0,0,0,1,0,0,0,1]},{"p":[-139.73687744140626,990.2281494140625,-301.8543395996094,1,0,0,0,1,0,0,0,1]},{"p":[-139.73687744140626,990.2281494140625,-301.8543395996094,1,0,0,0,1,0,0,0,1]},{"p":[-139.73687744140626,990.2281494140625,-301.8543395996094,1,0,0,0,1,0,0,0,1]},{"p":[-139.73687744140626,990.2281494140625,-301.8543395996094,1,0,0,0,1,0,0,0,1]},{"p":[-139.73687744140626,990.2281494140625,-301.8543395996094,1,0,0,0,1,0,0,0,1]},{"p":[-139.74266052246095,990.2281494140625,-301.9190673828125,0.999942421913147,0,0.010733336210250855,0,1,0,-0.010733336210250855,0,0.999942421913147]},{"p":[-139.7562713623047,990.2281494140625,-302.07086181640627,0.9997726082801819,0,0.021323081105947496,0,1,0,-0.021323081105947496,0,0.9997726082801819]},{"p":[-139.78038024902345,990.2281494140625,-302.4266052246094,0.9995236396789551,0,0.030861610546708108,0,1,0,-0.030861610546708108,0,0.9995236396789551]},{"p":[-139.78607177734376,990.2281494140625,-302.5580749511719,0.9994924068450928,0,0.031857557594776157,0,1,0,-0.031857557594776157,0,0.9994924068450928]},{"p":[-139.78941345214845,990.2281494140625,-302.8244323730469,0.9995673894882202,0,0.0294108334928751,0,1,0,-0.0294108334928751,0,0.9995673894882202]},{"p":[-139.78260803222657,990.2281494140625,-303.0909729003906,0.9997545480728149,0,0.022154012694954873,0,1,0,-0.022154012694954873,0,0.9997545480728149]},{"p":[-139.76889038085938,990.2281494140625,-303.3572692871094,0.9999243021011353,0,0.012304499745368958,0,1,0,-0.012304499745368958,0,0.9999243021011353]},{"p":[-139.74024963378907,990.2281494140625,-303.62237548828127,0.9999932646751404,0,-0.003673899918794632,0,1,0,0.003673899918794632,0,0.9999932646751404]},{"p":[-139.70147705078126,990.2281494140625,-303.8861999511719,0.9997411966323853,0,-0.022748440504074098,0,1,0,0.022748440504074098,0,0.9997411966323853]},{"p":[-139.655517578125,990.2281494140625,-304.14886474609377,0.9990763068199158,0,-0.04297182708978653,0,1,0,0.04297182708978653,0,0.9990763068199158]},{"p":[-139.6038360595703,990.2281494140625,-304.41046142578127,0.9979868531227112,0,-0.06342146545648575,0,1,0,0.06342146545648575,0,0.9979868531227112]},{"p":[-139.54458618164063,990.2281494140625,-304.6704406738281,0.9963834881782532,0,-0.0849701389670372,0,1,0,0.0849701389670372,0,0.9963834881782532]},{"p":[-139.4746551513672,990.2281494140625,-304.9277648925781,0.9940341711044312,0,-0.10906899720430374,0,1,0,0.10906899720430374,0,0.9940341711044312]},{"p":[-139.38465881347657,990.2281494140625,-305.1787109375,0.990112841129303,0,-0.14027325809001923,0,1,0,0.14027325809001923,0,0.990112841129303]},{"p":[-139.27587890625,990.2281494140625,-305.422119140625,0.9841597676277161,0,-0.17728394269943238,0,1,0,0.17728394269943238,0,0.9841597676277161]},{"p":[-139.1433563232422,990.2281494140625,-305.6534118652344,0.9750018119812012,0,-0.22219699621200562,0,1,0,0.22219699621200562,0,0.9750018119812012]},{"p":[-138.98390197753907,990.2281494140625,-305.866943359375,0.961056113243103,0,-0.2763533294200897,0,1,0,0.2763533294200897,0,0.961056113243103]},{"p":[-138.70603942871095,990.2281494140625,-306.1544494628906,0.9293807744979858,0,-0.3691225051879883,0,1,0,0.3691225051879883,0,0.9293807744979858]},{"p":[-138.60086059570313,990.2281494140625,-306.236083984375,0.9153677225112915,0,-0.4026188850402832,0,1,0,0.4026188850402832,0,0.9153677225112915]},{"p":[-138.35751342773438,990.2281494140625,-306.3433532714844,0.8711957931518555,0,-0.49093568325042727,0,1,0,0.49093568325042727,0,0.8711957931518555]},{"p":[-138.0945281982422,990.2281494140625,-306.3829040527344,0.8051621317863464,0,-0.5930547118186951,0,1,0,0.5930547118186951,0,0.8051621317863464]},{"p":[-137.82957458496095,990.2281494140625,-306.3585510253906,0.7159549593925476,0,-0.6981464624404907,0,1,0,0.6981464624404907,0,0.7159549593925476]},{"p":[-137.58551025390626,990.2281494140625,-306.25396728515627,0.5942897796630859,0,-0.8042510151863098,0,1,0,0.8042510151863098,0,0.5942897796630859]},{"p":[-137.37643432617188,990.2281494140625,-306.0895690917969,0.4450802505016327,0,-0.8954907059669495,0,1,0,0.8954907059669495,0,0.4450802505016327]},{"p":[-137.1931915283203,990.2281494140625,-305.8961181640625,0.28551632165908816,0,-0.9583738446235657,0,1,0,0.9583738446235657,0,0.28551632165908816]},{"p":[-137.03768920898438,990.2281494140625,-305.6796875,0.12239394336938858,0,-0.9924815893173218,0,1,0,0.9924815893173218,0,0.12239394336938858]},{"p":[-136.92518615722657,990.2281494140625,-305.4383239746094,-0.04659658297896385,0,-0.9989137649536133,0,1,0,0.9989137649536133,0,-0.04659658297896385]},{"p":[-136.85385131835938,990.2281494140625,-305.1816711425781,-0.21379052102565766,0,-0.9768795371055603,0,1,0,0.9768795371055603,0,-0.21379052102565766]},{"p":[-136.824951171875,990.2281494140625,-304.9168395996094,-0.3741146922111511,0,-0.9273824691772461,0,1,0,0.9273824691772461,0,-0.3741146922111511]},{"p":[-136.83685302734376,990.2281494140625,-304.6506652832031,-0.5222508907318115,0,-0.8527919054031372,0,1,0,0.8527919054031372,0,-0.5222508907318115]},{"p":[-136.89059448242188,990.2281494140625,-304.3897399902344,-0.6552301049232483,0,-0.7554293870925903,0,1,0,0.7554293870925903,0,-0.6552301049232483]},{"p":[-136.97512817382813,990.2281494140625,-304.136962890625,-0.7665932178497315,0,-0.6421329975128174,0,1,0,0.6421329975128174,0,-0.7665932178497315]},{"p":[-137.07980346679688,990.2281494140625,-303.8917541503906,-0.8532227873802185,0,-0.5215466618537903,0,1,0,0.5215466618537903,0,-0.8532227873802185]},{"p":[-137.2025909423828,990.2281494140625,-303.65509033203127,-0.917137086391449,0,-0.3985719382762909,0,1,0,0.3985719382762909,0,-0.917137086391449]},{"p":[-137.34083557128907,990.2281494140625,-303.4271240234375,-0.9607813954353333,0,-0.27730679512023928,0,1,0,0.27730679512023928,0,-0.9607813954353333]},{"p":[-137.4920196533203,990.2281494140625,-303.2074890136719,-0.9869683980941773,0,-0.16091430187225343,0,1,0,0.16091430187225343,0,-0.9869683980941773]},{"p":[-137.65550231933595,990.2281494140625,-302.9968566894531,-0.9987168312072754,0,-0.050643160939216617,0,1,0,0.050643160939216617,0,-0.9987168312072754]},{"p":[-137.91384887695313,990.2281494140625,-302.69146728515627,-0.9948806166648865,0,0.10105741769075394,0,1,0,-0.10105741769075394,0,-0.9948806166648865]},{"p":[-138.0002899169922,990.2281494140625,-302.5899353027344,-0.9897687435150147,0,0.1426807940006256,0,1,0,-0.1426807940006256,0,-0.9897687435150147]},{"p":[-138.16232299804688,990.2281494140625,-302.378173828125,-0.9775838255882263,0,0.2105465680360794,0,1,0,-0.2105465680360794,0,-0.9775838255882263]},{"p":[-138.30728149414063,990.2281494140625,-302.1544189453125,-0.9659825563430786,0,0.25860729813575747,0,1,0,-0.25860729813575747,0,-0.9659825563430786]},{"p":[-138.4300079345703,990.2281494140625,-301.91778564453127,-0.957849383354187,0,0.28727081418037417,0,1,0,-0.28727081418037417,0,-0.957849383354187]},{"p":[-138.52577209472657,990.2281494140625,-301.6690673828125,-0.9546859860420227,0,0.29761505126953127,0,1,0,-0.29761505126953127,0,-0.9546859860420227]},{"p":[-138.5929718017578,990.2281494140625,-301.4111328125,-0.9564223885536194,0,0.2919865846633911,0,1,0,-0.2919865846633911,0,-0.9564223885536194]},{"p":[-138.63304138183595,990.2281494140625,-301.1476135253906,-0.9618517756462097,0,0.27357110381126406,0,1,0,-0.27357110381126406,0,-0.9618517756462097]},{"p":[-138.6455078125,990.2281494140625,-300.88134765625,-0.9697936773300171,0,0.24392659962177277,0,1,0,-0.24392659962177277,0,-0.9697936773300171]},{"p":[-138.63720703125,990.2281494140625,-300.6148681640625,-0.97819584608078,0,0.20768460631370545,0,1,0,-0.20768460631370545,0,-0.97819584608078]},{"p":[-138.6130828857422,990.2281494140625,-300.34930419921877,-0.9857690930366516,0,0.16810494661331178,0,1,0,-0.16810494661331178,0,-0.9857690930366516]},{"p":[-138.6025390625,990.2281494140625,-300.2376708984375,-0.986421525478363,0,0.16423316299915315,0,1,0,-0.16423316299915315,0,-0.986421525478363]},{"p":[-138.60208129882813,990.2281494140625,-300.2328186035156,-0.9864393472671509,0,0.16412612795829774,0,1,0,-0.16412612795829774,0,-0.9864393472671509]},{"p":[-138.60206604003907,990.2281494140625,-300.23272705078127,-0.9864398241043091,0,0.16412317752838136,0,1,0,-0.16412317752838136,0,-0.9864398241043091]},{"p":[-138.60206604003907,990.2281494140625,-300.23272705078127,-0.9864398837089539,0,0.16412310302257539,0,1,0,-0.16412310302257539,0,-0.9864398837089539]},{"p":[-138.60206604003907,990.2281494140625,-300.23272705078127,-0.9864398837089539,0,0.16412310302257539,0,1,0,-0.16412310302257539,0,-0.9864398837089539]},{"p":[-138.60206604003907,990.2281494140625,-300.23272705078127,-0.9864398837089539,0,0.16412310302257539,0,1,0,-0.16412310302257539,0,-0.9864398837089539]},{"p":[-138.60206604003907,990.2281494140625,-300.23272705078127,-0.9864398837089539,0,0.16412310302257539,0,1,0,-0.16412310302257539,0,-0.9864398837089539]},{"p":[-138.60206604003907,990.2281494140625,-300.23272705078127,-0.9864398837089539,0,0.16412310302257539,0,1,0,-0.16412310302257539,0,-0.9864398837089539]},{"p":[-138.60206604003907,990.2281494140625,-300.23272705078127,-0.9864398837089539,0,0.16412310302257539,0,1,0,-0.16412310302257539,0,-0.9864398837089539]},{"p":[-138.60206604003907,990.2281494140625,-300.23272705078127,-0.9864398837089539,0,0.16412310302257539,0,1,0,-0.16412310302257539,0,-0.9864398837089539]},{"p":[-138.60206604003907,990.2281494140625,-300.23272705078127,-0.9864398837089539,0,0.16412310302257539,0,1,0,-0.16412310302257539,0,-0.9864398837089539]},{"p":[-138.60206604003907,990.2281494140625,-300.23272705078127,-0.9864398837089539,0,0.16412310302257539,0,1,0,-0.16412310302257539,0,-0.9864398837089539]},{"p":[-138.60206604003907,990.2281494140625,-300.23272705078127,-0.9864398837089539,0,0.16412310302257539,0,1,0,-0.16412310302257539,0,-0.9864398837089539]},{"p":[-138.60206604003907,990.2281494140625,-300.23272705078127,-0.9864398837089539,0,0.16412310302257539,0,1,0,-0.16412310302257539,0,-0.9864398837089539]},{"p":[-138.60206604003907,990.2281494140625,-300.23272705078127,-0.9864398837089539,0,0.16412310302257539,0,1,0,-0.16412310302257539,0,-0.9864398837089539]},{"p":[-138.60206604003907,990.2281494140625,-300.23272705078127,-0.9864398837089539,0,0.16412310302257539,0,1,0,-0.16412310302257539,0,-0.9864398837089539]},{"p":[-138.60206604003907,990.2281494140625,-300.23272705078127,-0.9864398837089539,0,0.16412310302257539,0,1,0,-0.16412310302257539,0,-0.9864398837089539]},{"p":[-138.60206604003907,990.2281494140625,-300.23272705078127,-0.9864398837089539,0,0.16412310302257539,0,1,0,-0.16412310302257539,0,-0.9864398837089539]},{"p":[-138.60206604003907,990.2281494140625,-300.23272705078127,-0.9864398837089539,0,0.16412310302257539,0,1,0,-0.16412310302257539,0,-0.9864398837089539]},{"p":[-138.60206604003907,990.2281494140625,-300.23272705078127,-0.9864398837089539,0,0.16412310302257539,0,1,0,-0.16412310302257539,0,-0.9864398837089539]},{"p":[-138.60206604003907,990.2281494140625,-300.23272705078127,-0.9864398837089539,0,0.16412310302257539,0,1,0,-0.16412310302257539,0,-0.9864398837089539]},{"p":[-138.60206604003907,990.2281494140625,-300.23272705078127,-0.9864398837089539,0,0.16412310302257539,0,1,0,-0.16412310302257539,0,-0.9864398837089539]},{"p":[-138.60206604003907,990.2281494140625,-300.23272705078127,-0.9864398837089539,0,0.16412310302257539,0,1,0,-0.16412310302257539,0,-0.9864398837089539]},{"p":[-138.60206604003907,990.2281494140625,-300.23272705078127,-0.9864398837089539,0,0.16412310302257539,0,1,0,-0.16412310302257539,0,-0.9864398837089539]},{"p":[-138.60206604003907,990.2281494140625,-300.23272705078127,-0.9864398837089539,0,0.16412310302257539,0,1,0,-0.16412310302257539,0,-0.9864398837089539]},{"p":[-138.62799072265626,990.2281494140625,-300.18572998046877,-0.9789208173751831,0,0.20424024760723115,0,1,0,-0.20424024760723115,0,-0.9789208173751831]},{"p":[-138.6806640625,990.2281494140625,-300.07440185546877,-0.9717922806739807,0,0.23583850264549256,0,1,0,-0.23583850264549256,0,-0.9717922806739807]},{"p":[-138.74961853027345,990.2281494140625,-299.9195251464844,-0.9656890034675598,0,0.25970131158828738,0,1,0,-0.25970131158828738,0,-0.9656890034675598]},{"p":[-138.83395385742188,990.2281494140625,-299.7173767089844,-0.9608297944068909,0,0.2771391272544861,0,1,0,-0.2771391272544861,0,-0.9608297944068909]},{"p":[-138.9330596923828,990.2281494140625,-299.4736633300781,-0.9567598104476929,0,0.29087918996810915,0,1,0,-0.29087918996810915,0,-0.9567598104476929]},{"p":[-139.03152465820313,990.2281494140625,-299.2259216308594,-0.9534143209457398,0,0.3016638457775116,0,1,0,-0.3016638457775116,0,-0.9534143209457398]},{"p":[-139.12713623046876,990.2281494140625,-298.97698974609377,-0.9509064555168152,0,0.30947837233543398,0,1,0,-0.30947837233543398,0,-0.9509064555168152]},{"p":[-139.2613983154297,990.2281494140625,-298.6001892089844,-0.9491276741027832,0,0.314891517162323,0,1,0,-0.314891517162323,0,-0.9491276741027832]},{"p":[-139.30271911621095,990.2281494140625,-298.4734191894531,-0.9492002129554749,0,0.3146727979183197,0,1,0,-0.3146727979183197,0,-0.9492002129554749]},{"p":[-139.38072204589845,990.2281494140625,-298.21844482421877,-0.9501491189002991,0,0.31179577112197878,0,1,0,-0.31179577112197878,0,-0.9501491189002991]},{"p":[-139.45449829101563,990.2281494140625,-297.9621887207031,-0.9516657590866089,0,0.30713558197021487,0,1,0,-0.30713558197021487,0,-0.9516657590866089]},{"p":[-139.5262908935547,990.2281494140625,-297.70538330078127,-0.9532865285873413,0,0.30206745862960818,0,1,0,-0.30206745862960818,0,-0.9532865285873413]},{"p":[-139.59373474121095,990.2281494140625,-297.4473876953125,-0.9553322792053223,0,0.2955338656902313,0,1,0,-0.2955338656902313,0,-0.9553322792053223]},{"p":[-139.6574249267578,990.2281494140625,-297.18841552734377,-0.9576364159584045,0,0.28797999024391177,0,1,0,-0.28797999024391177,0,-0.9576364159584045]},{"p":[-139.7141876220703,990.2281494140625,-296.9278869628906,-0.9605748057365418,0,0.27802160382270815,0,1,0,-0.27802160382270815,0,-0.9605748057365418]},{"p":[-139.7676239013672,990.2281494140625,-296.6666259765625,-0.9635122418403626,0,0.26766425371170046,0,1,0,-0.26766425371170046,0,-0.9635122418403626]},{"p":[-139.8186798095703,990.2281494140625,-296.4048767089844,-0.9662850499153137,0,0.25747454166412356,0,1,0,-0.25747454166412356,0,-0.9662850499153137]},{"p":[-139.8894805908203,990.2281494140625,-296.0111999511719,-0.9704242944717407,0,0.24140554666519166,0,1,0,-0.24140554666519166,0,-0.9704242944717407]},{"p":[-139.9326934814453,990.2281494140625,-295.748046875,-0.9730174541473389,0,0.23073160648345948,0,1,0,-0.23073160648345948,0,-0.9730174541473389]},{"p":[-139.97552490234376,990.2281494140625,-295.48486328125,-0.9752037525177002,0,0.22130881249904633,0,1,0,-0.22130881249904633,0,-0.9752037525177002]},{"p":[-140.02117919921876,990.2281494140625,-295.2221374511719,-0.9767211079597473,0,0.2145131677389145,0,1,0,-0.2145131677389145,0,-0.9767211079597473]},{"p":[-140.07342529296876,990.2281494140625,-294.96063232421877,-0.9772940278053284,0,0.21188773214817048,0,1,0,-0.21188773214817048,0,-0.9772940278053284]},{"p":[-140.14039611816407,990.2281494140625,-294.7025451660156,-0.9761768579483032,0,0.21697640419006349,0,1,0,-0.21697640419006349,0,-0.9761768579483032]},{"p":[-140.16123962402345,990.2281494140625,-294.6234130859375,-0.9760722517967224,0,0.21744632720947267,0,1,0,-0.21744632720947267,0,-0.9760722517967224]},{"p":[-140.17019653320313,990.2281494140625,-294.5893859863281,-0.9760515093803406,0,0.21753960847854615,0,1,0,-0.21753960847854615,0,-0.9760515093803406]},{"p":[-140.1702117919922,990.2281494140625,-294.58929443359377,-0.976051390171051,0,0.2175399661064148,0,1,0,-0.2175399661064148,0,-0.976051390171051]},{"p":[-140.1702117919922,990.2281494140625,-294.58929443359377,-0.976051390171051,0,0.21754004061222077,0,1,0,-0.21754004061222077,0,-0.976051390171051]},{"p":[-140.1702117919922,990.2281494140625,-294.58929443359377,-0.976051390171051,0,0.21754004061222077,0,1,0,-0.21754004061222077,0,-0.976051390171051]},{"p":[-140.1702117919922,990.2281494140625,-294.58929443359377,-0.976051390171051,0,0.21754004061222077,0,1,0,-0.21754004061222077,0,-0.976051390171051]},{"p":[-140.1702117919922,990.2281494140625,-294.58929443359377,-0.976051390171051,0,0.21754004061222077,0,1,0,-0.21754004061222077,0,-0.976051390171051]},{"p":[-140.1702117919922,990.2281494140625,-294.58929443359377,-0.976051390171051,0,0.21754004061222077,0,1,0,-0.21754004061222077,0,-0.976051390171051]},{"p":[-140.1702117919922,990.2281494140625,-294.58929443359377,-0.976051390171051,0,0.21754004061222077,0,1,0,-0.21754004061222077,0,-0.976051390171051]},{"p":[-140.1702117919922,990.2281494140625,-294.58929443359377,-0.976051390171051,0,0.21754004061222077,0,1,0,-0.21754004061222077,0,-0.976051390171051]},{"p":[-140.1702117919922,990.2281494140625,-294.58929443359377,-0.976051390171051,0,0.21754004061222077,0,1,0,-0.21754004061222077,0,-0.976051390171051]},{"p":[-140.1702117919922,990.2281494140625,-294.58929443359377,-0.976051390171051,0,0.21754004061222077,0,1,0,-0.21754004061222077,0,-0.976051390171051]},{"p":[-140.1702117919922,990.2281494140625,-294.58929443359377,-0.976051390171051,0,0.21754004061222077,0,1,0,-0.21754004061222077,0,-0.976051390171051]},{"p":[-140.1702117919922,990.2281494140625,-294.58929443359377,-0.976051390171051,0,0.21754004061222077,0,1,0,-0.21754004061222077,0,-0.976051390171051]},{"p":[-140.1702117919922,990.2281494140625,-294.58929443359377,-0.976051390171051,0,0.21754004061222077,0,1,0,-0.21754004061222077,0,-0.976051390171051]},{"p":[-140.1702117919922,990.2281494140625,-294.58929443359377,-0.976051390171051,0,0.21754004061222077,0,1,0,-0.21754004061222077,0,-0.976051390171051]},{"p":[-140.1702117919922,990.2281494140625,-294.58929443359377,-0.976051390171051,0,0.21754004061222077,0,1,0,-0.21754004061222077,0,-0.976051390171051]},{"p":[-140.1702117919922,990.2281494140625,-294.58929443359377,-0.976051390171051,0,0.21754004061222077,0,1,0,-0.21754004061222077,0,-0.976051390171051]},{"p":[-140.20555114746095,990.2281494140625,-294.7131042480469,-0.8948472738265991,0,0.44637250900268557,0,1,0,-0.44637250900268557,0,-0.8948472738265991]},{"p":[-140.27047729492188,990.2281494140625,-294.9625549316406,-0.7091276049613953,0,0.7050801515579224,0,1,0,-0.7050801515579224,0,-0.7091276049613953]},{"p":[-140.32489013671876,990.2281494140625,-295.223388671875,-0.47034940123558047,0,0.882480263710022,0,1,0,-0.882480263710022,0,-0.47034940123558047]},{"p":[-140.36965942382813,990.2281494140625,-295.4862365722656,-0.22288739681243897,0,0.974844217300415,0,1,0,-0.974844217300415,0,-0.22288739681243897]},{"p":[-140.4094696044922,990.2281494140625,-295.74993896484377,0.0065286592580378059,0,0.9999786615371704,0,1,0,-0.9999786615371704,0,0.0065286592580378059]},{"p":[-140.444580078125,990.2281494140625,-296.0142517089844,0.20639453828334809,0,0.9784688353538513,0,1,0,-0.9784688353538513,0,0.20639453828334809]},{"p":[-140.475830078125,990.2281494140625,-296.2790832519531,0.37373870611190798,0,0.9275340437889099,0,1,0,-0.9275340437889099,0,0.37373870611190798]},{"p":[-140.50424194335938,990.2281494140625,-296.5442199707031,0.509953498840332,0,0.8602019548416138,0,1,0,-0.8602019548416138,0,0.509953498840332]},{"p":[-140.5286865234375,990.2281494140625,-296.8097839355469,0.6192197203636169,0,0.7852177619934082,0,1,0,-0.7852177619934082,0,0.6192197203636169]},{"p":[-140.55055236816407,990.2281494140625,-297.0755310058594,0.7055420875549316,0,0.7086679935455322,0,1,0,-0.7086679935455322,0,0.7055420875549316]},{"p":[-140.56961059570313,990.2281494140625,-297.3415222167969,0.7731646299362183,0,0.6342053413391113,0,1,0,-0.6342053413391113,0,0.7731646299362183]},{"p":[-140.5853271484375,990.2281494140625,-297.60772705078127,0.825987696647644,0,0.5636881589889526,0,1,0,-0.5636881589889526,0,0.825987696647644]},{"p":[-140.59561157226563,990.2281494140625,-297.8074645996094,0.8574391007423401,0,0.5145854949951172,0,1,0,-0.5145854949951172,0,0.8574391007423401]},{"p":[-140.6109161376953,990.2281494140625,-298.1404113769531,0.8983016610145569,0,0.4393792748451233,0,1,0,-0.4393792748451233,0,0.8983016610145569]},{"p":[-140.6215057373047,990.2281494140625,-298.4068908691406,0.9226163625717163,0,0.38571885228157046,0,1,0,-0.38571885228157046,0,0.9226163625717163]},{"p":[-140.63302612304688,990.2281494140625,-298.7400207519531,0.944747269153595,0,0.3277996778488159,0,1,0,-0.3277996778488159,0,0.944747269153595]},{"p":[-140.6399688720703,990.2281494140625,-299.0066223144531,0.9576290249824524,0,0.2880045175552368,0,1,0,-0.2880045175552368,0,0.9576290249824524]},{"p":[-140.6453399658203,990.2281494140625,-299.2732238769531,0.9675770998001099,0,0.2525758743286133,0,1,0,-0.2525758743286133,0,0.9675770998001099]},{"p":[-140.6503448486328,990.2281494140625,-299.5398254394531,0.9751661419868469,0,0.22147448360919953,0,1,0,-0.22147448360919953,0,0.9751661419868469]},{"p":[-140.6540069580078,990.2281494140625,-299.8064880371094,0.9810508489608765,0,0.19375044107437135,0,1,0,-0.19375044107437135,0,0.9810508489608765]},{"p":[-140.65757751464845,990.2281494140625,-300.0731506347656,0.9855170845985413,0,0.1695762574672699,0,1,0,-0.1695762574672699,0,0.9855170845985413]},{"p":[-140.65838623046876,990.2281494140625,-300.20648193359377,0.9873569011688232,0,0.15851280093193055,0,1,0,-0.15851280093193055,0,0.9873569011688232]},{"p":[-140.66036987304688,990.2281494140625,-300.6064758300781,0.9917990565299988,0,0.12780719995498658,0,1,0,-0.12780719995498658,0,0.9917990565299988]},{"p":[-140.66087341308595,990.2281494140625,-300.8731384277344,0.9938526749610901,0,0.11071053892374039,0,1,0,-0.11071053892374039,0,0.9938526749610901]},{"p":[-140.66029357910157,990.2281494140625,-301.1398010253906,0.995430052280426,0,0.09549320489168167,0,1,0,-0.09549320489168167,0,0.995430052280426]},{"p":[-140.64112854003907,990.2281494140625,-301.4057312011719,0.9973170161247253,0,0.07320398837327957,0,1,0,-0.07320398837327957,0,0.9973170161247253]},{"p":[-140.59210205078126,990.2281494140625,-301.6676940917969,0.9992462992668152,0,0.03881813958287239,0,1,0,-0.03881813958287239,0,0.9992462992668152]},{"p":[-140.5108642578125,990.2281494140625,-301.9215087890625,0.9999697208404541,0,-0.007780532352626324,0,1,0,0.007780532352626324,0,0.9999697208404541]},{"p":[-140.4018096923828,990.2281494140625,-302.16473388671877,0.9979998469352722,0,-0.06321645528078079,0,1,0,0.06321645528078079,0,0.9979998469352722]},{"p":[-140.27162170410157,990.2281494140625,-302.3973693847656,0.9924030303955078,0,-0.12302955240011215,0,1,0,0.12302955240011215,0,0.9924030303955078]},{"p":[-140.1244354248047,990.2281494140625,-302.61968994140627,0.9828517436981201,0,-0.18439742922782899,0,1,0,0.18439742922782899,0,0.9828517436981201]},{"p":[-139.96327209472657,990.2281494140625,-302.83209228515627,0.9694266319274902,0,-0.2453813999891281,0,1,0,0.2453813999891281,0,0.9694266319274902]},{"p":[-139.78968811035157,990.2281494140625,-303.03448486328127,0.952321469783783,0,-0.30509647727012637,0,1,0,0.30509647727012637,0,0.952321469783783]},{"p":[-139.6063232421875,990.2281494140625,-303.2280578613281,0.9321498274803162,0,-0.3620727062225342,0,1,0,0.3620727062225342,0,0.9321498274803162]},{"p":[-139.4151153564453,990.2281494140625,-303.4139099121094,0.9096398949623108,0,-0.4153977334499359,0,1,0,0.4153977334499359,0,0.9096398949623108]},{"p":[-139.21490478515626,990.2281494140625,-303.5899963378906,0.8846096396446228,0,-0.46633222699165347,0,1,0,0.46633222699165347,0,0.8846096396446228]},{"p":[-139.00469970703126,990.2281494140625,-303.7540283203125,0.8566134572029114,0,-0.5159586668014526,0,1,0,0.5159586668014526,0,0.8566134572029114]},{"p":[-138.7825164794922,990.2281494140625,-303.9013671875,0.8243448138237,0,-0.5660879611968994,0,1,0,0.5660879611968994,0,0.8243448138237]},{"p":[-138.54959106445313,990.2281494140625,-304.03106689453127,0.7876651287078857,0,-0.6161035895347595,0,1,0,0.6161035895347595,0,0.7876651287078857]},{"p":[-138.45135498046876,990.2281494140625,-304.08514404296877,0.7839358448982239,0,-0.6208418011665344,0,1,0,0.6208418011665344,0,0.7839358448982239]},{"p":[-138.4470977783203,990.2281494140625,-304.08746337890627,0.7838324308395386,0,-0.6209723949432373,0,1,0,0.6209723949432373,0,0.7838324308395386]},{"p":[-138.44700622558595,990.2281494140625,-304.0874938964844,0.7838295698165894,0,-0.6209760308265686,0,1,0,0.6209760308265686,0,0.7838295698165894]},{"p":[-138.44700622558595,990.2281494140625,-304.0874938964844,0.7838295102119446,0,-0.6209760904312134,0,1,0,0.6209760904312134,0,0.7838295102119446]},{"p":[-138.44700622558595,990.2281494140625,-304.0874938964844,0.7838295102119446,0,-0.6209760904312134,0,1,0,0.6209760904312134,0,0.7838295102119446]},{"p":[-138.44700622558595,990.2281494140625,-304.0874938964844,0.7838295102119446,0,-0.6209760904312134,0,1,0,0.6209760904312134,0,0.7838295102119446]},{"p":[-138.44700622558595,990.2281494140625,-304.0874938964844,0.7838295102119446,0,-0.6209760904312134,0,1,0,0.6209760904312134,0,0.7838295102119446]},{"p":[-138.44700622558595,990.2281494140625,-304.0874938964844,0.7838295102119446,0,-0.6209760904312134,0,1,0,0.6209760904312134,0,0.7838295102119446]},{"p":[-138.44700622558595,990.2281494140625,-304.0874938964844,0.7838295102119446,0,-0.6209760904312134,0,1,0,0.6209760904312134,0,0.7838295102119446]},{"p":[-138.44700622558595,990.2281494140625,-304.0874938964844,0.7838295102119446,0,-0.6209760904312134,0,1,0,0.6209760904312134,0,0.7838295102119446]},{"p":[-138.44700622558595,990.2281494140625,-304.0874938964844,0.7838295102119446,0,-0.6209760904312134,0,1,0,0.6209760904312134,0,0.7838295102119446]},{"p":[-138.44700622558595,990.2281494140625,-304.0874938964844,0.7838295102119446,0,-0.6209760904312134,0,1,0,0.6209760904312134,0,0.7838295102119446]},{"p":[-138.44700622558595,990.2281494140625,-304.0874938964844,0.7838295102119446,0,-0.6209760904312134,0,1,0,0.6209760904312134,0,0.7838295102119446]},{"p":[-138.44700622558595,990.2281494140625,-304.0874938964844,0.7838295102119446,0,-0.6209760904312134,0,1,0,0.6209760904312134,0,0.7838295102119446]},{"p":[-138.44700622558595,990.2281494140625,-304.0874938964844,0.7838295102119446,0,-0.6209760904312134,0,1,0,0.6209760904312134,0,0.7838295102119446]},{"p":[-138.44700622558595,990.2281494140625,-304.0874938964844,0.7838295102119446,0,-0.6209760904312134,0,1,0,0.6209760904312134,0,0.7838295102119446]},{"p":[-138.44700622558595,990.2281494140625,-304.0874938964844,0.7838295102119446,0,-0.6209760904312134,0,1,0,0.6209760904312134,0,0.7838295102119446]},{"p":[-138.44700622558595,990.2281494140625,-304.0874938964844,0.7838295102119446,0,-0.6209760904312134,0,1,0,0.6209760904312134,0,0.7838295102119446]},{"p":[-138.44700622558595,990.2281494140625,-304.0874938964844,0.7838295102119446,0,-0.6209760904312134,0,1,0,0.6209760904312134,0,0.7838295102119446]},{"p":[-138.44700622558595,990.2281494140625,-304.0874938964844,0.7838295102119446,0,-0.6209760904312134,0,1,0,0.6209760904312134,0,0.7838295102119446]},{"p":[-138.44700622558595,990.2281494140625,-304.0874938964844,0.7838295102119446,0,-0.6209760904312134,0,1,0,0.6209760904312134,0,0.7838295102119446]},{"p":[-138.44700622558595,990.2281494140625,-304.0874938964844,0.7838295102119446,0,-0.6209760904312134,0,1,0,0.6209760904312134,0,0.7838295102119446]},{"p":[-138.44700622558595,990.2281494140625,-304.0874938964844,0.7838295102119446,0,-0.6209760904312134,0,1,0,0.6209760904312134,0,0.7838295102119446]},{"p":[-138.44700622558595,990.2281494140625,-304.0874938964844,0.7838295102119446,0,-0.6209760904312134,0,1,0,0.6209760904312134,0,0.7838295102119446]},{"p":[-138.44700622558595,990.2281494140625,-304.0874938964844,0.7838295102119446,0,-0.6209760904312134,0,1,0,0.6209760904312134,0,0.7838295102119446]},{"p":[-138.44700622558595,990.2281494140625,-304.0874938964844,0.7838295102119446,0,-0.6209760904312134,0,1,0,0.6209760904312134,0,0.7838295102119446]},{"p":[-138.44700622558595,990.2281494140625,-304.0874938964844,0.7838295102119446,0,-0.6209760904312134,0,1,0,0.6209760904312134,0,0.7838295102119446]},{"p":[-138.44700622558595,990.2281494140625,-304.0874938964844,0.7838295102119446,0,-0.6209760904312134,0,1,0,0.6209760904312134,0,0.7838295102119446]},{"p":[-138.44700622558595,990.2281494140625,-304.0874938964844,0.7838295102119446,0,-0.6209760904312134,0,1,0,0.6209760904312134,0,0.7838295102119446]},{"p":[-138.44700622558595,990.2281494140625,-304.0874938964844,0.7838295102119446,0,-0.6209760904312134,0,1,0,0.6209760904312134,0,0.7838295102119446]},{"p":[-138.44700622558595,990.2281494140625,-304.0874938964844,0.7838295102119446,0,-0.6209760904312134,0,1,0,0.6209760904312134,0,0.7838295102119446]},{"p":[-138.44700622558595,990.2281494140625,-304.0874938964844,0.7838295102119446,0,-0.6209760904312134,0,1,0,0.6209760904312134,0,0.7838295102119446]},{"p":[-138.44700622558595,990.2281494140625,-304.0874938964844,0.7838295102119446,0,-0.6209760904312134,0,1,0,0.6209760904312134,0,0.7838295102119446]},{"p":[-138.44700622558595,990.2281494140625,-304.0874938964844,0.7838295102119446,0,-0.6209760904312134,0,1,0,0.6209760904312134,0,0.7838295102119446]},{"p":[-138.44700622558595,990.2281494140625,-304.0874938964844,0.7838295102119446,0,-0.6209760904312134,0,1,0,0.6209760904312134,0,0.7838295102119446]},{"p":[-138.44700622558595,990.2281494140625,-304.0874938964844,0.7838295102119446,0,-0.6209760904312134,0,1,0,0.6209760904312134,0,0.7838295102119446]},{"p":[-138.44700622558595,990.2281494140625,-304.0874938964844,0.7838295102119446,0,-0.6209760904312134,0,1,0,0.6209760904312134,0,0.7838295102119446]},{"p":[-138.44700622558595,990.2281494140625,-304.0874938964844,0.7838295102119446,0,-0.6209760904312134,0,1,0,0.6209760904312134,0,0.7838295102119446]},{"p":[-138.44700622558595,990.2281494140625,-304.0874938964844,0.7838295102119446,0,-0.6209760904312134,0,1,0,0.6209760904312134,0,0.7838295102119446]},{"p":[-138.44700622558595,990.2281494140625,-304.0874938964844,0.7838295102119446,0,-0.6209760904312134,0,1,0,0.6209760904312134,0,0.7838295102119446]},{"p":[-138.44700622558595,990.2281494140625,-304.0874938964844,0.7838295102119446,0,-0.6209760904312134,0,1,0,0.6209760904312134,0,0.7838295102119446]},{"p":[-138.44700622558595,990.2281494140625,-304.0874938964844,0.7838295102119446,0,-0.6209760904312134,0,1,0,0.6209760904312134,0,0.7838295102119446]},{"p":[-138.44700622558595,990.2281494140625,-304.0874938964844,0.7838295102119446,0,-0.6209760904312134,0,1,0,0.6209760904312134,0,0.7838295102119446]},{"p":[-138.44700622558595,990.2281494140625,-304.0874938964844,0.7838295102119446,0,-0.6209760904312134,0,1,0,0.6209760904312134,0,0.7838295102119446]},{"p":[-138.44700622558595,990.2281494140625,-304.0874938964844,0.7838295102119446,0,-0.6209760904312134,0,1,0,0.6209760904312134,0,0.7838295102119446]},{"p":[-138.44700622558595,990.2281494140625,-304.0874938964844,0.7838295102119446,0,-0.6209760904312134,0,1,0,0.6209760904312134,0,0.7838295102119446]},{"p":[-138.44700622558595,990.2281494140625,-304.0874938964844,0.7838295102119446,0,-0.6209760904312134,0,1,0,0.6209760904312134,0,0.7838295102119446]},{"p":[-138.44700622558595,990.2281494140625,-304.0874938964844,0.7838295102119446,0,-0.6209760904312134,0,1,0,0.6209760904312134,0,0.7838295102119446]},{"p":[-138.44700622558595,990.2281494140625,-304.0874938964844,0.7838295102119446,0,-0.6209760904312134,0,1,0,0.6209760904312134,0,0.7838295102119446]},{"p":[-138.44700622558595,990.2281494140625,-304.0874938964844,0.7838295102119446,0,-0.6209760904312134,0,1,0,0.6209760904312134,0,0.7838295102119446]},{"p":[-138.44700622558595,990.2281494140625,-304.0874938964844,0.7838295102119446,0,-0.6209760904312134,0,1,0,0.6209760904312134,0,0.7838295102119446]},{"p":[-138.44700622558595,990.2281494140625,-304.0874938964844,0.7838295102119446,0,-0.6209760904312134,0,1,0,0.6209760904312134,0,0.7838295102119446]},{"p":[-138.44700622558595,990.2281494140625,-304.0874938964844,0.7838295102119446,0,-0.6209760904312134,0,1,0,0.6209760904312134,0,0.7838295102119446]},{"p":[-138.44700622558595,990.2281494140625,-304.0874938964844,0.7838295102119446,0,-0.6209760904312134,0,1,0,0.6209760904312134,0,0.7838295102119446]},{"p":[-138.44700622558595,990.2281494140625,-304.0874938964844,0.7838295102119446,0,-0.6209760904312134,0,1,0,0.6209760904312134,0,0.7838295102119446]},{"p":[-138.44700622558595,990.2281494140625,-304.0874938964844,0.7838295102119446,0,-0.6209760904312134,0,1,0,0.6209760904312134,0,0.7838295102119446]},{"p":[-138.44700622558595,990.2281494140625,-304.0874938964844,0.7838295102119446,0,-0.6209760904312134,0,1,0,0.6209760904312134,0,0.7838295102119446]},{"p":[-138.44700622558595,990.2281494140625,-304.0874938964844,0.7838295102119446,0,-0.6209760904312134,0,1,0,0.6209760904312134,0,0.7838295102119446]},{"p":[-138.44700622558595,990.2281494140625,-304.0874938964844,0.7838295102119446,0,-0.6209760904312134,0,1,0,0.6209760904312134,0,0.7838295102119446]},{"p":[-138.44700622558595,990.2281494140625,-304.0874938964844,0.7838295102119446,0,-0.6209760904312134,0,1,0,0.6209760904312134,0,0.7838295102119446]},{"p":[-138.44700622558595,990.2281494140625,-304.0874938964844,0.7838295102119446,0,-0.6209760904312134,0,1,0,0.6209760904312134,0,0.7838295102119446]},{"p":[-138.44700622558595,990.2281494140625,-304.0874938964844,0.7838295102119446,0,-0.6209760904312134,0,1,0,0.6209760904312134,0,0.7838295102119446]},{"p":[-138.44700622558595,990.2281494140625,-304.0874938964844,0.7838295102119446,0,-0.6209760904312134,0,1,0,0.6209760904312134,0,0.7838295102119446]},{"p":[-138.44700622558595,990.2281494140625,-304.0874938964844,0.7838295102119446,0,-0.6209760904312134,0,1,0,0.6209760904312134,0,0.7838295102119446]},{"p":[-138.44700622558595,990.2281494140625,-304.0874938964844,0.7838295102119446,0,-0.6209760904312134,0,1,0,0.6209760904312134,0,0.7838295102119446]},{"p":[-138.44700622558595,990.2281494140625,-304.0874938964844,0.7838295102119446,0,-0.6209760904312134,0,1,0,0.6209760904312134,0,0.7838295102119446]},{"p":[-138.44700622558595,990.2281494140625,-304.0874938964844,0.7838295102119446,0,-0.6209760904312134,0,1,0,0.6209760904312134,0,0.7838295102119446]},{"p":[-138.44700622558595,990.2281494140625,-304.0874938964844,0.7838295102119446,0,-0.6209760904312134,0,1,0,0.6209760904312134,0,0.7838295102119446]},{"p":[-138.44700622558595,990.2281494140625,-304.0874938964844,0.7838295102119446,0,-0.6209760904312134,0,1,0,0.6209760904312134,0,0.7838295102119446]},{"p":[-138.44700622558595,990.2281494140625,-304.0874938964844,0.7838295102119446,0,-0.6209760904312134,0,1,0,0.6209760904312134,0,0.7838295102119446]},{"p":[-138.44700622558595,990.2281494140625,-304.0874938964844,0.7838295102119446,0,-0.6209760904312134,0,1,0,0.6209760904312134,0,0.7838295102119446]},{"p":[-138.44700622558595,990.2281494140625,-304.0874938964844,0.7838295102119446,0,-0.6209760904312134,0,1,0,0.6209760904312134,0,0.7838295102119446]},{"p":[-138.44700622558595,990.2281494140625,-304.0874938964844,0.7838295102119446,0,-0.6209760904312134,0,1,0,0.6209760904312134,0,0.7838295102119446]},{"p":[-138.44700622558595,990.2281494140625,-304.0874938964844,0.7838295102119446,0,-0.6209760904312134,0,1,0,0.6209760904312134,0,0.7838295102119446]},{"p":[-138.44700622558595,990.2281494140625,-304.0874938964844,0.7838295102119446,0,-0.6209760904312134,0,1,0,0.6209760904312134,0,0.7838295102119446]},{"p":[-138.44700622558595,990.2281494140625,-304.0874938964844,0.7838295102119446,0,-0.6209760904312134,0,1,0,0.6209760904312134,0,0.7838295102119446]},{"p":[-138.44700622558595,990.2281494140625,-304.0874938964844,0.7838295102119446,0,-0.6209760904312134,0,1,0,0.6209760904312134,0,0.7838295102119446]},{"p":[-138.44700622558595,990.2281494140625,-304.0874938964844,0.7838295102119446,0,-0.6209760904312134,0,1,0,0.6209760904312134,0,0.7838295102119446]},{"p":[-138.44700622558595,990.2281494140625,-304.0874938964844,0.7838295102119446,0,-0.6209760904312134,0,1,0,0.6209760904312134,0,0.7838295102119446]},{"p":[-138.44700622558595,990.2281494140625,-304.0874938964844,0.7838295102119446,0,-0.6209760904312134,0,1,0,0.6209760904312134,0,0.7838295102119446]},{"p":[-138.44700622558595,990.2281494140625,-304.0874938964844,0.7838295102119446,0,-0.6209760904312134,0,1,0,0.6209760904312134,0,0.7838295102119446]},{"p":[-138.44700622558595,990.2281494140625,-304.0874938964844,0.7838295102119446,0,-0.6209760904312134,0,1,0,0.6209760904312134,0,0.7838295102119446]},{"p":[-138.44700622558595,990.2281494140625,-304.0874938964844,0.7838295102119446,0,-0.6209760904312134,0,1,0,0.6209760904312134,0,0.7838295102119446]},{"p":[-138.44700622558595,990.2281494140625,-304.0874938964844,0.7838295102119446,0,-0.6209760904312134,0,1,0,0.6209760904312134,0,0.7838295102119446]},{"p":[-138.44700622558595,990.2281494140625,-304.0874938964844,0.7838295102119446,0,-0.6209760904312134,0,1,0,0.6209760904312134,0,0.7838295102119446]},{"p":[-138.44700622558595,990.2281494140625,-304.0874938964844,0.7838295102119446,0,-0.6209760904312134,0,1,0,0.6209760904312134,0,0.7838295102119446]},{"p":[-138.44700622558595,990.2281494140625,-304.0874938964844,0.7838295102119446,0,-0.6209760904312134,0,1,0,0.6209760904312134,0,0.7838295102119446]},{"p":[-138.44700622558595,990.2281494140625,-304.0874938964844,0.7838295102119446,0,-0.6209760904312134,0,1,0,0.6209760904312134,0,0.7838295102119446]},{"p":[-138.3809356689453,990.2281494140625,-303.980712890625,0.6210094094276428,0,-0.7838031053543091,0,1,0,0.7838031053543091,0,0.62100940942