{"dt":[{"p":[-111.25936126708985,1018.7186889648438,-306.2253723144531,0.6981320381164551,-1.731748411337719e-9,0.7159690260887146,-1.0416219886622003e-8,1,1.2575466890041298e-8,-0.7159690260887146,-1.623702772235447e-8,0.6981320381164551]},{"p":[-111.25936126708985,1018.7186889648438,-306.2253723144531,0.6981320381164551,-3.487775179777941e-9,0.7159690260887146,-2.0664362665456794e-8,1,2.502095419743e-8,-0.7159690260887146,-3.2262974514196688e-8,0.6981320381164551]},{"p":[-111.25936126708985,1018.7186889648438,-306.2253723144531,0.6981320381164551,-6.997578072542865e-9,0.7159690260887146,-4.114750851158533e-8,1,4.9895973575075916e-8,-0.7159690260887146,-6.429431920196294e-8,0.6981320381164551]},{"p":[-111.25936126708985,1018.7186889648438,-306.2253723144531,0.6981320381164551,-1.0504383141096696e-8,0.7159690260887146,-6.161314303199106e-8,1,7.474972818499737e-8,-0.7159690260887146,-9.629828667812035e-8,0.6981320381164551]},{"p":[-111.25936126708985,1018.7186889648438,-306.2253723144531,0.6981320381164551,-1.4008190163394829e-8,0.7159690260887146,-8.206129109566973e-8,1,9.95822517779743e-8,-0.7159690260887146,-1.2827490536437836e-7,0.6981320381164551]},{"p":[-111.25936126708985,1018.7186889648438,-306.2253723144531,0.6981320381164551,-9.24162524285066e-9,0.7159690260887146,-5.409315662063818e-8,1,6.565338139807864e-8,-0.7159690260887146,-8.456375866217059e-8,0.6981320381164551]},{"p":[-111.25936126708985,1018.7186889648438,-306.2253723144531,0.6981320381164551,-4.4791312880931859e-9,0.7159690260887146,-2.6148921250523928e-8,1,3.1753511819943017e-8,-0.7159690260887146,-4.0889961638868047e-8,0.6981320381164551]},{"p":[-111.25936126708985,1018.7186889648438,-306.2253723144531,0.6981320381164551,2.792920339445004e-10,0.7159690260887146,1.7714306688176862e-9,1,-2.1173884867664585e-9,-0.7159690260887146,2.74650613363292e-9,0.6981320381164551]},{"p":[-111.25936126708985,1018.7186889648438,-306.2253723144531,0.6981320381164551,5.033650385399824e-9,0.7159690260887146,2.966791790015577e-8,1,-3.5959342170599487e-8,-0.7159690260887146,4.6345679294290679e-8,0.6981320381164551]},{"p":[-111.25936126708985,1018.7186889648438,-306.2253723144531,0.6981320381164551,9.783946097741137e-9,0.7159690260887146,5.754056076057168e-8,1,-6.977236921557051e-8,-0.7159690260887146,8.990758715299308e-8,0.6981320381164551]},{"p":[-111.25936126708985,1018.7186889648438,-306.2253723144531,0.6981320381164551,1.058620568983315e-8,0.7159690260887146,6.22156193230694e-8,1,-7.545148150711612e-8,-0.7159690260887146,9.721955507302482e-8,0.6981320381164551]},{"p":[-111.25936126708985,1018.7186889648438,-306.2253723144531,0.6981320381164551,7.445491334578946e-9,0.7159690260887146,4.372282447206999e-8,1,-5.303273553636245e-8,-0.7159690260887146,6.832804189116359e-8,0.6981320381164551]},{"p":[-111.25936126708985,1018.7186889648438,-306.2253723144531,0.6981320381164551,4.307459278152237e-9,0.7159690260887146,2.5245835644227556e-8,1,-3.063314935047856e-8,-0.7159690260887146,3.946122006937003e-8,0.6981320381164551]},{"p":[-111.25936126708985,1018.7186889648438,-306.2253723144531,0.6981320381164551,1.1721075221515776e-9,0.7159690260887146,6.7846386286873898e-9,1,-8.252705185896048e-9,-0.7159690260887146,1.0619069179540475e-8,0.6981320381164551]},{"p":[-111.25936126708985,1018.7186889648438,-306.2253723144531,0.6981320381164551,-3.5258977959529149e-9,0.7159690260887146,-2.0877577000533166e-8,1,2.528210352181759e-8,-0.7159690260887146,-3.259794567611607e-8,0.6981320381164551]},{"p":[-111.25936126708985,1018.7186889648438,-306.2253723144531,0.6981320381164551,-5.090561305820529e-9,0.7159690260887146,-3.009043325619132e-8,1,3.645082102821107e-8,-0.7159690260887146,-4.6991303292998057e-8,0.6981320381164551]},{"p":[-111.25936126708985,1018.7186889648438,-306.2253723144531,0.6981320381164551,-8.217885039130124e-9,0.7159690260887146,-4.850433299452561e-8,1,5.87739314994451e-8,-0.7159690260887146,-7.575956573191434e-8,0.6981320381164551]},{"p":[-111.16504669189453,1018.7186889648438,-306.1651306152344,0.8640037775039673,-9.668533529350043e-9,0.503485381603241,-4.483089810491947e-8,1,9.613506080086154e-8,-0.503485381603241,-1.05632750546647e-7,0.8640037775039673]},{"p":[-110.96170806884766,1018.7186889648438,-306.0330505371094,0.9848549962043762,-6.319300194235211e-9,0.17338010668754579,-1.1311030334582029e-8,1,1.0069796729794689e-7,-0.17338010668754579,-1.0113400605860079e-7,0.9848549962043762]},{"p":[-110.68476104736328,1018.7186889648438,-305.84844970703127,0.9738811254501343,-1.20984866569529e-8,-0.22705858945846559,2.2962050039154748e-8,1,4.52034001341417e-8,0.22705858945846559,-4.923646912402546e-8,0.9738811254501343]},{"p":[-110.46275329589844,1018.7186889648438,-305.7007141113281,0.8757969737052918,-2.6763151694808586e-8,-0.48267966508865359,2.814503297088322e-8,1,-4.3793355608556798e-9,0.48267966508865359,-9.749626883603924e-9,0.8757969737052918]},{"p":[-110.29680633544922,1018.7186889648438,-305.5890808105469,0.7766062021255493,-4.232506967127847e-8,-0.6299864053726196,2.181983838056567e-8,1,-4.028602873518139e-8,0.6299864053726196,1.7540177310593209e-8,0.7766062021255493]},{"p":[-110.07516479492188,1018.7186889648438,-305.4407958984375,0.6304700970649719,-6.756164339094539e-8,-0.7762135863304138,3.5605172143959864e-9,1,-8.414802721290471e-8,0.7762135863304138,5.0289092001776228e-8,0.6304700970649719]},{"p":[-109.8536376953125,1018.7186889648438,-305.2923889160156,0.4819755256175995,-8.243303994959206e-8,-0.8761847019195557,-1.9300257392274035e-8,1,-1.0469857869566113e-7,0.8761847019195557,6.737273849921621e-8,0.4819755256175995]},{"p":[-109.6319580078125,1018.7186889648438,-305.1441650390625,0.3417816162109375,-5.516756118595367e-8,-0.9397794008255005,-2.8900913662255335e-8,1,-6.921343498333954e-8,0.9397794008255005,5.0816360896988047e-8,0.3417816162109375]},{"p":[-109.41073608398438,1018.7186889648438,-304.9952697753906,0.2144434005022049,-2.672537213754822e-8,-0.9767364263534546,-3.070111986858137e-8,1,-3.410236715239989e-8,0.9767364263534546,3.7299926702871747e-8,0.2144434005022049]},{"p":[-109.18930053710938,1018.7186889648438,-304.8466796875,0.10203500092029572,2.3733377485513076e-9,-0.9947808384895325,-2.656036990345001e-8,1,-3.385163538371927e-10,0.9947808384895325,2.645628605080219e-8,0.10203500092029572]},{"p":[-108.91283416748047,1018.7186889648438,-304.66046142578127,-0.019226305186748506,3.914028212648191e-8,-0.9998151659965515,-1.5340406278596676e-8,1,3.9442511479137468e-8,0.9998151659965515,1.6095905053248317e-8,-0.019226305186748506]},{"p":[-108.7470703125,1018.7186889648438,-304.548583984375,-0.08140592277050019,6.123984519490478e-8,-0.9966810345649719,-6.323825463283583e-9,1,6.196028579097401e-8,0.9966810345649719,1.1346770634190762e-8,-0.08140592277050019]},{"p":[-108.526123046875,1018.7186889648438,-304.3992919921875,-0.15284690260887147,9.062672035042852e-8,-0.9882498979568481,7.504456611684418e-9,1,9.054357974491723e-8,0.9882498979568481,6.42302744324752e-9,-0.15284690260887147]},{"p":[-108.30517578125,1018.7186889648438,-304.25,-0.21392442286014558,1.198474279817674e-7,-0.9768502116203308,2.2830391799288919e-8,1,1.1768790386668116e-7,0.9768502116203308,2.8744437940986247e-9,-0.21392442286014558]},{"p":[-108.084228515625,1018.7186889648438,-304.1007080078125,-0.26578834652900698,7.875093643860964e-8,-0.9640313982963562,2.1914418724122698e-8,1,7.564726445252745e-8,0.9640313982963562,-1.0200257305470473e-9,-0.26578834652900698]},{"p":[-107.86329650878906,1018.7186889648438,-303.95135498046877,-0.30808281898498537,3.80400386745805e-8,-0.9513595700263977,1.7747801450695989e-8,1,3.423757988230136e-8,0.9513595700263977,-6.336530855577394e-9,-0.30808281898498537]},{"p":[-107.64236450195313,1018.7186889648438,-303.802001953125,-0.34406572580337527,-2.2936286203645297e-9,-0.9389455914497376,1.1260955723457755e-8,1,-6.569217170238062e-9,0.9389455914497376,-1.2833666573897063e-8,-0.34406572580337527]},{"p":[-107.42156219482422,1018.7186889648438,-303.6524658203125,-0.37487825751304629,-4.2261884658501e-8,-0.9270740747451782,3.0054243538302218e-9,1,-4.680160259340482e-8,0.9270740747451782,-2.0331155425878934e-8,-0.37487825751304629]},{"p":[-107.20076751708985,1018.7186889648438,-303.5029296875,-0.40120401978492739,-8.1883740676858e-8,-0.9159887433052063,-6.581915013015305e-9,1,-8.651094418610228e-8,0.9159887433052063,-2.8679579600066064e-8,-0.40120401978492739]},{"p":[-106.97997283935547,1018.7186889648438,-303.3533935546875,-0.4237038791179657,-1.2118320569243225e-7,-0.9058007597923279,-1.7151243980606524e-8,1,-1.2576292363064568e-7,0.9058007597923279,-3.775063106559173e-8,-0.4237038791179657]},{"p":[-106.7591781616211,1018.7186889648438,-303.203857421875,-0.4429504871368408,-8.5226083967882e-8,-0.8965460658073425,-1.567631890964094e-8,1,-8.731537093353836e-8,0.8965460658073425,-2.4621842342753554e-8,-0.4429504871368408]},{"p":[-106.53838348388672,1018.7186889648438,-303.0543212890625,-0.45942896604537966,-4.954006271873368e-8,-0.8882145285606384,-1.2993775833081145e-8,1,-4.905384898279408e-8,0.8882145285606384,-1.0995489851950424e-8,-0.45942896604537966]},{"p":[-106.31758880615235,1018.7186889648438,-302.90478515625,-0.47355106472969057,-1.4098784362204242e-8,-0.8807663917541504,-9.366885045380969e-9,1,-1.0971221264810538e-8,0.8807663917541504,3.05461056449019e-9,-0.47355106472969057]},{"p":[-106.09679412841797,1018.7186889648438,-302.7552490234375,-0.48566463589668276,2.1121641324839403e-8,-0.8741452097892761,-5.009269887779055e-9,1,2.6945716768977946e-8,0.8741452097892761,1.746541400393653e-8,-0.48566463589668276]},{"p":[-105.8759994506836,1018.7186889648438,-302.605712890625,-0.496064156293869,5.6143296234267839e-8,-0.8682858943939209,-9.358198244102667e-11,1,6.471339020208689e-8,0.8682858943939209,3.21832516192444e-8,-0.496064156293869]},{"p":[-105.65520477294922,1018.7186889648438,-302.4561767578125,-0.5049991607666016,9.098633313442406e-8,-0.8631198406219482,5.241231448849248e-9,1,1.023490767693147e-7,0.8631198406219482,4.716238422020069e-8,-0.5049991607666016]},{"p":[-105.43441009521485,1018.7186889648438,-302.306640625,-0.5126814842224121,9.213755447490257e-8,-0.8585788607597351,7.879859431625391e-9,1,1.0260873750667088e-7,0.8585788607597351,4.584011747965633e-8,-0.5126814842224121]},{"p":[-105.21361541748047,1018.7186889648438,-302.1571044921875,-0.5192911028862,5.982600725928933e-8,-0.8545973896980286,7.21451653973304e-9,1,6.56210445981742e-8,0.8545973896980286,2.7910918021234467e-8,-0.5192911028862]},{"p":[-104.9928207397461,1018.7186889648438,-302.007568359375,-0.5249812006950378,2.76433045343083e-8,-0.8511138558387756,6.147626407937423e-9,1,2.8687017206152633e-8,0.8511138558387756,9.827813229890126e-9,-0.5249812006950378]},{"p":[-104.77202606201172,1018.7186889648438,-301.8580322265625,-0.5298822522163391,-4.423533983555217e-9,-0.8480712175369263,4.767496619706435e-9,1,-8.19476664304375e-9,0.8480712175369263,-8.385438121649713e-9,-0.5298822522163391]},{"p":[-104.55123138427735,1018.7186889648438,-301.70849609375,-0.5341057181358337,-3.638595202914985e-8,-0.8454176783561707,3.145861793285576e-9,1,-4.502647144022376e-8,0.8454176783561707,-2.670846477315081e-8,-0.5341057181358337]},{"p":[-104.22003936767578,1018.7186889648438,-301.48419189453127,-0.5395369529724121,-8.415504026970666e-8,-0.8419619202613831,3.658440772547067e-10,1,-1.0018556650948085e-7,0.8419619202613831,-5.4361844803452189e-8,-0.5395369529724121]},{"p":[-104.1096420288086,1018.7186889648438,-301.409423828125,-0.541022777557373,-1.0003462591612333e-7,-0.8410079479217529,-6.166784305428052e-10,1,-1.1854940851208085e-7,0.8410079479217529,-6.361929649756348e-8,-0.541022777557373]},{"p":[-103.88884735107422,1018.7186889648438,-301.2598876953125,-0.5437026023864746,-6.994064705168057e-8,-0.839277982711792,-1.5456236290845027e-9,1,-8.233301684867911e-8,0.839277982711792,-4.3467466070978847e-8,-0.5437026023864746]},{"p":[-103.66805267333985,1018.7186889648438,-301.1103515625,-0.5460253953933716,-3.9916116634231e-8,-0.8377686142921448,-2.303905066725065e-9,1,-4.6144155163574399e-8,0.8377686142921448,-2.326574133348913e-8,-0.5460253953933716]},{"p":[-103.44725799560547,1018.7186889648438,-300.9608154296875,-0.5480309128761292,-9.955281932150229e-9,-0.8364580869674683,-2.9269719981073196e-9,1,-9.984015392205947e-9,0.8364580869674683,-3.023260086720825e-9,-0.5480309128761292]},{"p":[-103.2264633178711,1018.7186889648438,-300.811279296875,-0.5497624278068543,1.9946970297723966e-8,-0.8353210687637329,-3.4448446317725258e-9,1,2.6146613762989547e-8,0.8353210687637329,1.7251975847898394e-8,-0.5497624278068543]},{"p":[-103.00566864013672,1018.7186889648438,-300.6617431640625,-0.5512576699256897,4.9795094270166376e-8,-0.8343350291252136,-3.881917898240772e-9,1,6.224721715852866e-8,0.8343350291252136,3.7553075316054677e-8,-0.5512576699256897]},{"p":[-102.91280364990235,1018.7186889648438,-300.5988464355469,-0.5514009594917297,7.95990402480129e-8,-0.8342403769493103,-4.382174179085041e-9,1,9.831144609506737e-8,0.8342403769493103,5.7864809832608446e-8,-0.5514009594917297]},{"p":[-102.90877532958985,1018.7186889648438,-300.59613037109377,-0.5514049530029297,8.020481345738517e-8,-0.8342377543449402,-3.660192149368413e-9,1,9.856070448677201e-8,0.8342377543449402,5.7400328046242069e-8,-0.5514049530029297]},{"p":[-102.90869903564453,1018.7186889648438,-300.5960693359375,-0.5514050126075745,5.165108163396326e-8,-0.8342376947402954,-1.7057087964289508e-9,1,6.304152577740752e-8,0.8342376947402954,3.6184381713155747e-8,-0.5514050126075745]},{"p":[-102.90869903564453,1018.7186889648438,-300.5960693359375,-0.5514050126075745,2.312174451901683e-8,-0.8342376947402954,2.4709109758269678e-10,1,2.755269612464417e-8,0.8342376947402954,1.4986561325258664e-8,-0.5514050126075745]},{"p":[-102.90869903564453,1018.7186889648438,-300.5960693359375,-0.5514050126075745,-5.383220536003819e-9,-0.8342376947402954,2.1982218267879718e-9,1,-7.905818222297967e-9,0.8342376947402954,-6.193146884214684e-9,-0.5514050126075745]},{"p":[-102.90869903564453,1018.7186889648438,-300.5960693359375,-0.5514050126075745,-3.386383440329155e-8,-0.8342376947402954,4.147683974053962e-9,1,-4.3334036803344136e-8,0.8342376947402954,-2.735476023474348e-8,-0.5514050126075745]},{"p":[-102.90869903564453,1018.7186889648438,-300.5960693359375,-0.5514050126075745,-6.232011173779029e-8,-0.8342376947402954,6.0954796765599898e-9,1,-7.873198626384692e-8,0.8342376947402954,-4.849829338127165e-8,-0.5514050126075745]},{"p":[-102.90869903564453,1018.7186889648438,-300.5960693359375,-0.5514050126075745,-9.075208140529867e-8,-0.8342376947402954,8.04161004452908e-9,1,-1.1409969857822944e-7,0.8342376947402954,-6.962375920238628e-8,-0.5514050126075745]},{"p":[-102.90869903564453,1018.7186889648438,-300.5960693359375,-0.5514050126075745,-6.321199208514372e-8,-0.8342376947402954,5.267251523832783e-9,1,-7.925365252958727e-8,0.8342376947402954,-4.8094999982595257e-8,-0.5514050126075745]},{"p":[-102.90869903564453,1018.7186889648438,-300.5960693359375,-0.5514050126075745,-3.569543238768347e-8,-0.8342376947402954,2.495265549740111e-9,1,-4.4437374668859778e-8,0.8342376947402954,-2.6584634937876218e-8,-0.5514050126075745]},{"p":[-102.90869903564453,1018.7186889648438,-300.5960693359375,-0.5514050126075745,-8.20237566756532e-9,-0.8342376947402954,-2.7435007043941086e-10,1,-9.650843679764876e-9,0.8342376947402954,-5.092650301463664e-9,-0.5514050126075745]},{"p":[-102.90869903564453,1018.7186889648438,-300.5960693359375,-0.5514050126075745,1.9267194062422278e-8,-0.8342376947402954,-3.0415951979279045e-9,1,2.5105968859406859e-8,0.8342376947402954,1.638096946976475e-8,-0.5514050126075745]},{"p":[-102.90869903564453,1018.7186889648438,-300.5960693359375,-0.5514050126075745,6.042755273938383e-8,-0.8342376947402954,-7.1880248420086449e-9,1,7.718551842117449e-8,0.8342376947402954,4.855700197481383e-8,-0.5514050126075745]},{"p":[-102.90869903564453,1018.7186889648438,-300.5960693359375,-0.5514050126075745,7.413595426442044e-8,-0.8342376947402954,-8.568987297508102e-9,1,9.453053451125015e-8,0.8342376947402954,5.927318014187222e-8,-0.5514050126075745]},{"p":[-102.90869903564453,1018.7186889648438,-300.5960693359375,-0.5514050126075745,1.0153517848721094e-7,-0.8342376947402954,-1.1329137628024455e-8,1,1.291983409146269e-7,0.8342376947402954,8.069180523762043e-8,-0.5514050126075745]},{"p":[-102.90869903564453,1018.7186889648438,-300.5960693359375,-0.5514050126075745,6.815268704940536e-8,-0.8342376947402954,-7.431316451089742e-9,1,8.660643402436108e-8,0.8342376947402954,5.395470381586165e-8,-0.5514050126075745]},{"p":[-102.90869903564453,1018.7186889648438,-300.5960693359375,-0.5514050126075745,3.479870969158583e-8,-0.8342376947402954,-3.5368246109612757e-9,1,4.4050917580307217e-8,0.8342376947402954,2.7240448119414397e-8,-0.5514050126075745]},{"p":[-102.90869903564453,1018.7186889648438,-300.5960693359375,-0.5514050126075745,1.4732313147192145e-9,-0.8342376947402954,3.5433572742604726e-10,1,1.5317562773731198e-9,0.8342376947402954,5.490178867084694e-10,-0.5514050126075745]},{"p":[-102.90869903564453,1018.7186889648438,-300.5960693359375,-0.5514050126075745,-3.182377739108233e-8,-0.8342376947402954,4.242168838430871e-9,1,-4.095107897228445e-8,0.8342376947402954,-2.6119606033603305e-8,-0.5514050126075745]},{"p":[-102.77434539794922,1018.7186889648438,-300.5431213378906,-0.5302858948707581,-6.521575102169663e-8,-0.847818911075592,9.979968851325794e-9,1,-8.316397526186847e-8,0.847818911075592,-5.2561887287083667e-8,-0.5302858948707581]},{"p":[-102.53776550292969,1018.7186889648438,-300.4349060058594,-0.5150633454322815,-9.897286190607702e-8,-0.8571521043777466,1.6207323483286019e-8,1,-1.2520607128863049e-7,0.8571521043777466,-7.838119131520216e-8,-0.5150633454322815]},{"p":[-102.298095703125,1018.7186889648438,-300.31829833984377,-0.5046887397766113,-7.055380990550475e-8,-0.8633013963699341,1.214620226619445e-8,1,-8.882629742856807e-8,0.8633013963699341,-5.5315464209115819e-8,-0.5046887397766113]},{"p":[-102.05851745605469,1018.7186889648438,-300.201171875,-0.4959634244441986,-4.200172298851612e-8,-0.8683434128761292,7.408848645695798e-9,1,-5.260158886244426e-8,0.8683434128761292,-3.252188918168031e-8,-0.4959634244441986]},{"p":[-101.8237075805664,1018.7186889648438,-300.0748291015625,-0.4928421378135681,-1.3361582951176843e-8,-0.8701187372207642,2.051568248617741e-9,1,-1.65180704669865e-8,0.8701187372207642,-9.925908983632326e-9,-0.4928421378135681]},{"p":[-101.59031677246094,1018.7186889648438,-299.9458312988281,-0.49156656861305239,1.5292840771508055e-8,-0.8708400130271912,-3.4451408392754958e-9,1,1.9505714377032747e-8,0.8708400130271912,1.258852311281089e-8,-0.49156656861305239]},{"p":[-101.35848236083985,1018.7186889648438,-299.8140563964844,-0.4918697774410248,4.3935376226045267e-8,-0.8706687688827515,-8.919238680960007e-9,1,5.550041848323417e-8,0.8706687688827515,3.506468004843555e-8,-0.4918697774410248]},{"p":[-101.12773132324219,1018.7186889648438,-299.6803894042969,-0.49310359358787539,7.254443090687346e-8,-0.8699706196784973,-1.4284356808502708e-8,1,9.148366331146463e-8,0.8699706196784973,5.75378926725989e-8,-0.49310359358787539]},{"p":[-100.89686584472656,1018.7186889648438,-299.54693603515627,-0.49410614371299746,1.0111075710028672e-7,-0.8694015741348267,-1.9611928081531006e-8,1,1.2744527566610487e-7,0.8694015741348267,8.002213292002125e-8,-0.49410614371299746]},{"p":[-100.66683959960938,1018.7186889648438,-299.4120178222656,-0.4956822991371155,6.862538981522448e-8,-0.8685039281845093,-1.3068735427168577e-8,1,8.647436544606535e-8,0.8685039281845093,5.421405901984144e-8,-0.4956822991371155]},{"p":[-100.4368896484375,1018.7186889648438,-299.2769775390625,-0.49713557958602908,3.619526722786759e-8,-0.867672860622406,-6.632922655569473e-9,1,4.5515687219221948e-8,0.867672860622406,2.8382675765215027e-8,-0.49713557958602908]},{"p":[-100.20769500732422,1018.7186889648438,-299.1406555175781,-0.49902331829071047,3.820668226239832e-9,-0.8665885329246521,-2.8313607014496258e-10,1,4.571903744476913e-9,0.8665885329246521,2.5268491743446477e-9,-0.49902331829071047]},{"p":[-99.97869873046875,1018.7186889648438,-299.0040283203125,-0.5008354783058167,-2.8492854298178828e-8,-0.865542471408844,5.9502696103663769e-9,1,-3.6362120425792457e-8,0.865542471408844,-2.336165216831887e-8,-0.5008354783058167]},{"p":[-99.74999237060547,1018.7186889648438,-298.8669128417969,-0.5026471018791199,-6.074640879205617e-8,-0.8644917011260986,1.2068947619070514e-8,1,-7.728567652520724e-8,0.8644917011260986,-4.928092778300197e-8,-0.5026471018791199]},{"p":[-99.52130889892578,1018.7186889648438,-298.7297668457031,-0.5042399168014526,-9.294095804079916e-8,-0.863563597202301,1.810042959959901e-8,1,-1.1819386003253385e-7,0.863563597202301,-7.522893241684869e-8,-0.5042399168014526]},{"p":[-99.29324340820313,1018.7186889648438,-298.5915832519531,-0.5061203241348267,-6.653588258132004e-8,-0.8624628782272339,1.2704433949295435e-8,1,-8.46017300659696e-8,0.8624628782272339,-5.3775757180574149e-8,-0.5061203241348267]},{"p":[-99.06549072265625,1018.7186889648438,-298.452880859375,-0.508016049861908,-4.0181515004178439e-8,-0.8613476157188416,7.404793223031447e-9,1,-5.1016879609733226e-8,0.8613476157188416,-3.2295492502498749e-8,-0.508016049861908]},{"p":[-98.8380126953125,1018.7186889648438,-298.313720703125,-0.5098876953125,-1.3877900606473759e-8,-0.8602409362792969,2.2043480374378534e-9,1,-1.7439148791709159e-8,0.8602409362792969,-1.0788277826634385e-8,-0.5098876953125]},{"p":[-98.61080932617188,1018.7186889648438,-298.1741027832031,-0.5117319226264954,1.2375260816099854e-8,-0.8591451644897461,-2.898886020119562e-9,1,1.613081579421305e-8,0.8591451644897461,1.0745218048668903e-8,-0.5117319226264954]},{"p":[-98.27002716064453,1018.7186889648438,-297.9646301269531,-0.5141467452049255,5.166356942254424e-8,-0.8577022552490234,-1.0394943572578086e-8,1,6.646606465210425e-8,0.8577022552490234,4.308907719519084e-8,-0.5141467452049255]},{"p":[-98.15630340576172,1018.7186889648438,-297.89501953125,-0.5147047638893127,6.473651836813588e-8,-0.8573675155639648,-1.287460626997472e-8,1,8.323517874941899e-8,0.8573675155639648,5.3879812611512537e-8,-0.5147047638893127]},{"p":[-97.92900085449219,1018.7186889648438,-297.7555847167969,-0.515812873840332,9.085299268463132e-8,-0.8567012548446655,-1.7789895778719257e-8,1,1.167609511298906e-7,0.8567012548446655,7.546742608610657e-8,-0.515812873840332]},{"p":[-97.70199584960938,1018.7186889648438,-297.61566162109377,-0.5170133709907532,6.192021118067714e-8,-0.8559772968292236,-1.1948896982971747e-8,1,7.955578951168718e-8,0.8559772968292236,5.135938963007902e-8,-0.5170133709907532]},{"p":[-97.48075866699219,1018.6206665039063,-297.47869873046877,-0.5182780623435974,3.303282625211068e-8,-0.8552121520042419,-6.1753278046694508e-9,1,4.236768802456936e-8,0.8552121520042419,2.723945868865485e-8,-0.5182780623435974]},{"p":[-97.27726745605469,1018.6116943359375,-297.35296630859377,-0.5192699432373047,4.190350288979516e-9,-0.8546102643013,-4.809371234593129e-10,1,5.195451624473435e-9,0.8546102643013,3.10885583942877e-9,-0.5192699432373047]},{"p":[-97.07110595703125,1018.6115112304688,-297.2254943847656,-0.5201655626296997,-2.461115578000772e-8,-0.854065477848053,5.1561142022649168e-9,1,-3.195678743850294e-8,0.854065477848053,-2.1026478336239053e-8,-0.5201655626296997]},{"p":[-96.89751434326172,1018.6115112304688,-297.11785888671877,-0.5210794806480408,-5.337273378813734e-8,-0.8535081744194031,1.0737307931663054e-8,1,-6.908864946808535e-8,0.8535081744194031,-4.516505924812009e-8,-0.5210794806480408]},{"p":[-96.69915771484375,1018.6115112304688,-296.9946594238281,-0.5219623446464539,-8.209427448946372e-8,-0.8529685139656067,1.6266548996668463e-8,1,-1.0619946522183455e-7,0.8529685139656067,-6.930697793450236e-8,-0.5219623446464539]},{"p":[-96.4873275756836,1018.4992065429688,-296.8627624511719,-0.5228462219238281,-8.136307627637507e-8,-0.8524270057678223,1.596578513840541e-8,1,-1.0524153282176485e-7,0.8524270057678223,-6.86348045064733e-8,-0.5228462219238281]},{"p":[-96.27720642089844,1018.3300170898438,-296.731689453125,-0.5237083435058594,-5.124003266132604e-8,-0.851897656917572,9.919916443834609e-9,1,-6.624642878705345e-8,0.851897656917572,-4.3144559924712669e-8,-0.5237083435058594]},{"p":[-96.05451202392578,1018.1131591796875,-296.5926513671875,-0.5245227813720703,-2.1154706431047999e-8,-0.851396381855011,3.930967107379502e-9,1,-2.726883430170801e-8,0.851396381855011,-1.764993662334291e-8,-0.5245227813720703]},{"p":[-95.83084869384766,1017.9308471679688,-296.4530029296875,-0.5252439379692078,8.890986613607766e-9,-0.8509516716003418,-2.0052108862245179e-9,1,1.1685988177134732e-8,0.8509516716003418,7.844332294837386e-9,-0.5252439379692078]},{"p":[-95.60824584960938,1017.8804321289063,-296.3135986328125,-0.5259884595870972,3.8897891130318388e-8,-0.8504917025566101,-7.892948516996512e-9,1,5.061718155729977e-8,0.8504917025566101,3.333694209572968e-8,-0.5259884595870972]},{"p":[-95.404052734375,1017.7989501953125,-296.1853332519531,-0.5267921686172485,6.886512693426994e-8,-0.8499941229820252,-1.3726936920477329e-8,1,8.952576280307767e-8,0.8499941229820252,5.882928633127449e-8,-0.5267921686172485]},{"p":[-95.20635986328125,1017.6629638671875,-296.06072998046877,-0.5276491045951843,7.218643816031545e-8,-0.8494624495506287,-1.4247434343417354e-8,1,9.382885224340498e-8,0.8494624495506287,6.161136667515166e-8,-0.5276491045951843]},{"p":[-94.9931869506836,1017.4724731445313,-295.9252014160156,-0.5287820100784302,4.891797900086203e-8,-0.8487576842308044,-9.508111631362226e-9,1,6.355841719596356e-8,0.8487576842308044,4.1678632101138649e-8,-0.5287820100784302]},{"p":[-94.81362915039063,1017.2274780273438,-295.81011962890627,-0.5302082300186157,2.5687620919256916e-8,-0.8478674292564392,-4.808777820386467e-9,1,3.3303880542234768e-8,0.8478674292564392,2.1735196753525089e-8,-0.5302082300186157]},{"p":[-94.62541961669922,1016.967041015625,-295.68804931640627,-0.5320155024528503,2.5000470582625668e-9,-0.8467346429824829,-1.7206994162854984e-10,1,3.060688591460803e-9,0.8467346429824829,1.7740312552305682e-9,-0.5320155024528503]},{"p":[-94.45861053466797,1016.8085327148438,-295.5792541503906,-0.5339524149894714,-2.0640669617932873e-8,-0.8455145359039307,4.37646097140032e-9,1,-2.71757514269666e-8,0.8455145359039307,-1.8210918995009707e-8,-0.5339524149894714]},{"p":[-94.24673461914063,1016.8018798828125,-295.4381103515625,-0.5365423560142517,-4.372969542032479e-8,-0.8438733816146851,8.795684180995523e-9,1,-5.741258846114761e-8,0.8438733816146851,-3.822673022568779e-8,-0.5365423560142517]},{"p":[-94.07805633544922,1016.762451171875,-295.3238525390625,-0.5397927165031433,-6.675663399846599e-8,-0.841797947883606,1.303253238660318e-8,1,-8.765939440991133e-8,0.841797947883606,-5.828866278534406e-8,-0.5397927165031433]},{"p":[-93.88036346435547,1016.6669921875,-295.18670654296877,-0.5437521934509277,-8.971148446335065e-8,-0.8392457962036133,1.7025309162477244e-8,1,-1.1792615595140887e-7,0.8392457962036133,-7.841102700467673e-8,-0.5437521934509277]},{"p":[-93.68523406982422,1016.51708984375,-295.0476379394531,-0.5486021637916565,-5.9521362061332186e-8,-0.8360835313796997,1.0815280226950108e-8,1,-7.828721493297053e-8,0.8360835313796997,-5.1991015936891929e-8,-0.5486021637916565]},{"p":[-93.47435760498047,1016.38232421875,-294.8914794921875,-0.5547089576721191,-2.946372923418039e-8,-0.8320444226264954,4.822412247307284e-9,1,-3.8626261300578338e-8,0.8320444226264954,-2.5438795958621087e-8,-0.5547089576721191]},{"p":[-93.27064514160156,1016.4745483398438,-294.7327880859375,-0.5626210570335388,4.2964520829968935e-10,-0.8267149329185486,-8.236578641351855e-10,1,1.0802424510458764e-9,0.8267149329185486,1.2886974820602859e-9,-0.5626210570335388]},{"p":[-93.06543731689453,1016.5536499023438,-294.5649719238281,-0.5721011757850647,3.0120887117845999e-8,-0.8201830387115479,-5.930484103799927e-9,1,4.086127347591173e-8,0.8201830387115479,2.8240863869655187e-8,-0.5721011757850647]},{"p":[-92.9008560180664,1016.6453857421875,-294.4237365722656,-0.5829861164093018,5.957556581392964e-8,-0.8124821186065674,-1.0327917188135416e-8,1,8.073605073377621e-8,0.8124821186065674,5.545924608441055e-8,-0.5829861164093018]},{"p":[-92.71379852294922,1016.6897583007813,-294.2541198730469,-0.5951527953147888,7.583819439105355e-8,-0.8036125898361206,-1.179433883891079e-8,1,1.0310643006050668e-7,0.8036125898361206,7.084215525310356e-8,-0.5951527953147888]},{"p":[-92.57439422607422,1016.717529296875,-294.1220703125,-0.6081809401512146,5.337663466775666e-8,-0.7937984466552734,-7.038688298877105e-9,1,7.263484746999893e-8,0.7937984466552734,4.976243062060348e-8,-0.6081809401512146]},{"p":[-92.40121459960938,1016.7693481445313,-293.9480895996094,-0.6221644878387451,3.116908686706665e-8,-0.7828865647315979,-2.845559121666952e-9,1,4.207441151038438e-8,0.7828865647315979,2.8404954832694785e-8,-0.6221644878387451]},{"p":[-92.25702667236328,1016.8200073242188,-293.79547119140627,-0.6370477080345154,9.24094489818117e-9,-0.7708243727684021,6.847399314224845e-10,1,1.1422488732648617e-8,0.7708243727684021,6.748855696514511e-9,-0.6370477080345154]},{"p":[-92.08672332763672,1016.8897705078125,-293.6056213378906,-0.652328610420227,-1.2385384273727596e-8,-0.7579362988471985,3.4569891393942955e-9,1,-1.931623749840128e-8,0.7579362988471985,-1.5220711802044208e-8,-0.652328610420227]},{"p":[-91.93975830078125,1017.0074462890625,-293.4349670410156,-0.6675797700881958,-3.369547130205319e-8,-0.7445383071899414,5.431429084268302e-9,1,-5.012688220062955e-8,0.7445383071899414,-3.750760058096603e-8,-0.6675797700881958]},{"p":[-91.77628326416016,1017.1340942382813,-293.2369384765625,-0.6825651526451111,-5.4680690197983498e-8,-0.7308247685432434,6.605584523811103e-9,1,-8.098990633698122e-8,0.7308247685432434,-6.010841246961718e-8,-0.6825651526451111]},{"p":[-91.62296295166016,1017.2705688476563,-293.04217529296877,-0.6975357532501221,-7.533236612289329e-8,-0.7165499925613403,6.9405579061765369e-9,1,-1.118884398465525e-7,0.7165499925613403,-8.301944376398751e-8,-0.6975357532501221]},{"p":[-91.46483612060547,1017.386474609375,-292.831298828125,-0.7124475240707398,-6.016103526462757e-8,-0.701725423336029,3.75302500188468e-9,1,-8.954338426292452e-8,0.701725423336029,-6.642855510108348e-8,-0.7124475240707398]},{"p":[-91.3110122680664,1017.476318359375,-292.6150817871094,-0.7274082899093628,-3.3531197374259139e-8,-0.6862049102783203,4.841736456207002e-10,1,-4.9377945288142658e-8,0.6862049102783203,-3.625016731234609e-8,-0.7274082899093628]},{"p":[-91.16802978515625,1017.5411987304688,-292.40252685546877,-0.7424554824829102,-7.390719591882089e-9,-0.6698954105377197,-1.6934871283069697e-9,1,-9.155727731524621e-9,0.6698954105377197,-5.6632596390215898e-9,-0.7424554824829102]},{"p":[-91.03330993652344,1017.6357421875,-292.1899719238281,-0.7575758099555969,1.8237548360389156e-8,-0.6527472138404846,-2.7206603636642514e-9,1,3.10972687600497e-8,0.6527472138404846,2.5334442099733679e-8,-0.7575758099555969]},{"p":[-90.89691162109375,1017.7036743164063,-291.9637756347656,-0.7723348140716553,4.333574210590996e-8,-0.635215699672699,-2.572122514976627e-9,1,7.134944013387212e-8,0.635215699672699,5.673950909113046e-8,-0.7723348140716553]},{"p":[-90.76373291015625,1017.764404296875,-291.7333679199219,-0.7863984107971191,6.790028805880866e-8,-0.6177196502685547,-1.2938217164304434e-9,1,1.1156800638900677e-7,0.6177196502685547,8.8536118880711e-8,-0.7863984107971191]},{"p":[-90.64108276367188,1017.7772216796875,-291.5146179199219,-0.7994019985198975,4.9259771373044717e-8,-0.6007964611053467,9.198363737361603e-10,1,8.076686697222613e-8,0.6007964611053467,6.401256058552463e-8,-0.7994019985198975]},{"p":[-90.52885437011719,1017.7249145507813,-291.3068542480469,-0.8115417957305908,3.100787537846372e-8,-0.5842943787574768,2.2423616297118089e-9,1,4.995445124222897e-8,0.5842943787574768,3.922992775073908e-8,-0.8115417957305908]},{"p":[-90.42717742919922,1017.562255859375,-291.11297607421877,-0.8254589438438416,8.72176109112388e-9,-0.5644621253013611,2.7306028549389795e-9,1,1.1458269888464656e-8,0.5644621253013611,7.917009270386189e-9,-0.8254589438438416]},{"p":[-90.37218475341797,1017.423583984375,-291.00482177734377,-0.8330740928649902,-4.378729823173444e-9,-0.5531614422798157,2.4558834965660027e-9,1,-1.1614444517249467e-8,0.5531614422798157,-1.1034193114767277e-8,-0.8330740928649902]},{"p":[-90.29981994628906,1017.1909790039063,-290.8616027832031,-0.8427269458770752,-2.15435278505538e-8,-0.538341224193573,1.4812957527254867e-9,1,-4.2337195083064219e-8,0.538341224193573,-3.647614121859988e-8,-0.8427269458770752]},{"p":[-90.22749328613281,1016.9038696289063,-290.7184143066406,-0.8520723581314087,-3.8363960896958818e-8,-0.5234240293502808,-1.7987061839974673e-10,1,-7.300142357280493e-8,0.5234240293502808,-6.21083486862517e-8,-0.8520723581314087]},{"p":[-90.1370849609375,1016.4683837890625,-290.5394287109375,-0.863376259803772,-5.890186827173238e-8,-0.504560649394989,-3.22069571012662e-9,1,-1.1122784826511634e-7,0.504560649394989,-9.440644532787701e-8,-0.863376259803772]},{"p":[-90.03418731689453,1016.0587158203125,-290.31988525390627,-0.8704456090927124,-4.715541024324921e-8,-0.49226462841033938,-3.91568866220382e-9,1,-8.886889446557689e-8,0.49226462841033938,-7.542798385884453e-8,-0.8704456090927124]},{"p":[-89.95211029052735,1015.7156372070313,-290.1402282714844,-0.8749278783798218,-3.1558236912587748e-8,-0.48425325751304629,-3.4620619704384127e-9,1,-5.8913766309842688e-8,0.48425325751304629,-4.9868781104578377e-8,-0.8749278783798218]},{"p":[-89.84893798828125,1015.2105102539063,-289.9136962890625,-0.8801551461219788,-1.1031272784123303e-8,-0.4746861159801483,-2.2694692791702666e-9,1,-1.9031077158615518e-8,0.4746861159801483,-1.5673014885919657e-8,-0.8801551461219788]},{"p":[-89.7458267211914,1014.6509399414063,-289.6826477050781,-0.8849915862083435,9.211272633535828e-9,-0.46560704708099368,-5.269467084900725e-10,1,2.078494354407212e-8,0.46560704708099368,1.8639850551949168e-8,-0.8849915862083435]},{"p":[-89.64803314208985,1014.3801879882813,-289.4610290527344,-0.8893903493881226,2.9184008099036874e-8,-0.45714861154556277,1.700290686024175e-9,1,6.053127066252273e-8,0.45714861154556277,5.3058641924508268e-8,-0.8893903493881226]},{"p":[-89.54975128173828,1014.3797607421875,-289.2367858886719,-0.893288791179657,4.89082481180958e-8,-0.4494832158088684,4.328265745812132e-9,1,1.002080978196318e-7,0.4494832158088684,8.756928338016223e-8,-0.893288791179657]},{"p":[-89.4510269165039,1014.3380126953125,-289.00897216796877,-0.8968222141265869,4.2784758846892149e-8,-0.44239112734794619,4.644021167621304e-9,1,8.729807632334996e-8,0.44239112734794619,7.623638254017351e-8,-0.8968222141265869]},{"p":[-89.35196685791016,1014.2412109375,-288.7799987792969,-0.8999010920524597,2.823252920336472e-8,-0.4360940754413605,3.793175107347224e-9,1,5.691214255421073e-8,0.4360940754413605,4.956111609999425e-8,-0.8999010920524597]},{"p":[-89.24800872802735,1014.0982055664063,-288.5397033691406,-0.9025247693061829,1.3821467526042852e-8,-0.4306379556655884,2.6362652061351356e-9,1,2.6570281974613864e-8,0.4306379556655884,2.2845062730425526e-8,-0.9025247693061829]},{"p":[-89.14688110351563,1013.95068359375,-288.3027038574219,-0.9049870371818543,-4.6154791100150307e-10,-0.42543908953666689,1.2434185903131834e-9,1,-3.729854203271543e-9,0.42543908953666689,-3.904468304227748e-9,-0.9049870371818543]},{"p":[-89.04376220703125,1013.955322265625,-288.0604248046875,-0.9071808457374573,-1.4623541488845149e-8,-0.42074087262153628,-3.564586126270086e-10,1,-3.3988065695211847e-8,0.42074087262153628,-3.0683345642046336e-8,-0.9071808457374573]},{"p":[-88.91816711425781,1014.0330200195313,-287.7608337402344,-0.9098234176635742,-3.216749533407892e-8,-0.41499564051628115,-2.627461359594463e-9,1,-7.175248839530468e-8,0.41499564051628115,-6.419170972549182e-8,-0.9098234176635742]},{"p":[-88.84304809570313,1014.0761108398438,-287.5787353515625,-0.9113903641700745,-4.260958874624521e-8,-0.41154295206069949,-4.134840025926678e-9,1,-9.437929548994362e-8,0.41154295206069949,-8.431471343328667e-8,-0.9113903641700745]},{"p":[-88.71629333496094,1014.1595458984375,-287.2731018066406,-0.9136058688163757,-4.415168319837903e-8,-0.4066009521484375,-5.0084016933737988e-9,1,-9.733370376352468e-8,0.4066009521484375,-8.688822106250882e-8,-0.9136058688163757]},{"p":[-88.64448547363281,1014.2346801757813,-287.1017150878906,-0.9146127104759216,-3.094423917104905e-8,-0.4043309986591339,-3.823874994424159e-9,1,-6.788219053532885e-8,0.4043309986591339,-6.053980428077921e-8,-0.9146127104759216]},{"p":[-88.522705078125,1014.3790283203125,-286.8174133300781,-0.9155441522598267,-9.03029562238089e-9,-0.40221744775772097,-1.5798179431314452e-9,1,-1.8855230266012769e-8,0.40221744775772097,-1.662736615060112e-8,-0.9155441522598267]},{"p":[-88.4254150390625,1014.531005859375,-286.60076904296877,-0.9153228402137756,8.460148137601209e-9,-0.4027208387851715,3.016745742101534e-10,1,2.0321817117974207e-8,0.4027208387851715,1.8479532570836456e-8,-0.9153228402137756]},{"p":[-88.34513854980469,1014.6484985351563,-286.4353942871094,-0.9140943884849548,2.1602934552333865e-8,-0.40550148487091067,1.5910448514233622e-9,1,4.968802969074204e-8,0.40550148487091067,4.477437798300343e-8,-0.9140943884849548]},{"p":[-88.22747802734375,1014.7975463867188,-286.2137451171875,-0.910621702671051,3.925969949136743e-8,-0.4132409691810608,2.7982745010035616e-9,1,8.883806401627226e-8,0.4132409691810608,7.974151117196016e-8,-0.910621702671051]},{"p":[-88.10791015625,1014.9375610351563,-286.0049133300781,-0.9055767059326172,4.887492366378865e-8,-0.42418256402015688,2.6577442469033487e-9,1,1.0954747864388992e-7,0.42418256402015688,9.807627776581285e-8,-0.9055767059326172]},{"p":[-87.97483825683594,1015.0589599609375,-285.7833557128906,-0.8997030258178711,3.3543759769827378e-8,-0.436502605676651,9.277990598022257e-10,1,7.493429876603841e-8,0.436502605676651,6.701363020056306e-8,-0.8997030258178711]},{"p":[-87.79818725585938,1015.191162109375,-285.50408935546877,-0.8913775086402893,1.3943152410433868e-8,-0.45326167345046999,-4.645787921031541e-10,1,3.167545159499241e-8,0.45326167345046999,2.8445359845363784e-8,-0.8913775086402893]},{"p":[-87.69014739990235,1015.234619140625,-285.3404541015625,-0.88605797290802,1.9371806381229818e-9,-0.4635744094848633,-8.117752026137737e-10,1,5.730387275804105e-9,0.4635744094848633,5.453773876951118e-9,-0.88605797290802]},{"p":[-87.46342468261719,1015.3004150390625,-285.0137023925781,-0.8742150068283081,-2.2652038467185777e-8,-0.48553895950317385,-3.021235206457362e-10,1,-4.610940251836837e-8,0.48553895950317385,-4.0162834835655306e-8,-0.8742150068283081]},{"p":[-87.3888931274414,1015.3115844726563,-284.9096374511719,-0.8703579306602478,-3.1024306679228178e-8,-0.49241960048675539,2.0615097129361715e-10,1,-6.336816937846379e-8,0.49241960048675539,-5.525449608967392e-8,-0.8703579306602478]},{"p":[-87.17329406738281,1015.2612915039063,-284.6153869628906,-0.8584861755371094,-5.6632803335787688e-8,-0.5128366947174072,2.7665654211972425e-9,1,-1.1506168107189296e-7,0.5128366947174072,-1.0019765284141613e-7,-0.8584861755371094]},{"p":[-87.04795837402344,1015.1495361328125,-284.44488525390627,-0.8517385125160217,-3.9064968149205018e-8,-0.5239670872688294,2.854763980764119e-9,1,-7.919673805645289e-8,0.5239670872688294,-6.895071180679224e-8,-0.8517385125160217]},{"p":[-86.97541046142578,1015.0350952148438,-284.3470153808594,-0.8469535708427429,-2.5713241313951586e-8,-0.5316668152809143,2.4883919369500519e-9,1,-5.23274970021248e-8,0.5316668152809143,-4.564195776879387e-8,-0.8469535708427429]},{"p":[-86.86394500732422,1014.8347778320313,-284.19696044921877,-0.8411116600036621,-7.703620852339555e-9,-0.5408614873886108,1.4838903439340357e-9,1,-1.655088865959442e-8,0.5408614873886108,-1.4723725350052064e-8,-0.8411116600036621]},{"p":[-86.7772445678711,1014.5885009765625,-284.0802307128906,-0.8359366655349731,1.051390707829114e-8,-0.5488259196281433,-6