{"data":[{"pos":[-85.88607788085938,1006.960205078125,-266.124755859375,0.9878388047218323,-7.445714800269343e-8,-0.15548156201839448,7.102684662640968e-8,1,-2.7617881315222804e-8,0.15548156201839448,1.623864953614884e-8,0.9878388047218323]},{"pos":[-85.88607788085938,1006.960205078125,-266.124755859375,0.9878388047218323,-1.062853769440153e-7,-0.15548156201839448,1.0138722217334362e-7,1,-3.943324955457683e-8,0.15548156201839448,2.3189851816596275e-8,0.9878388047218323]},{"pos":[-85.88607788085938,1006.960205078125,-266.124755859375,0.9878388047218323,-9.574880976970235e-8,-0.15548156201839448,9.133572831387937e-8,1,-3.552726113298377e-8,0.15548156201839448,2.0894184160624719e-8,0.9878388047218323]},{"pos":[-85.88607788085938,1006.960205078125,-266.124755859375,0.9878388047218323,-4.955994015176657e-8,-0.15548156201839448,4.7274863135271519e-8,1,-1.8394441525515505e-8,0.15548156201839448,1.0820373930187089e-8,0.9878388047218323]},{"pos":[-85.88607788085938,1006.960205078125,-266.124755859375,0.9878388047218323,-2.187030467837303e-8,-0.15548156201839448,2.0860939642375344e-8,1,-8.123535621962219e-9,0.15548156201839448,4.781252282981541e-9,0.9878388047218323]},{"pos":[-85.88607788085938,1006.960205078125,-266.124755859375,0.9878388047218323,1.5021598187558994e-8,-0.15548156201839448,-1.4331286379842823e-8,1,5.560765625745034e-9,0.15548156201839448,-3.264889247844849e-9,0.9878388047218323]},{"pos":[-85.88607788085938,1006.960205078125,-266.124755859375,0.9878388047218323,5.1881965390521148e-8,-0.15548156201839448,-4.949343335169942e-8,1,1.9233372228200097e-8,0.15548156201839448,-1.130415583361355e-8,0.9878388047218323]},{"pos":[-85.88607788085938,1006.960205078125,-266.124755859375,0.9878388047218323,8.871083423400705e-8,-0.15548156201839448,-8.462552614219021e-8,1,3.289429528763321e-8,0.15548156201839448,-1.933655191521666e-8,0.9878388047218323]},{"pos":[-85.88607788085938,1006.960205078125,-266.124755859375,0.9878388047218323,1.0754045121075251e-7,-0.15548156201839448,-1.0258741411917072e-7,1,3.9880120539237399e-8,0.15548156201839448,-2.3444680863349278e-8,0.9878388047218323]},{"pos":[-85.88607788085938,1006.960205078125,-266.124755859375,0.9878388047218323,7.247371058838326e-8,-0.15548156201839448,-6.913541028552572e-8,1,2.687825961800172e-8,0.15548156201839448,-1.580210629015255e-8,0.9878388047218323]},{"pos":[-85.88607788085938,1006.960205078125,-266.124755859375,0.9878388047218323,3.7436940658608367e-8,-0.15548156201839448,-3.571198803342668e-8,1,1.3887508032439655e-8,0.15548156201839448,-8.1660633810543e-9,0.9878388047218323]},{"pos":[-85.88607788085938,1006.960205078125,-266.124755859375,0.9878388047218323,2.4301158862982676e-9,-0.15548156201839448,-2.3171398133570166e-9,1,9.078581775234795e-10,0.15548156201839448,-5.365450306271669e-10,0.9878388047218323]},{"pos":[-85.88607788085938,1006.960205078125,-266.124755859375,0.9878388047218323,-3.254679015185502e-8,-0.15548156201839448,3.104916856955242e-8,1,-1.2060699106086759e-8,0.15548156201839448,7.086453646110158e-9,0.9878388047218323]},{"pos":[-85.88607788085938,1006.960205078125,-266.124755859375,0.9878388047218323,-6.749380077053502e-8,-0.15548156201839448,6.438695976385134e-8,1,-2.501817419897634e-8,0.15548156201839448,1.4702938422317402e-8,0.9878388047218323]},{"pos":[-85.88607788085938,1006.960205078125,-266.124755859375,0.9878388047218323,-1.1113556297459582e-7,-0.15548156201839448,1.0601912947549863e-7,1,-4.1199445632855716e-8,0.15548156201839448,2.421439226907296e-8,0.9878388047218323]},{"pos":[-85.88607788085938,1006.960205078125,-266.124755859375,0.9878388047218323,-8.588527578012872e-8,-0.15548156201839448,8.193116229904263e-8,1,-3.183976460263693e-8,0.15548156201839448,1.871377008910713e-8,0.9878388047218323]},{"pos":[-85.88607788085938,1006.960205078125,-266.124755859375,0.9878388047218323,-4.383743146263441e-8,-0.15548156201839448,4.181886126275458e-8,1,-1.6253626000661826e-8,0.15548156201839448,9.553900781611447e-9,0.9878388047218323]},{"pos":[-85.88607788085938,1006.960205078125,-266.124755859375,0.9878388047218323,-1.8630290199439515e-8,-0.15548156201839448,1.777205227426748e-8,1,-6.909934846532906e-9,0.15548156201839448,4.062675085236833e-9,0.9878388047218323]},{"pos":[-85.88607788085938,1006.960205078125,-266.124755859375,0.9878388047218323,1.4954096627661785e-8,-0.15548156201839448,-1.4266380965466397e-8,1,5.539004366283962e-9,0.15548156201839448,-3.2534843708020846e-9,0.9878388047218323]},{"pos":[-85.88607788085938,1006.960205078125,-266.124755859375,0.9878388047218323,4.850977930459521e-8,-0.15548156201839448,-4.627742811180724e-8,1,1.797730497798966e-8,0.15548156201839448,-1.0563392827123153e-8,0.9878388047218323]},{"pos":[-85.88607788085938,1006.960205078125,-266.124755859375,0.9878388047218323,8.203677737128601e-8,-0.15548156201839448,-7.826111669828606e-8,1,3.04049763144576e-8,0.15548156201839448,-1.7867053614395446e-8,0.9878388047218323]},{"pos":[-85.88607788085938,1006.960205078125,-266.124755859375,0.9878388047218323,1.0637621983278223e-7,-0.15548156201839448,-1.014800830034801e-7,1,3.942753679098132e-8,0.15548156201839448,-2.3169768326170016e-8,0.9878388047218323]},{"pos":[-85.88607788085938,1006.960205078125,-266.124755859375,0.9878388047218323,6.97601691967975e-8,-0.15548156201839448,-6.654922657389761e-8,1,2.5856831342707666e-8,0.15548156201839448,-1.519520331783042e-8,0.9878388047218323]},{"pos":[-85.88607788085938,1006.960205078125,-266.124755859375,0.9878388047218323,3.317541086289566e-8,-0.15548156201839448,-3.164822359735808e-8,1,1.2297721951881613e-8,0.15548156201839448,-7.227451526148343e-9,0.9878388047218323]},{"pos":[-85.88607788085938,1006.960205078125,-266.124755859375,0.9878388047218323,-3.378078039517618e-9,-0.15548156201839448,3.222952127401868e-9,1,-1.249799708169519e-9,0.15548156201839448,7.334909901679509e-10,0.9878388047218323]},{"pos":[-85.88607788085938,1006.960205078125,-266.124755859375,0.9878388047218323,-3.9900321269215058e-8,-0.15548156201839448,3.8064317919861426e-8,1,-1.4785743296386045e-8,0.15548156201839448,8.687631058990064e-9,0.9878388047218323]},{"pos":[-85.88607788085938,1006.960205078125,-266.124755859375,0.9878388047218323,-7.639135191084279e-8,-0.15548156201839448,7.28759061985329e-8,1,-2.8310120470109724e-8,0.15548156201839448,1.663497428694427e-8,0.9878388047218323]},{"pos":[-85.88607788085938,1006.960205078125,-266.124755859375,0.9878388047218323,-1.1285118972637065e-7,-0.15548156201839448,1.0765774760557179e-7,1,-4.1822936225344168e-8,0.15548156201839448,2.457552561452303e-8,0.9878388047218323]},{"pos":[-85.88607788085938,1006.960205078125,-266.124755859375,0.9878388047218323,-7.925737577352266e-8,-0.15548156201839448,7.560986148291704e-8,1,-2.937339615982637e-8,0.15548156201839448,1.7260241236272124e-8,0.9878388047218323]},{"pos":[-85.88607788085938,1006.960205078125,-266.124755859375,0.9878388047218323,-4.5692271299913048e-8,-0.15548156201839448,4.358936678272585e-8,1,-1.6934492919062906e-8,0.15548156201839448,9.951206969560645e-9,0.9878388047218323]},{"pos":[-85.88607788085938,1006.960205078125,-266.124755859375,0.9878388047218323,-1.2155848772010814e-8,-0.15548156201839448,1.1596239524180874e-8,1,-4.50621984171562e-9,0.15548156201839448,2.6484174853180777e-9,0.9878388047218323]},{"pos":[-85.88607788085938,1006.960205078125,-266.124755859375,0.9878388047218323,2.1351905132860339e-8,-0.15548156201839448,-2.0369542497178373e-8,1,7.911432398088892e-9,0.15548156201839448,-4.648131657347676e-9,0.9878388047218323]},{"pos":[-85.88607788085938,1006.960205078125,-266.124755859375,0.9878388047218323,6.319632461782021e-8,-0.15548156201839448,-6.028835031202107e-8,1,2.341857552323745e-8,0.15548156201839448,-1.3760050876499008e-8,0.9878388047218323]},{"pos":[-85.88607788085938,1006.960205078125,-266.124755859375,0.9878388047218323,8.828151720763344e-8,-0.15548156201839448,-8.421915964618165e-8,1,3.271490811584954e-8,0.15548156201839448,-1.9222531122409238e-8,0.9878388047218323]},{"pos":[-85.88607788085938,1006.960205078125,-266.124755859375,0.9878388047218323,1.044470891997662e-7,-0.15548156201839448,-9.964079339397358e-8,1,3.870588827226129e-8,0.15548156201839448,-2.2742872474168508e-8,0.9878388047218323]},{"pos":[-85.88607788085938,1006.960205078125,-266.124755859375,0.9878388047218323,6.885200320994045e-8,-0.15548156201839448,-6.568362209691259e-8,1,2.5515356938399237e-8,0.15548156201839448,-1.499246593539283e-8,0.9878388047218323]},{"pos":[-85.88607788085938,1006.960205078125,-266.124755859375,0.9878388047218323,3.3287328449205236e-8,-0.15548156201839448,-3.175548002332107e-8,1,1.2336097476861596e-8,0.15548156201839448,-7.248684763538904e-9,0.9878388047218323]},{"pos":[-85.88607788085938,1006.960205078125,-266.124755859375,0.9878388047218323,-1.112576430983836e-8,-0.15548156201839448,1.0613925738311991e-8,1,-4.1221386304357569e-9,0.15548156201839448,2.4217390315328659e-9,0.9878388047218323]},{"pos":[-85.88607788085938,1006.960205078125,-266.124755859375,0.9878388047218323,-3.775084067569878e-8,-0.15548156201839448,3.6013837245718608e-8,1,-1.398864135637723e-8,0.15548156201839448,8.219034342005216e-9,0.9878388047218323]},{"pos":[-85.88607788085938,1006.960205078125,-266.124755859375,0.9878388047218323,-7.322439188328645e-8,-0.15548156201839448,6.985505507373091e-8,1,-2.7134140268003649e-8,0.15548156201839448,1.5942983822014868e-8,0.9878388047218323]},{"pos":[-85.88607788085938,1006.960205078125,-266.124755859375,0.9878388047218323,-1.1752370454587435e-7,-0.15548156201839448,1.1211591299797874e-7,1,-4.3550219430699147e-8,0.15548156201839448,2.5588638763451855e-8,0.9878388047218323]},{"pos":[-85.88607788085938,1006.960205078125,-266.124755859375,0.9878388047218323,-9.017481517048509e-8,-0.15548156201839448,8.602545165103948e-8,1,-3.341576615412123e-8,0.15548156201839448,1.9634020631542627e-8,0.9878388047218323]},{"pos":[-85.88607788085938,1006.960205078125,-266.124755859375,0.9878388047218323,-5.3736904703782787e-8,-0.15548156201839448,5.1264191114341887e-8,1,-1.9913269255766865e-8,0.15548156201839448,1.1700463709019005e-8,0.9878388047218323]},{"pos":[-85.88607788085938,1006.960205078125,-266.124755859375,0.9878388047218323,-1.7330133772475166e-8,-0.15548156201839448,1.6532640145783263e-8,1,-6.422311127352032e-9,0.15548156201839448,3.773687140551374e-9,0.9878388047218323]},{"pos":[-85.88607788085938,1006.960205078125,-266.124755859375,0.9878388047218323,1.904551893971984e-8,-0.15548156201839448,-1.8169226123632144e-8,1,7.057119333353512e-9,0.15548156201839448,-4.1463161792876239e-9,0.9878388047218323]},{"pos":[-85.88607788085938,1006.960205078125,-266.124755859375,0.9878388047218323,5.5390081854511666e-8,-0.15548156201839448,-5.284143256290008e-8,1,2.0525030564044756e-8,0.15548156201839448,-1.2059552467746926e-8,0.9878388047218323]},{"pos":[-85.88607788085938,1006.960205078125,-266.124755859375,0.9878388047218323,9.170358339360973e-8,-0.15548156201839448,-8.74840040410163e-8,1,3.3981432778773527e-8,0.15548156201839448,-1.996602705389705e-8,0.9878388047218323]},{"pos":[-85.88607788085938,1006.960205078125,-266.124755859375,0.9878388047218323,9.373071918616916e-8,-0.15548156201839448,-8.941785267779778e-8,1,3.473271448228843e-8,0.15548156201839448,-2.0407496137408999e-8,0.9878388047218323]},{"pos":[-85.88607788085938,1006.960205078125,-266.124755859375,0.9878388047218323,6.151542919496933e-8,-0.15548156201839448,-5.8684882731085966e-8,1,2.2795161314093094e-8,0.15548156201839448,-1.3393527176219778e-8,0.9878388047218323]},{"pos":[-85.88607788085938,1006.960205078125,-266.124755859375,0.9878388047218323,2.9327678063850727e-8,-0.15548156201839448,-2.7978181549315196e-8,1,1.0867809763226433e-8,0.15548156201839448,-6.3855525311851128e-9,0.9878388047218323]},{"pos":[-85.88607788085938,1006.960205078125,-266.124755859375,0.9878388047218323,-1.0868325794888279e-8,-0.15548156201839448,1.0368285785489207e-8,1,-4.027045363841353e-9,0.15548156201839448,2.3659945114218319e-9,0.9878388047218323]},{"pos":[-85.88607788085938,1006.960205078125,-266.124755859375,0.9878388047218323,-3.496531419955318e-8,-0.15548156201839448,3.335649978453148e-8,1,-1.295632134912239e-8,0.15548156201839448,7.612436014881041e-9,0.9878388047218323]},{"pos":[-85.88607788085938,1006.960205078125,-266.124755859375,0.9878388047218323,-7.509263610927519e-8,-0.15548156201839448,7.163744442095776e-8,1,-2.7825729276287349e-8,0.15548156201839448,1.6349034126506014e-8,0.9878388047218323]},{"pos":[-85.88607788085938,1006.960205078125,-266.124755859375,0.9878388047218323,-9.914844412151069e-8,-0.15548156201839448,9.458637606485354e-8,1,-3.6739749020853199e-8,0.15548156201839448,2.1586512133353609e-8,0.9878388047218323]},{"pos":[-85.88607788085938,1006.960205078125,-266.124755859375,0.9878388047218323,-9.65302646704913e-8,-0.15548156201839448,9.208865492382756e-8,1,-3.5769634365578898e-8,0.15548156201839448,2.1016543172436287e-8,0.9878388047218323]},{"pos":[-85.88607788085938,1006.960205078125,-266.124755859375,0.9878388047218323,-5.926052182303465e-8,-0.15548156201839448,5.653378210013216e-8,1,-2.195924864167864e-8,0.15548156201839448,1.290223750061159e-8,0.9878388047218323]},{"pos":[-85.88607788085938,1006.960205078125,-266.124755859375,0.9878388047218323,-2.20226361591358e-8,-0.15548156201839448,2.100930096560205e-8,1,-8.160668585333042e-9,0.15548156201839448,4.794865837709494e-9,0.9878388047218323]},{"pos":[-85.88607788085938,1006.960205078125,-266.124755859375,0.9878388047218323,1.5183422519271518e-8,-0.15548156201839448,-1.4484816901472186e-8,1,5.626120458401829e-9,0.15548156201839448,-3.305578255563546e-9,0.9878388047218323]},{"pos":[-85.88607788085938,1006.960205078125,-266.124755859375,0.9878388047218323,5.235768085753989e-8,-0.15548156201839448,-4.9948599922799988e-8,1,1.9401127815399378e-8,0.15548156201839448,-1.1399101218501073e-8,0.9878388047218323]},{"pos":[-85.88607788085938,1006.960205078125,-266.124755859375,0.9878388047218323,8.950016194830823e-8,-0.15548156201839448,-8.538206230923606e-8,1,3.316436192335459e-8,0.15548156201839448,-1.948570726995058e-8,0.9878388047218323]}],"duration":1.0029566287994385}