{"data":[{"pos":[-139.73687744140626,990.2281494140625,-301.8543395996094,1,0,0,0,1,0,0,0,1]},{"pos":[-139.73687744140626,990.2281494140625,-301.8543395996094,1,0,0,0,1,0,0,0,1]},{"pos":[-139.73687744140626,990.2281494140625,-301.8543395996094,1,0,0,0,1,0,0,0,1]},{"pos":[-139.73687744140626,990.2281494140625,-301.8543395996094,1,0,0,0,1,0,0,0,1]},{"pos":[-139.73687744140626,990.2281494140625,-301.8543395996094,1,0,0,0,1,0,0,0,1]},{"pos":[-139.73687744140626,990.2281494140625,-301.8543395996094,1,0,0,0,1,0,0,0,1]},{"pos":[-139.73687744140626,990.2281494140625,-301.8543395996094,1,0,0,0,1,0,0,0,1]},{"pos":[-139.73687744140626,990.2281494140625,-301.8543395996094,1,0,0,0,1,0,0,0,1]},{"pos":[-139.73687744140626,990.2281494140625,-301.8543395996094,1,0,0,0,1,0,0,0,1]},{"pos":[-139.73687744140626,990.2281494140625,-301.8543395996094,1,0,0,0,1,0,0,0,1]},{"pos":[-139.73687744140626,990.2281494140625,-301.8543395996094,1,0,0,0,1,0,0,0,1]},{"pos":[-139.73687744140626,990.2281494140625,-301.8543395996094,1,0,0,0,1,0,0,0,1]},{"pos":[-139.73687744140626,990.2281494140625,-301.8543395996094,1,0,0,0,1,0,0,0,1]},{"pos":[-139.73687744140626,990.2281494140625,-301.8543395996094,1,0,0,0,1,0,0,0,1]},{"pos":[-139.78199768066407,990.2281494140625,-301.82952880859377,0.9933715462684631,0,0.11494754999876023,0,1,0,-0.11494754999876023,0,0.9933715462684631]},{"pos":[-139.9835968017578,990.2281494140625,-301.714599609375,0.9304141998291016,0,0.3665097951889038,0,1,0,-0.3665097951889038,0,0.9304141998291016]},{"pos":[-140.2123260498047,990.2281494140625,-301.578857421875,0.8201174736022949,0,0.5721951723098755,0,1,0,-0.5721951723098755,0,0.8201174736022949]},{"pos":[-140.43890380859376,990.2281494140625,-301.43829345703127,0.6863095164299011,0,0.7273095846176148,0,1,0,-0.7273095846176148,0,0.6863095164299011]},{"pos":[-140.77345275878907,990.2281494140625,-301.21905517578127,0.4675315022468567,0,0.883976399898529,0,1,0,-0.883976399898529,0,0.4675315022468567]},{"pos":[-140.9944305419922,990.2281494140625,-301.06982421875,0.3325803279876709,0,0.9430749416351318,0,1,0,-0.9430749416351318,0,0.3325803279876709]},{"pos":[-141.2140350341797,990.2281494140625,-300.91851806640627,0.20991379022598267,0,0.9777199029922485,0,1,0,-0.9777199029922485,0,0.20991379022598267]},{"pos":[-141.4332275390625,990.2281494140625,-300.7666320800781,0.10068997740745545,0,0.9949178695678711,0,1,0,-0.9949178695678711,0,0.10068997740745545]},{"pos":[-141.65321350097657,990.2281494140625,-300.61590576171877,0.005885498598217964,0,0.9999826550483704,0,1,0,-0.9999826550483704,0,0.005885498598217964]},{"pos":[-141.87892150878907,990.2281494140625,-300.47393798828127,-0.07102308422327042,0,0.9974746704101563,0,1,0,-0.9974746704101563,0,-0.07102308422327042]},{"pos":[-142.12123107910157,990.2281494140625,-300.363037109375,-0.11987455189228058,0,0.9927890300750732,0,1,0,-0.9927890300750732,0,-0.11987455189228058]},{"pos":[-142.37901306152345,990.2281494140625,-300.2961120605469,-0.1386440545320511,0,0.9903422594070435,0,1,0,-0.9903422594070435,0,-0.1386440545320511]},{"pos":[-142.64498901367188,990.2281494140625,-300.2859802246094,-0.12608692049980164,0,0.9920191764831543,0,1,0,-0.9920191764831543,0,-0.12608692049980164]},{"pos":[-142.90670776367188,990.2281494140625,-300.33441162109377,-0.08547590672969818,0,0.9963402152061462,0,1,0,-0.9963402152061462,0,-0.08547590672969818]},{"pos":[-143.15281677246095,990.2281494140625,-300.4359130859375,-0.022021612152457238,0,0.9997574687004089,0,1,0,-0.9997574687004089,0,-0.022021612152457238]},{"pos":[-143.37603759765626,990.2281494140625,-300.5811462402344,0.058134276419878009,0,0.9983087778091431,0,1,0,-0.9983087778091431,0,0.058134276419878009]},{"pos":[-143.57614135742188,990.2281494140625,-300.757080078125,0.1467098742723465,0,0.9891795516014099,0,1,0,-0.9891795516014099,0,0.1467098742723465]},{"pos":[-143.75857543945313,990.2281494140625,-300.95147705078127,0.23523946106433869,0,0.9719374179840088,0,1,0,-0.9719374179840088,0,0.23523946106433869]},{"pos":[-143.93141174316407,990.2281494140625,-301.154541015625,0.31671378016471865,0,0.9485211372375488,0,1,0,-0.9485211372375488,0,0.31671378016471865]},{"pos":[-144.09033203125,990.2281494140625,-301.3686218261719,0.3935753405094147,0,0.9192923903465271,0,1,0,-0.9192923903465271,0,0.3935753405094147]},{"pos":[-144.2290496826172,990.2281494140625,-301.5962829589844,0.4687579572200775,0,0.8833266496658325,0,1,0,-0.8833266496658325,0,0.4687579572200775]},{"pos":[-144.3465576171875,990.2281494140625,-301.8355712890625,0.5415290594100952,0,0.8406820297241211,0,1,0,-0.8406820297241211,0,0.5415290594100952]},{"pos":[-144.44119262695313,990.2281494140625,-302.08477783203127,0.611423671245575,0,0.7913033962249756,0,1,0,-0.7913033962249756,0,0.611423671245575]},{"pos":[-144.5339813232422,990.2281494140625,-302.33477783203127,0.6693112850189209,0,0.7429820895195007,0,1,0,-0.7429820895195007,0,0.6693112850189209]},{"pos":[-144.59017944335938,990.2281494140625,-302.59521484375,0.7292472124099731,0,0.6842503547668457,0,1,0,-0.6842503547668457,0,0.7292472124099731]},{"pos":[-144.62608337402345,990.2281494140625,-302.8594055175781,0.783685564994812,0,0.6211577653884888,0,1,0,-0.6211577653884888,0,0.783685564994812]},{"pos":[-144.6500244140625,990.2281494140625,-303.1249694824219,0.8298925161361694,0,0.5579232573509216,0,1,0,-0.5579232573509216,0,0.8298925161361694]},{"pos":[-144.66287231445313,990.2281494140625,-303.39129638671877,0.8685706853866577,0,0.495565265417099,0,1,0,-0.495565265417099,0,0.8685706853866577]},{"pos":[-144.6622772216797,990.2281494140625,-303.6579284667969,0.9012119770050049,0,0.43337857723236086,0,1,0,-0.43337857723236086,0,0.9012119770050049]},{"pos":[-144.64749145507813,990.2281494140625,-303.92413330078127,0.9285529851913452,0,0.37119996547698977,0,1,0,-0.37119996547698977,0,0.9285529851913452]},{"pos":[-144.6179656982422,990.2281494140625,-304.1891174316406,0.9510873556137085,0,0.3089221119880676,0,1,0,-0.3089221119880676,0,0.9510873556137085]},{"pos":[-144.5759735107422,990.2281494140625,-304.4524230957031,0.9688231348991394,0,0.24775341153144837,0,1,0,-0.24775341153144837,0,0.9688231348991394]},{"pos":[-144.53758239746095,990.2281494140625,-304.6487121582031,0.9791978001594544,0,0.202907994389534,0,1,0,-0.202907994389534,0,0.9791978001594544]},{"pos":[-144.47511291503907,990.2281494140625,-304.90789794921877,0.9895991683006287,0,0.1438523530960083,0,1,0,-0.1438523530960083,0,0.9895991683006287]},{"pos":[-144.4003448486328,990.2281494140625,-305.163818359375,0.9963250756263733,0,0.08565238863229752,0,1,0,-0.08565238863229752,0,0.9963250756263733]},{"pos":[-144.30979919433595,990.2281494140625,-305.41455078125,0.9996340870857239,0,0.027048936113715173,0,1,0,-0.027048936113715173,0,0.9996340870857239]},{"pos":[-144.19866943359376,990.2281494140625,-305.6568298339844,0.999407947063446,0,-0.03440503776073456,0,1,0,0.03440503776073456,0,0.999407947063446]},{"pos":[-144.03077697753907,990.2281494140625,-305.9446105957031,0.9931708574295044,0,-0.11666873097419739,0,1,0,0.11666873097419739,0,0.9931708574295044]},{"pos":[-143.91368103027345,990.2281494140625,-306.1065368652344,0.9857768416404724,0,-0.16805963218212129,0,1,0,0.16805963218212129,0,0.9857768416404724]},{"pos":[-143.73504638671876,990.2281494140625,-306.30426025390627,0.9703672528266907,0,-0.24163487553596497,0,1,0,0.24163487553596497,0,0.9703672528266907]},{"pos":[-143.5409393310547,990.2281494140625,-306.4869384765625,0.9487766623497009,0,-0.315947562456131,0,1,0,0.315947562456131,0,0.9487766623497009]},{"pos":[-143.33193969726563,990.2281494140625,-306.6407470703125,0.9240238666534424,-0.0002575102262198925,-0.3823346793651581,-0.004505293909460306,0.9999229907989502,-0.011561832390725613,0.3823082149028778,0.012405939400196076,0.9239515662193298]},{"pos":[-143.0565643310547,990.2272338867188,-306.757568359375,0.9213058948516846,-0.00022481087944470346,-0.38883858919143679,-0.0018433707300573588,0.9999860525131226,-0.004945795051753521,0.38883426785469057,0.005273364018648863,0.9212926030158997]},{"pos":[-142.81283569335938,990.2275390625,-306.84613037109377,0.8971663117408752,-0.00004353823896963149,-0.44169288873672488,-0.0016509831184521318,0.9999926686286926,-0.0034520465414971115,0.44168978929519656,0.003826287342235446,0.8971596956253052]},{"pos":[-142.62054443359376,990.2277221679688,-306.89996337890627,0.8622853755950928,0.0000996823437162675,-0.5064226984977722,-0.0006893764948472381,0.9999992847442627,-0.0009769643656909466,0.5064222812652588,0.0011915379436686636,0.862284779548645]},{"pos":[-142.35752868652345,990.2279663085938,-306.9411315917969,0.7981306910514832,0.00007932628795970231,-0.6024842858314514,0.0000845462127472274,0.9999999403953552,0.00024366645084228367,0.6024842858314514,-0.00024541543098166585,0.7981306910514832]},{"pos":[-142.02459716796876,990.2279663085938,-306.9501647949219,0.6984477043151856,0.000004227632416586857,-0.7156611084938049,0.0001008903345791623,1,0.00010437097807880491,0.7156611084938049,-0.0001451009593438357,0.6984476447105408]},{"pos":[-141.7592010498047,990.2279663085938,-306.9266662597656,0.6089904308319092,-0.00000912028281163657,-0.793177604675293,0.000010366959941165988,1,-0.00000353880864167877,0.793177604675293,-0.000006067739377613179,0.6089904308319092]},{"pos":[-141.5625762939453,990.2279663085938,-306.89080810546877,0.5382944941520691,-0.000005170634722162504,-0.8427568078041077,-0.000010004700925492216,1,-0.00001252569018106442,0.8427568078041077,0.000015174039617704694,0.5382944941520691]},{"pos":[-141.24755859375,990.2279663085938,-306.7832336425781,0.40622279047966006,2.2044601166726353e-7,-0.9137740731239319,-0.000004364824235381093,1,-0.0000016991564280033345,0.9137740731239319,0.000004678699042415246,0.40622279047966006]},{"pos":[-141.00875854492188,990.2279663085938,-306.6652526855469,0.2937949001789093,5.444384214570164e-7,-0.9558684825897217,1.9953922958393378e-7,1,6.309048217190139e-7,0.9558684825897217,-3.7608990055559845e-7,0.2937949001789093]},{"pos":[-140.7883758544922,990.2279663085938,-306.51568603515627,0.17600704729557038,1.24917235666544e-7,-0.9843888878822327,6.055295216356171e-7,1,2.3516589919836407e-7,0.9843888878822327,-6.374673944264941e-7,0.17600704729557038]},{"pos":[-140.63536071777345,990.2279663085938,-306.38714599609377,0.08666923642158508,-1.8623588005084458e-8,-0.9962371587753296,2.3251602954132978e-7,1,1.5341716785854942e-9,0.9962371587753296,-2.3177408081664908e-7,0.08666923642158508]},{"pos":[-140.40428161621095,990.2279663085938,-306.14715576171877,-0.06347247213125229,-2.6309042056027466e-8,-0.9979835748672485,-5.521267709696076e-8,1,-2.2850633385473885e-8,0.9979835748672485,5.365095745446524e-8,-0.06347247213125229]},{"pos":[-140.2279510498047,990.22802734375,-305.9471740722656,-0.17183834314346314,-1.8436885351746924e-9,-0.9851251840591431,-9.841883041872279e-8,1,1.529596538318856e-8,0.9851251840591431,9.958329627579588e-8,-0.17183834314346314]},{"pos":[-140.0594940185547,990.2281494140625,-305.740478515625,-0.2660561501979828,1.4478517940119673e-8,-0.9639575481414795,-9.972170289529459e-8,1,4.2543462086541697e-8,0.9639575481414795,1.0744643219595673e-7,-0.2660561501979828]},{"pos":[-139.89695739746095,990.2281494140625,-305.5290832519531,-0.34910228848457339,2.3663393022843594e-8,-0.9370846152305603,-6.26382856694363e-8,1,4.8587462941895868e-8,0.9370846152305603,7.56593721007448e-8,-0.34910228848457339]},{"pos":[-139.73838806152345,990.2281494140625,-305.3146667480469,-0.4211156964302063,3.321892094731993e-8,-0.9070069193840027,-2.5825729110806607e-8,1,4.861544056211642e-8,0.9070069193840027,4.3896839940771318e-8,-0.4211156964302063]},{"pos":[-139.58131408691407,990.2281494140625,-305.0991516113281,-0.48220065236091616,4.3155669260386279e-8,-0.8760607838630676,1.0229862290600522e-8,1,4.3630329571442419e-8,0.8760607838630676,1.2076593058907293e-8,-0.48220065236091616]},{"pos":[-139.42298889160157,990.2281494140625,-304.8845520019531,-0.5325899124145508,5.3474959571531147e-8,-0.846373438835144,4.5276934201865518e-8,1,3.469026665925412e-8,0.846373438835144,-1.9845506571414263e-8,-0.5325899124145508]},{"pos":[-139.26113891601563,990.2281494140625,-304.672607421875,-0.5729078650474548,6.416075137849475e-8,-0.8196197748184204,7.928296952286473e-8,1,2.286293643294357e-8,0.8196197748184204,-5.1883532137253499e-8,-0.5729078650474548]},{"pos":[-139.0880889892578,990.2281494140625,-304.4697570800781,-0.6009902954101563,7.518025313402177e-8,-0.7992563247680664,1.1233417751554953e-7,1,9.594550043345862e-9,0.7992563247680664,-8.401757156661916e-8,-0.6009902954101563]},{"pos":[-138.90350341796876,990.2281494140625,-304.27734375,-0.6185145378112793,6.444361133617349e-8,-0.7857733368873596,1.0679173811922738e-7,1,-2.0472035178187299e-9,0.7857733368873596,-8.518032501569906e-8,-0.6185145378112793]},{"pos":[-138.70762634277345,990.2281494140625,-304.0964660644531,-0.627074658870697,3.171819784597574e-8,-0.7789591550827026,6.30949870128461e-8,1,-1.0073786249620298e-8,0.7789591550827026,-5.54654384643527e-8,-0.627074658870697]},{"pos":[-138.50064086914063,990.2281494140625,-303.9283752441406,-0.6277458667755127,-1.0209606493560842e-9,-0.7784183025360107,1.9488149760604757e-8,1,-1.702756335930644e-8,0.7784183025360107,-2.585891678563712e-8,-0.6277458667755127]},{"pos":[-138.28646850585938,990.2281494140625,-303.7695617675781,-0.623621940612793,-3.3753217110188419e-8,-0.7817261219024658,-2.395206344374401e-8,1,-2.4070047288660136e-8,0.7817261219024658,3.7133442987169475e-9,-0.623621940612793]},{"pos":[-138.06768798828126,990.2281494140625,-303.6170959472656,-0.6168590784072876,-6.646514094654776e-8,-0.7870736122131348,-6.72067983487068e-8,1,-3.1773414121971658e-8,0.7870736122131348,3.3296981172270537e-8,-0.6168590784072876]},{"pos":[-137.8444061279297,990.2281494140625,-303.4713134765625,-0.607727587223053,-9.915414977967885e-8,-0.7941455245018005,-1.1022450507880422e-7,1,-4.050602342431375e-8,0.7941455245018005,6.291767107313717e-8,-0.607727587223053]},{"pos":[-137.6163330078125,990.2281494140625,-303.3331298828125,-0.5961247682571411,-6.998988766326875e-8,-0.8028918504714966,-8.149466168561048e-8,1,-2.6664737973192133e-8,0.8028918504714966,4.953588117473373e-8,-0.5961247682571411]},{"pos":[-137.38092041015626,990.2281494140625,-303.2079162597656,-0.579920768737793,-4.077106297017963e-8,-0.8146728873252869,-5.296978144997411e-8,1,-1.2339659960503014e-8,0.8146728873252869,3.5997018699163166e-8,-0.579920768737793]},{"pos":[-137.13453674316407,990.2281494140625,-303.10614013671877,-0.554995596408844,-1.1457030879569175e-8,-0.8318532705307007,-2.4844442947369317e-8,1,2.80280998410376e-9,0.8318532705307007,2.2222478079925169e-8,-0.554995596408844]},{"pos":[-136.87222290039063,990.2281494140625,-303.061279296875,-0.5078422427177429,1.8050922534484927e-8,-0.8614500761032105,2.242627195059299e-9,1,1.9632038217309856e-8,0.8614500761032105,8.038067100812896e-9,-0.5078422427177429]},{"pos":[-136.60626220703126,990.2281494140625,-303.0726013183594,-0.44018471240997317,4.7834657124212757e-8,-0.8979072570800781,2.7274946745592389e-8,1,3.990238539586244e-8,0.8979072570800781,-6.925951367975358e-9,-0.44018471240997317]},{"pos":[-136.34609985351563,990.2281494140625,-303.12969970703127,-0.35758548974990847,7.79177611320847e-8,-0.9338803887367249,4.938133102427855e-8,1,6.452615508578674e-8,0.9338803887367249,-2.3042638019887819e-8,-0.35758548974990847]},{"pos":[-136.0947723388672,990.2281494140625,-303.2183837890625,-0.2675419747829437,1.0825140606129935e-7,-0.9635462164878845,6.810498831555378e-8,1,9.34365829152739e-8,0.9635462164878845,-4.062409431071501e-8,-0.2675419747829437]},{"pos":[-135.85726928710938,990.2281494140625,-303.3392333984375,-0.1702478677034378,7.32110763124183e-8,-0.9854012727737427,4.2462040994450948e-8,1,6.695952947666228e-8,0.9854012727737427,-3.044243257477319e-8,-0.1702478677034378]},{"pos":[-135.63853454589845,990.2281494140625,-303.4914245605469,-0.06623370945453644,3.7984584366768107e-8,-0.9978041648864746,2.0343046358561879e-8,1,3.671781811931396e-8,0.9978041648864746,-1.786641767864694e-8,-0.06623370945453644]},{"pos":[-135.4464874267578,990.2281494140625,-303.6760559082031,0.04558955132961273,2.8058544376818874e-9,-0.9989602565765381,2.505288421161822e-9,1,2.923108644026229e-9,0.9989602565765381,-2.635946794171673e-9,0.04558955132961273]},{"pos":[-135.29393005371095,990.2281494140625,-303.8942565917969,0.16776186227798463,-3.201289899834592e-8,-0.9858275651931763,-9.972923820100732e-9,1,-3.4170248852660737e-8,0.9858275651931763,1.5564047828320328e-8,0.16776186227798463]},{"pos":[-135.23085021972657,990.2281494140625,-303.98687744140627,0.17957675457000733,-6.615658065811658e-8,-0.9837439656257629,-2.3582204633498806e-8,1,-7.155458803254078e-8,0.9837439656257629,3.604839093895862e-8,0.17957675457000733]},{"pos":[-135.22811889648438,990.2281494140625,-303.9908752441406,0.17990291118621827,-1.0021513219271583e-7,-0.9836843609809876,-3.77183262401104e-8,1,-1.0877550948862336e-7,0.9836843609809876,5.6671957793241748e-8,0.17990291118621827]},{"pos":[-135.2280731201172,990.2281494140625,-303.9909362792969,0.17991194128990174,-7.13533978569103e-8,-0.9836826920509338,-2.7639091015885243e-8,1,-7.759209097457642e-8,0.9836826920509338,4.114783891395746e-8,0.17991194128990174]},{"pos":[-135.2280731201172,990.2281494140625,-303.9909362792969,0.17991219460964204,-4.251636553931348e-8,-0.9836826920509338,-1.7569350418966679e-8,1,-4.643500162160308e-8,0.9836826920509338,2.5636888167923645e-8,0.17991219460964204]},{"pos":[-135.2280731201172,990.2281494140625,-303.9909362792969,0.17991219460964204,-1.3703966850187044e-8,-0.9836826920509338,-7.508228705432885e-9,1,-1.5304516765013433e-8,0.9836826920509338,1.0139183714841238e-8,0.17991219460964204]},{"pos":[-135.2280731201172,990.2281494140625,-303.9909362792969,0.17991219460964204,1.5083822191286346e-8,-0.9836826920509338,2.5442978834888665e-9,1,1.5799376029690394e-8,0.9836826920509338,-5.345281994806328e-9,0.17991219460964204]},{"pos":[-135.2280731201172,990.2281494140625,-303.9909362792969,0.17991219460964204,4.3847020236853498e-8,-0.9836826920509338,1.2588237119359747e-8,1,4.687669985514731e-8,0.9836826920509338,-2.08165200632493e-8,0.17991219460964204]},{"pos":[-135.2280731201172,990.2281494140625,-303.9909362792969,0.17991219460964204,7.25856494909749e-8,-0.9836826920509338,2.26235954414733e-8,1,7.79274813567099e-8,0.9836826920509338,-3.6274542480896346e-8,0.17991219460964204]},{"pos":[-135.2280731201172,990.2281494140625,-303.9909362792969,0.17991219460964204,1.0129973304628948e-7,-0.9836826920509338,3.2650380177301488e-8,1,1.0895173829794658e-7,0.9836826920509338,-5.1719357685442449e-8,0.17991219460964204]},{"pos":[-135.2280731201172,990.2281494140625,-303.9909362792969,0.17991219460964204,9.590223015720767e-8,-0.9836826920509338,3.1427415336793277e-8,1,1.0324102106551436e-7,0.9836826920509338,-4.9488921405327349e-8,0.17991219460964204]},{"pos":[-135.2280731201172,990.2281494140625,-303.9909362792969,0.17991219460964204,5.643684275469241e-8,-0.9836826920509338,1.896911072662988e-8,1,6.084240311565736e-8,0.9836826920509338,-2.960587508482604e-8,0.17991219460964204]},{"pos":[-135.2280731201172,990.2281494140625,-303.9909362792969,0.17991219460964204,1.70051723813458e-8,-0.9836826920509338,6.5214500466481699e-9,1,1.8480003305398897e-8,0.9836826920509338,-9.739815176601497e-9,0.17991219460964204]},{"pos":[-135.2280731201172,990.2281494140625,-303.9909362792969,0.17991219460964204,-2.239280938454158e-8,-0.9836826920509338,-5.91557647311447e-9,1,-2.3846199681543113e-8,0.9836826920509338,1.0109272530200997e-8,0.17991219460964204]},{"pos":[-135.2280731201172,990.2281494140625,-303.9909362792969,0.17991219460964204,-6.175713451739284e-8,-0.9836826920509338,-1.8341976826263818e-8,1,-6.613624492501913e-8,0.9836826920509338,2.9941400470079319e-8,0.17991219460964204]},{"pos":[-135.2280731201172,990.2281494140625,-303.9909362792969,0.17991219460964204,-1.0108782788620374e-7,-0.9836826920509338,-3.075775723004881e-8,1,-1.0839016084673858e-7,0.9836826920509338,4.9756586406601858e-8,0.17991219460964204]},{"pos":[-135.2280731201172,990.2281494140625,-303.9909362792969,0.17991219460964204,-7.487469844136285e-8,-0.9836826920509338,-2.30434036296856e-8,1,-8.033128295892311e-8,0.9836826920509338,3.711997464961314e-8,0.17991219460964204]},{"pos":[-135.2280731201172,990.2281494140625,-303.9909362792969,0.17991219460964204,-4.8683961750839447e-8,-0.9836826920509338,-1.5335642089553404e-8,1,-5.229636812487115e-8,0.9836826920509338,2.4494159589494303e-8,0.17991219460964204]},{"pos":[-135.2280731201172,990.2281494140625,-303.9909362792969,0.17991219460964204,-2.2515596498351443e-8,-0.9836826920509338,-7.634464616046444e-9,1,-2.4285402133727986e-8,0.9836826920509338,1.1879130568104302e-8,0.17991219460964204]},{"pos":[-135.2280731201172,990.2281494140625,-303.9909362792969,0.17991219460964204,3.630417300115596e-9,-0.9836826920509338,6.013295417162112e-11,1,3.70163677487767e-9,0.9836826920509338,-7.251213518522093e-10,0.17991219460964204]},{"pos":[-135.2280731201172,990.2281494140625,-303.9909362792969,0.17991219460964204,2.9754097852219276e-8,-0.9836826920509338,7.748155894660158e-9,1,3.166476858496026e-8,0.9836826920509338,-1.3318604885625973e-8,0.17991219460964204]},{"pos":[-135.2280731201172,990.2281494140625,-303.9909362792969,0.17991219460964204,5.585546247743878e-8,-0.9836826920509338,1.5429609590000838e-8,1,5.960401594506948e-8,0.9836826920509338,-2.590132908153464e-8,0.17991219460964204]},{"pos":[-135.2280731201172,990.2281494140625,-303.9909362792969,0.17991219460964204,8.193453027161013e-8,-0.9836826920509338,2.310449964681993e-8,1,8.751939617468452e-8,0.9836826920509338,-3.847330276585126e-8,0.17991219460964204]},{"pos":[-135.2280731201172,990.2281494140625,-303.9909362792969,0.17991219460964204,1.0799132610372908e-7,-0.9836826920509338,3.077283139418796e-8,1,1.1541093414280113e-7,0.9836826920509338,-5.103453659671686e-8,0.17991219460964204]},{"pos":[-135.2280731201172,990.2281494140625,-303.9909362792969,0.17991219460964204,7.068891960670953e-8,-0.9836826920509338,2.0285012780618673e-8,1,7.557157033488693e-8,0.9836826920509338,-3.355026123585958e-8,0.17991219460964204]},{"pos":[-135.2280731201172,990.2281494140625,-303.9909362792969,0.17991219460964204,3.3418380951388829e-8,-0.9836826920509338,9.806154999125738e-9,1,3.576623441858828e-8,0.9836826920509338,-1.6080926812378494e-8,0.17991219460964204]},{"pos":[-135.2280731201172,990.2281494140625,-303.9909362792969,0.17991219460964204,-3.820320948477729e-9,-0.9836826920509338,-6.637504434969799e-10,1,-4.0050900373955759e-9,0.9836826920509338,1.3734843262724895e-9,0.17991219460964204]},{"pos":[-135.2280731201172,990.2281494140625,-303.9909362792969,0.17991219460964204,-4.1027210073707468e-8,-0.9836826920509338,-1.1124710042054176e-8,1,-4.3742439004290648e-8,0.9836826920509338,1.8812983171301313e-8,0.17991219460964204]},{"pos":[-135.2280731201172,990.2281494140625,-303.9909362792969,0.17991219460964204,-7.820231218147456e-8,-0.9836826920509338,-2.157673151259587e-8,1,-8.344584045971715e-8,0.9836826920509338,3.62375800477821e-8,0.17991219460964204]},{"pos":[-135.2280731201172,990.2281494140625,-303.9909362792969,0.17991219460964204,-1.1534565658166685e-7,-0.9836826920509338,-3.20198232373059e-8,1,-1.2311532771036583e-7,0.9836826920509338,5.36472946066624e-8,0.17991219460964204]},{"pos":[-135.2280731201172,990.2281494140625,-303.9909362792969,0.17991219460964204,-8.092864334230399e-8,-0.9836826920509338,-2.2542696598293334e-8,1,-8.639407411692446e-8,0.9836826920509338,3.771820544784532e-8,0.17991219460964204]},{"pos":[-135.2280731201172,990.2281494140625,-303.9909362792969,0.17991219460964204,-4.654103236134688e-8,-0.9836826920509338,-1.3073667481933171e-8,1,-4.970418387983955e-8,0.9836826920509338,2.1802728511488568e-8,0.17991219460964204]},{"pos":[-135.2280731201172,990.2281494140625,-303.9909362792969,0.17991219460964204,-1.2182798769799774e-8,-0.9836826920509338,-3.6127270064412188e-9,1,-1.3045642788256373e-8,0.9836826920509338,5.900847366291373e-9,0.17991219460964204]},{"pos":[-135.2280731201172,990.2281494140625,-303.9909362792969,0.17991219460964204,2.214608230133308e-8,-0.9836826920509338,5.840130601342253e-9,1,2.3581581132248176e-8,0.9836826920509338,-9.987449089976508e-9,0.17991219460964204]},{"pos":[-135.2280731201172,990.2281494140625,-303.9909362792969,0.17991219460964204,5.644563927376112e-8,-0.9836826920509338,1.528491289093381e-8,1,6.01775198560972e-8,0.9836826920509338,-2.586217284772374e-8,0.17991219460964204]},{"pos":[-135.2280731201172,990.2281494140625,-303.9909362792969,0.17991219460964204,9.07158934637664e-8,-0.9836826920509338,2.4721627411850023e-8,1,9.674219114685911e-8,0.9836826920509338,-4.172333589735899e-8,0.17991219460964204]},{"pos":[-135.2280731201172,990.2281494140625,-303.9909362792969,0.17991219460964204,9.16106799309091e-8,-0.9836826920509338,2.5030743699971937e-8,1,9.770835873723627e-8,0.9836826920509338,-4.220123273057652e-8,0.17991219460964204]},{"pos":[-135.2280731201172,990.2281494140625,-303.9909362792969,0.17991219460964204,5.91727662424546e-8,-0.9836826920509338,1.6223948406945966e-8,1,6.312162526000975e-8,0.9836826920509338,-2.7315566697438954e-8,0.17991219460964204]},{"pos":[-135.2280731201172,990.2281494140625,-303.9909362792969,0.17991219460964204,2.6762558391624226e-8,-0.9836826920509338,7.424676873313274e-9,1,2.8564445031520337e-8,0.9836826920509338,-1.2442617602914652e-8,0.17991219460964204]},{"pos":[-135.2280731201172,990.2281494140625,-303.9909362792969,0.17991219460964204,-5.61995694425832e-9,-0.9836826920509338,-1.367078783509612e-9,1,-5.963214810833506e-9,0.9836826920509338,2.417626765449654e-9,0.17991219460964204]},{"pos":[-135.2280731201172,990.2281494140625,-303.9909362792969,0.17991219460964204,-3.7974807298724048e-8,-0.9836826920509338,-1.0151326002016959e-8,1,-4.046137647151227e-8,0.9836826920509338,1.7265177731928817e-8,0.17991219460964204]},{"pos":[-135.2280731201172,990.2281494140625,-303.9909362792969,0.17991219460964204,-7.030201487623344e-8,-0.9836826920509338,-1.8928069778212376e-8,1,-7.493006393133328e-8,0.9836826920509338,3.2100047064886897e-8,0.17991219460964204]},{"pos":[-135.2280731201172,990.2281494140625,-303.9909362792969,0.17991219460964204,-1.0260160365760385e-7,-0.9836826920509338,-2.7697316440367105e-8,1,-1.0936930294747072e-7,0.9836826920509338,4.692224209179585e-8,0.17991219460964204]}],"duration":2.252352476119995}