{"data":[{"recordedHeight":2.998025417327881,"type":"config"},{"type":"position","time":0.0016858577728271485,"pos":[-7.7346320152282719,3.852363109588623,-0.10650791972875595,0.4612358808517456,-1.4368485956595123e-8,0.8872775435447693,-2.0319451010664126e-8,1,2.675661647799643e-8,-0.8872775435447693,-3.037010642970017e-8,0.4612358808517456]},{"type":"position","time":0.017868995666503907,"pos":[-7.7346320152282719,3.852363109588623,-0.10650791227817536,0.4612358808517456,-2.849592206644047e-8,0.8872775435447693,-4.029807243455252e-8,1,5.3064386662526888e-8,-0.8872775435447693,-6.023077503414243e-8,0.4612358808517456]},{"type":"position","time":0.0353696346282959,"pos":[-7.7346320152282719,3.852363109588623,-0.10650790482759476,0.4612358808517456,-4.2611283390669999e-8,0.8872775435447693,-6.025961596378693e-8,1,7.934966816947053e-8,-0.8872775435447693,-9.00659173908025e-8,0.4612358808517456]},{"type":"position","time":0.052332162857055667,"pos":[-7.7346320152282719,3.852363109588623,-0.10650788992643357,0.4612358808517456,-4.170454559471182e-8,0.8872775435447693,-5.89773456738385e-8,1,7.766116993934702e-8,-0.8872775435447693,-8.814939178591885e-8,0.4612358808517456]},{"type":"position","time":0.06868910789489746,"pos":[-7.7346320152282719,3.852363109588623,-0.10650790482759476,0.4612358808517456,-2.579496793941871e-8,0.8872775435447693,-3.64785002204826e-8,1,4.8034756616743837e-8,-0.8872775435447693,-5.4521908765536867e-8,0.4612358808517456]},{"type":"position","time":0.08449983596801758,"pos":[-7.7346320152282719,3.852363109588623,-0.10650790482759476,0.4612358808517456,-9.898986519374376e-9,0.8872775435447693,-1.3998891823518989e-8,1,1.84336652608863e-8,-0.8872775435447693,-2.092317075153005e-8,0.4612358808517456]},{"type":"position","time":0.10163760185241699,"pos":[-7.7346320152282719,3.852363109588623,-0.10650791227817536,0.4612358808517456,5.9834097676514379e-9,0.8872775435447693,8.461498168799153e-9,1,-1.1142123668150817e-8,-0.8872775435447693,1.2646844460562079e-8,0.4612358808517456]},{"type":"position","time":0.11883234977722168,"pos":[-7.7346320152282719,3.852363109588623,-0.10650791227817536,0.4612358808517456,2.1852232023888974e-8,0.8872775435447693,3.090268307914812e-8,1,-4.069263326300643e-8,-0.8872775435447693,4.618815907520002e-8,0.4612358808517456]},{"type":"position","time":0.1348116397857666,"pos":[-7.7346320152282719,3.852363109588623,-0.10650791227817536,0.4612358808517456,3.770749401610374e-8,0.8872775435447693,5.332468333563156e-8,1,-7.021787951089209e-8,-0.8872775435447693,7.970080417862846e-8,0.4612358808517456]},{"type":"position","time":0.15160608291625977,"pos":[-7.7346320152282719,3.852363109588623,-0.10650791972875595,0.4612358808517456,5.354920062927704e-8,0.8872775435447693,7.57275131491042e-8,1,-9.971789438623091e-8,-0.8872775435447693,1.1318479664623737e-7,0.4612358808517456]},{"type":"position","time":0.16813087463378907,"pos":[-7.7346320152282719,3.852363109588623,-0.10650792717933655,0.4612358808517456,3.6754180143816487e-8,0.8872775435447693,5.197654573407817e-8,1,-6.84426524344417e-8,-0.8872775435447693,7.76858257722779e-8,0.4612358808517456]},{"type":"position","time":0.184783935546875,"pos":[-7.7346320152282719,3.852363109588623,-0.10650792717933655,0.4612358808517456,1.9973510845261445e-8,0.8872775435447693,2.8245876748655975e-8,1,-3.71941375476581e-8,-0.8872775435447693,4.221720217856273e-8,0.4612358808517456]},{"type":"position","time":0.20334362983703614,"pos":[-7.7346320152282719,3.852363109588623,-0.10650791972875595,0.4612358808517456,3.2071847400061417e-9,0.8872775435447693,4.535499087410244e-9,1,-5.972335959114616e-9,-0.8872775435447693,6.778902328363756e-9,0.4612358808517456]},{"type":"position","time":0.21794557571411134,"pos":[-7.7346320152282719,3.852363109588623,-0.10650791972875595,0.4612358808517456,-1.3544812382804139e-8,0.8872775435447693,-1.915460678958425e-8,1,2.522277853245214e-8,-0.8872775435447693,-2.8629102644117667e-8,0.4612358808517456]},{"type":"position","time":0.2360515594482422,"pos":[-7.7346320152282719,3.852363109588623,-0.10650790482759476,0.4612358808517456,-3.028249295766727e-8,0.8872775435447693,-4.282445686953906e-8,1,5.639122591105661e-8,-0.8872775435447693,-6.400684071650176e-8,0.4612358808517456]},{"type":"position","time":0.25194454193115237,"pos":[-7.7346320152282719,3.852363109588623,-0.10650790482759476,0.4612358808517456,-4.700586586636746e-8,0.8872775435447693,-6.647407246873627e-8,1,8.753303148978375e-8,-0.8872775435447693,-9.935433098462454e-8,0.4612358808517456]},{"type":"position","time":0.26915836334228518,"pos":[-7.7346320152282719,3.852363109588623,-0.10650788247585297,0.4612358808517456,-3.3904658636174648e-8,0.8872775435447693,-4.794679497877041e-8,1,6.313631928378527e-8,-0.8872775435447693,-7.166285342918855e-8,0.4612358808517456]},{"type":"position","time":0.285336971282959,"pos":[-7.7346320152282719,3.852363109588623,-0.10650788992643357,0.4612358808517456,-2.0814646006783734e-8,0.8872775435447693,-2.943535726274149e-8,1,3.8760461507081348e-8,-0.8872775435447693,-4.39950476049944e-8,0.4612358808517456]},{"type":"position","time":0.3016984462738037,"pos":[-7.7346320152282719,3.852363109588623,-0.10650789737701416,0.4612358808517456,-7.735821760945783e-9,0.8872775435447693,-1.0939744221616366e-8,1,1.4405441284282006e-8,-0.8872775435447693,-1.6350895748473705e-8,0.4612358808517456]},{"type":"position","time":0.3195023536682129,"pos":[-7.7346320152282719,3.852363109588623,-0.10650790482759476,0.4612358808517456,5.331822539034192e-9,0.8872775435447693,7.540056579102839e-9,1,-9.928760924537983e-9,-0.8872775435447693,1.1269623456655609e-8,0.4612358808517456]},{"type":"position","time":0.33771729469299319,"pos":[-7.7346320152282719,3.852363109588623,-0.10650791227817536,0.4612358808517456,1.8388298883564859e-8,0.8872775435447693,2.6004057573913998e-8,1,-3.4242162882947017e-8,-0.8872775435447693,3.886653132667561e-8,0.4612358808517456]},{"type":"position","time":0.35298681259155276,"pos":[-7.7346320152282719,3.852363109588623,-0.10650791972875595,0.4612358808517456,3.143361482216278e-8,0.8872775435447693,4.4452271197314988e-8,1,-5.853478057815664e-8,-0.8872775435447693,6.64398456251547e-8,0.4612358808517456]},{"type":"position","time":0.37104010581970217,"pos":[-7.7346320152282719,3.852363109588623,-0.10650792717933655,0.4612358808517456,4.446777879252295e-8,0.8872775435447693,6.288471610105262e-8,1,-8.280663621462736e-8,-0.8872775435447693,9.398958411566127e-8,0.4612358808517456]},{"type":"position","time":0.3873746395111084,"pos":[-7.7346320152282719,3.852363109588623,-0.10650794208049774,0.4612358808517456,4.238595607830575e-8,0.8872775435447693,5.994067464598629e-8,1,-7.892991504832026e-8,-0.8872775435447693,8.958932795621877e-8,0.4612358808517456]},{"type":"position","time":0.4028892517089844,"pos":[-7.7346320152282719,3.852363109588623,-0.10650793462991715,0.4612358808517456,2.5207516074488013e-8,0.8872775435447693,3.564755601814795e-8,1,-4.694072330835297e-8,-0.8872775435447693,5.328002217197536e-8,0.4612358808517456]},{"type":"position","time":0.41973280906677248,"pos":[-7.7346320152282719,3.852363109588623,-0.10650793462991715,0.4612358808517456,8.043760324483174e-9,0.8872775435447693,1.137520921901114e-8,1,-1.497886970014406e-8,-0.8872775435447693,1.7001759999857314e-8,0.4612358808517456]},{"type":"position","time":0.4403858184814453,"pos":[-7.7346320152282719,3.852363109588623,-0.10650791972875595,0.4612358808517456,-9.105327158920318e-9,0.8872775435447693,-1.2876387067706219e-8,1,1.6955661763518038e-8,-0.8872775435447693,-1.9245488758201647e-8,0.4612358808517456]},{"type":"position","time":0.45357656478881838,"pos":[-7.7346320152282719,3.852363109588623,-0.10650791972875595,0.4612358808517456,-2.6239757033863499e-8,0.8872775435447693,-3.710724882921568e-8,1,4.886289772798591e-8,-0.8872775435447693,-5.5461750747554109e-8,0.4612358808517456]},{"type":"position","time":0.46900391578674319,"pos":[-7.7346320152282719,3.852363109588623,-0.10650791227817536,0.4612358808517456,-4.335954173484424e-8,0.8872775435447693,-6.131739382908563e-8,1,8.074285773318479e-8,-0.8872775435447693,-9.164705261355266e-8,0.4612358808517456]},{"type":"position","time":0.4877758026123047,"pos":[-7.7346320152282719,3.852363109588623,-0.10650789737701416,0.4612358808517456,-4.4282383981908427e-8,0.8872775435447693,-6.262244056642885e-8,1,8.246134797218474e-8,-0.8872775435447693,-9.359762032090657e-8,0.4612358808517456]},{"type":"position","time":0.5043318271636963,"pos":[-7.772417068481445,3.852363109588623,-0.14066168665885926,0.4893522560596466,0.000003926473709725542,0.872086226940155,2.0258882216239727e-7,1,-0.000004616070327756461,-0.872086226940155,0.000002435559281366295,0.4893522560596466]},{"type":"position","time":0.5198991298675537,"pos":[-7.863171577453613,3.8523635864257814,-0.2291937917470932,0.519549548625946,0.000007130324320314685,0.8544403314590454,2.9418251301649436e-7,1,-0.000008523902579327114,-0.8544403314590454,0.000004679950961872237,0.519549548625946]},{"type":"position","time":0.5370347499847412,"pos":[-7.998545169830322,3.8523635864257814,-0.37420952320098879,0.5504937171936035,0.000007827964509488084,0.8348392844200134,2.9409457624751669e-7,1,-0.00000957053907768568,-0.8348392844200134,0.0000055140435506473299,0.5504937171936035]},{"type":"position","time":0.5534706115722656,"pos":[-8.164424896240235,3.8523635864257814,-0.5599290728569031,0.5792591571807861,0.0000071523390943184499,0.8151434659957886,2.931711264864134e-7,1,-0.000008982665349321906,-0.8151434659957886,0.000005442267593025463,0.5792591571807861]},{"type":"position","time":0.5697598457336426,"pos":[-8.337636947631836,3.8523635864257814,-0.7611589431762695,0.6055830121040344,0.000006052375283616129,0.7957821488380432,2.859760570572689e-7,1,-0.000007823193300282583,-0.7957821488380432,0.000004965167590853525,0.6055830121040344]},{"type":"position","time":0.5890769958496094,"pos":[-8.510266304016114,3.8523635864257814,-0.964407205581665,0.6285601854324341,0.000004814428848476382,0.777760922908783,2.5683954163469027e-7,1,-0.000006397683591785608,-0.777760922908783,0.000004221089056954952,0.6285601854324341]},{"type":"position","time":0.6035871505737305,"pos":[-8.679712295532227,3.8523635864257814,-1.170332908630371,0.6495826840400696,0.000003928096248273505,0.7602909207344055,2.3053019049257274e-7,1,-0.0000053635317271982789,-0.7602909207344055,0.000003659327376226429,0.6495826840400696]},{"type":"position","time":0.6209316253662109,"pos":[-8.84825611114502,3.8523635864257814,-1.3770040273666382,0.6678407788276672,0.0000031450786082132255,0.7443041205406189,1.9651139382403927e-7,1,-0.000004401852493174374,-0.7443041205406189,0.0000030860007882438369,0.6678407788276672]},{"type":"position","time":0.6368498802185059,"pos":[-9.014341354370118,3.8523635864257814,-1.5856465101242066,0.6844619512557983,0.0000025600297703931575,0.7290486097335815,1.7021440612552397e-7,1,-0.0000036712710880237866,-0.7290486097335815,0.0000026369398256065326,0.6844619512557983]},{"type":"position","time":0.6536266803741455,"pos":[-9.175581932067871,3.8523635864257814,-1.7980422973632813,0.7007487416267395,0.0000023777254227752566,0.7134081721305847,1.6402476887833473e-7,1,-0.0000034940242130687695,-0.7134081721305847,0.0000025654496766946979,0.7007487416267395]},{"type":"position","time":0.6705491542816162,"pos":[-9.322805404663086,3.8523635864257814,-2.020310640335083,0.7205058336257935,0.000003189249355273205,0.6934489011764526,2.1340056832741539e-7,1,-0.0000048208394218818288,-0.6934489011764526,0.000003621425094024744,0.7205058336257935]},{"type":"position","time":0.6869513988494873,"pos":[-9.441452980041504,3.8523635864257814,-2.2588791847229006,0.7481802105903626,0.000006127609140094137,0.6634956002235413,3.493985616387363e-7,1,-0.000009629337000660599,-0.6634956002235413,0.000007436303349095397,0.7481802105903626]},{"type":"position","time":0.7049756050109863,"pos":[-9.516871452331543,3.852363348007202,-2.5142104625701906,0.7857871651649475,0.00001213236009789398,0.6184969544410706,4.637034578536259e-7,1,-0.000020205001419526526,-0.6184969544410706,0.000016163630789378659,0.7857871651649475]},{"type":"position","time":0.7204866409301758,"pos":[-9.548334121704102,3.8523638248443605,-2.778630018234253,0.8291171193122864,0.000018848420950234869,0.5590749979019165,2.5576332518539859e-7,1,-0.00003409288183320314,-0.5590749979019165,0.00002840998422470875,0.8291171193122864]},{"type":"position","time":0.7394676208496094,"pos":[-9.542985916137696,3.8523645401000978,-3.045018434524536,0.8723450303077698,0.0000224816903937608,0.488890677690506,-1.9649009175282118e-7,1,-0.00004563450420391746,-0.488890677690506,0.000039712969737593087,0.8723450303077698]},{"type":"position","time":0.7541916370391846,"pos":[-9.53938102722168,3.836930751800537,-3.132758378982544,0.8762527704238892,0.000008227598300436512,0.4818516969680786,4.952379413225572e-7,1,-0.000017975555238081143,-0.4818516969680786,0.000015989762687240728,0.8762527704238892]},{"type":"position","time":0.7700350284576416,"pos":[-9.539230346679688,3.8416147232055666,-3.1352734565734865,0.8763599395751953,-6.570083428414364e-7,0.4816567301750183,1.7697833243346396e-7,1,0.000001042052531374793,-0.4816567301750183,-8.279703251901083e-7,0.8763599395751953]},{"type":"position","time":0.789264440536499,"pos":[-9.539224624633789,3.846205711364746,-3.135321617126465,0.8763629198074341,-0.0000011028142807845143,0.48165133595466616,-1.570967178565752e-8,1,0.0000023182365112006666,-0.48165133595466616,-0.000002039183073065942,0.8763629198074341]},{"type":"position","time":0.8037738800048828,"pos":[-9.539224624633789,3.8490002155303957,-3.1353225708007814,0.8763629794120789,-1.8035322568721313e-7,0.4816512167453766,-2.4091633576972528e-8,1,4.1828243979580295e-7,-0.4816512167453766,-3.781710233852209e-7,0.8763629794120789]},{"type":"position","time":0.8201611042022705,"pos":[-9.539224624633789,3.850551128387451,-3.1353230476379396,0.8763629794120789,8.54684785167592e-8,0.4816512167453766,-3.783321211869861e-9,1,-1.7056515844160459e-7,-0.4816512167453766,1.4765474531941437e-7,0.8763629794120789]},{"type":"position","time":0.8373103141784668,"pos":[-9.539224624633789,3.8513906002044679,-3.1353230476379396,0.8763629794120789,6.05776975248773e-8,0.4816512167453766,5.075072806448588e-9,1,-1.35004967205532e-7,-0.4816512167453766,1.2075777533482324e-7,0.8763629794120789]},{"type":"position","time":0.8538544178009033,"pos":[-9.539224624633789,3.851841926574707,-3.1353230476379396,0.8763629794120789,3.570819018250404e-8,0.4816512167453766,1.3925899544631193e-8,1,-9.94751658822679e-8,-0.4816512167453766,9.388377719687924e-8,0.8763629794120789]},{"type":"position","time":0.8704352378845215,"pos":[-9.539224624633789,3.852083921432495,-3.1353230476379396,0.8763629794120789,1.0859936061535791e-8,0.4816512167453766,2.276916077903479e-8,1,-6.397572605010282e-8,-0.4816512167453766,6.703275090558236e-8,0.8763629794120789]},{"type":"position","time":0.8881750106811523,"pos":[-9.539224624633789,3.8522136211395265,-3.1353230476379396,0.8763629794120789,-1.3967085266131108e-8,0.4816512167453766,3.1604866279622e-8,1,-2.8506624616397859e-8,-0.4816512167453766,4.020467514465054e-8,0.8763629794120789]},{"type":"position","time":0.9052104949951172,"pos":[-9.539224624633789,3.852283000946045,-3.1353230476379396,0.8763629794120789,-3.877289245224347e-8,0.4816512167453766,4.043302226364176e-8,1,6.93216462011037e-9,-0.4816512167453766,1.3399522380552753e-8,0.8763629794120789]},{"type":"position","time":0.9204881191253662,"pos":[-9.539224624633789,3.8523201942443849,-3.1353230476379396,0.8763629794120789,-6.355750059583443e-8,0.4816512167453766,4.9253635836521428e-8,1,4.234066963704208e-8,-0.4816512167453766,-1.3382719821208866e-8,0.8763629794120789]},{"type":"position","time":0.9369823932647705,"pos":[-9.539224624633789,3.8523402214050295,-3.1353230476379396,0.8763629794120789,-8.832091680233134e-8,0.4816512167453766,5.8066706998261e-8,1,7.771890864205489e-8,-0.4816512167453766,-4.014207632963007e-8,0.8763629794120789]},{"type":"position","time":0.953831672668457,"pos":[-9.539224624633789,3.852350950241089,-3.1353230476379396,0.8763629794120789,-8.343303647961875e-8,0.4816512167453766,4.9853582595460469e-8,1,8.251447525253752e-8,-0.4816512167453766,-4.830059197047376e-8,0.8763629794120789]},{"type":"position","time":0.9703137874603272,"pos":[-9.539224624633789,3.8523566722869875,-3.1353230476379396,0.8763629794120789,-4.8931859453205109e-8,0.4816512167453766,2.4636104711817098e-8,1,5.676657011122188e-8,-0.4816512167453766,-3.788210989341678e-8,0.8763629794120789]},{"type":"position","time":0.9879567623138428,"pos":[-9.539224624633789,3.8523597717285158,-3.1353230476379396,0.8763629794120789,-1.4460178832109705e-8,0.4816512167453766,-5.598117525096313e-10,1,3.104067047843273e-8,-0.4816512167453766,-2.7472529140482039e-8,0.8763629794120789]},{"type":"position","time":1.0059313774108887,"pos":[-9.539224624633789,3.8523614406585695,-3.1353230476379396,0.8763629794120789,1.9982032029020048e-8,0.4816512167453766,-2.5734186337444954e-8,1,5.336759922869305e-9,-0.4816512167453766,-1.7071840829885333e-8,0.8763629794120789]},{"type":"position","time":1.0205714702606202,"pos":[-9.539224624633789,3.8523623943328859,-3.1353230476379396,0.8763629794120789,5.439479977553674e-8,0.4816512167453766,-5.08870385829141e-8,1,-2.0345181539482838e-8,-0.4816512167453766,-6.680040076645355e-9,0.8763629794120789]},{"type":"position","time":1.0372085571289063,"pos":[-9.539224624633789,3.852362871170044,-3.1353230476379396,0.8763629794120789,8.87781439473656e-8,0.4816512167453766,-7.601838092341495e-8,1,-4.600517300445972e-8,-0.4816512167453766,3.7028828892005096e-9,0.8763629794120789]},{"type":"position","time":1.0546646118164063,"pos":[-9.539224624633789,3.852363109588623,-3.1353230476379396,0.8763629794120789,1.2313209651892976e-7,0.4816512167453766,-1.0112824355701378e-7,1,-7.164322823882685e-8,-0.4816512167453766,1.4076935173079619e-8,0.8763629794120789]},{"type":"position","time":1.0740318298339844,"pos":[-9.539224624633789,3.852363109588623,-3.1353230476379396,0.8763629794120789,6.340508207358653e-8,0.4816512167453766,-4.936137898425841e-8,1,-4.182819068887511e-8,-0.4816512167453766,1.2881709920975482e-8,0.8763629794120789]},{"type":"position","time":1.0889904499053956,"pos":[-9.542349815368653,3.852363109588623,-3.150045394897461,0.8848959803581238,0.0000011223756928302465,0.46578866243362429,1.228280410714433e-7,1,-0.0000026429704576003134,-0.46578866243362429,0.0000023959657937666636,0.8848959803581238]},{"type":"position","time":1.1062655448913575,"pos":[-9.554144859313965,3.852363109588623,-3.265772819519043,0.9071065783500671,0.000005436193077912321,0.4209010601043701,4.518436753642163e-7,1,-0.000013889401088817977,-0.4209010601043701,0.000012789348147634883,0.9071065783500671]},{"type":"position","time":1.1223864555358887,"pos":[-9.567039489746094,3.8523635864257814,-3.4505088329315187,0.9266471862792969,0.000006508627393486677,0.37593212723731997,3.246601067985466e-7,1,-0.000018113571059075185,-0.37593212723731997,0.00001690693898126483,0.9266471862792969]},{"type":"position","time":1.1381168365478516,"pos":[-9.582535743713379,3.8523638248443605,-3.7105584144592287,0.942282497882843,0.000004850624918617541,0.3348188102245331,3.0020001418051836e-7,1,-0.00001533216709503904,-0.3348188102245331,0.000014547746104653925,0.942282497882843]},{"type":"position","time":1.155219316482544,"pos":[-9.588432312011719,3.8523638248443605,-3.977043628692627,0.955815851688385,0.000003467011538305087,0.2939661741256714,3.8467672425213097e-7,1,-0.000013044670595263597,-0.2939661741256714,0.000012581383998622187,0.955815851688385]},{"type":"position","time":1.1710238456726075,"pos":[-9.588335037231446,3.8523638248443605,-4.243733882904053,0.9668865203857422,0.0000026088807771884605,0.2552067041397095,3.8818117786831865e-7,1,-0.000011693297892634292,-0.2552067041397095,0.000011405159057176207,0.9668865203857422]},{"type":"position","time":1.1900262832641602,"pos":[-9.579474449157715,3.8523640632629396,-4.5102620124816898,0.9761608839035034,0.0000020081292859686075,0.21704834699630738,3.619998665271851e-7,1,-0.000010880061381612905,-0.21704834699630738,0.000010699262020352763,0.9761608839035034]},{"type":"position","time":1.2061772346496583,"pos":[-9.559225082397461,3.8523640632629396,-4.776151657104492,0.9840084910392761,0.0000015892122746663518,0.17812153697013856,3.5535057918423265e-7,1,-0.000010885153642448131,-0.17812153697013856,0.000010774379006761592,0.9840084910392761]},{"type":"position","time":1.224203109741211,"pos":[-9.509860038757325,3.8523640632629396,-5.173089504241943,0.9930328130722046,0.000001009079028335691,0.11783839762210846,3.553877547801676e-7,1,-0.000011558122423593887,-0.11783839762210846,0.000011519473446242046,0.9930328130722046]},{"type":"position","time":1.2412312030792237,"pos":[-9.4685640335083,3.8523640632629396,-5.4365620613098148,0.9967244267463684,5.167073027223523e-7,0.0808725506067276,3.25288453950634e-7,1,-0.000010398216545581818,-0.0808725506067276,0.000010390464012743906,0.9967244267463684]},{"type":"position","time":1.2552850246429444,"pos":[-9.444937705993653,3.8523643016815187,-5.567794322967529,0.9979958534240723,2.910591945237684e-7,0.06327895075082779,3.162476218676602e-7,1,-0.000009587280146661215,-0.06327895075082779,0.00000958807777351467,0.9979958534240723]},{"type":"position","time":1.2718868255615235,"pos":[-9.39301586151123,3.8523638248443605,-5.829368591308594,0.9995934963226318,-6.913059991120463e-8,0.02851030044257641,3.1237433972819419e-7,1,-0.000008527330464858096,-0.02851030044257641,0.0000085327701526694,0.9995934963226318]},{"type":"position","time":1.2892370223999024,"pos":[-9.333017349243164,3.8523638248443605,-6.0892014503479,0.9999825358390808,-3.569164448435913e-7,-0.0059103043749928478,3.0813694706921526e-7,1,-0.000008254211934399791,0.0059103043749928478,0.00000825224651634926,0.9999825358390808]},{"type":"position","time":1.3065807819366456,"pos":[-9.268510818481446,3.8523638248443605,-6.347967147827148,0.9992750287055969,-5.700533165509114e-7,-0.0380714125931263,2.8154482833997465e-7,1,-0.000007583449132653186,0.0380714125931263,0.000007567232842120575,0.9992750287055969]},{"type":"position","time":1.3222060203552247,"pos":[-9.197975158691407,3.8523638248443605,-6.605145454406738,0.9976174831390381,-7.37208495138475e-7,-0.06898828595876694,2.6482067028155145e-7,1,-0.000006856508662167471,0.06898828595876694,0.000006821903298259713,0.9976174831390381]},{"type":"position","time":1.337658166885376,"pos":[-9.122469902038575,3.8523638248443605,-6.8609113693237309,0.9951575398445129,-8.598952945249039e-7,-0.0982927531003952,2.4980096213766958e-7,1,-0.000006219217993930215,0.0982927531003952,0.000006164547812659293,0.9951575398445129]},{"type":"position","time":1.3584764003753663,"pos":[-9.008594512939454,3.8523638248443605,-7.244385242462158,0.9906517267227173,-8.353018756679376e-7,-0.13641522824764253,2.028225480898982e-7,1,-0.000004650326900446089,0.13641522824764253,0.0000045791862248734109,0.9906517267227173]},{"type":"position","time":1.372398853302002,"pos":[-8.970134735107422,3.8523638248443605,-7.37206506729126,0.9891250133514404,-7.848336167626258e-7,-0.14707715809345246,1.8493510367534328e-7,1,-0.000004092475592187839,0.14707715809345246,0.000004020770120405359,0.9891250133514404]},{"type":"position","time":1.3908395767211915,"pos":[-8.845792770385743,3.8523638248443605,-7.752246856689453,0.9835807681083679,-7.863286555220839e-7,-0.18046846985816956,1.6457211415854545e-7,1,-0.0000034602094274305274,0.18046846985816956,0.000003373695562913781,0.9835807681083679]},{"type":"position","time":1.4051103591918946,"pos":[-8.801346778869629,3.8523638248443605,-7.87795352935791,0.9815592765808106,-8.130971309583401e-7,-0.19115813076496125,1.6120253576445976e-7,1,-0.0000034257884635735538,0.19115813076496125,0.0000033317990073555849,0.9815592765808106]},{"type":"position","time":1.4231541156768799,"pos":[-8.708059310913086,3.8523638248443605,-8.12777042388916,0.9770825505256653,-8.80669176694937e-7,-0.21286065876483918,1.574190662267938e-7,1,-0.000003414711727600661,0.21286065876483918,0.000003302947106931242,0.9770825505256653]},{"type":"position","time":1.4381377696990967,"pos":[-8.608769416809082,3.8523638248443605,-8.375261306762696,0.9720473289489746,-9.794109701033449e-7,-0.2347850650548935,1.6026204718855298e-7,1,-0.0000035080111047136599,0.2347850650548935,0.0000033723256365192357,0.9720473289489746]},{"type":"position","time":1.457301378250122,"pos":[-8.459044456481934,3.8523638248443605,-8.746197700500489,0.9646750688552856,-8.701556453161174e-7,-0.26344260573387148,1.373416722572074e-7,1,-0.000002800100219246815,0.26344260573387148,0.000002665005240487517,0.9646750688552856]},{"type":"position","time":1.473029613494873,"pos":[-8.403620719909668,3.8523638248443605,-8.867436408996582,0.9617016911506653,-9.286479212278209e-7,-0.2740982472896576,1.421653479383167e-7,1,-0.000002889209781642421,0.2740982472896576,0.0000027395906272431604,0.9617016911506653]},{"type":"position","time":1.4893097877502442,"pos":[-8.281235694885254,3.8523638248443605,-9.1043119430542,0.9540523290634155,-0.0000014881560446156073,-0.29964005947113039,1.9703078635302519e-7,1,-0.000004339134193287464,0.29964005947113039,0.000004080722646904178,0.9540523290634155]},{"type":"position","time":1.5058584213256837,"pos":[-8.144682884216309,3.8523638248443605,-9.333303451538086,0.9441930055618286,-0.0000023253476229001537,-0.329392671585083,2.5063769726330067e-7,1,-0.000006341055268421769,0.329392671585083,0.000005904621957597556,0.9441930055618286]},{"type":"position","time":1.5252232551574708,"pos":[-7.9008636474609379,3.8523635864257814,-9.650158882141114,0.9211030006408691,-0.000005239804067969089,-0.3893190026283264,3.6575326589627368e-7,1,-0.0000125935484902584,0.3893190026283264,0.000011457560503913556,0.9211030006408691]},{"type":"position","time":1.539980411529541,"pos":[-7.805114269256592,3.8523635864257814,-9.742554664611817,0.9101026058197022,-0.000006868363925605081,-0.4143829643726349,4.0645684862283817e-7,1,-0.000015682224329793827,0.4143829643726349,0.000014104003639658913,0.9101026058197022]},{"type":"position","time":1.5561714172363282,"pos":[-7.589481353759766,3.8523635864257814,-9.898824691772461,0.8793522119522095,-0.000014076812476560008,-0.47617194056510928,4.1323002619719775e-7,1,-0.00002879933890653774,0.47617194056510928,0.000025127994376816788,0.8793522119522095]},{"type":"position","time":1.5726597309112549,"pos":[-7.361107349395752,3.8523643016815187,-10.036422729492188,0.8430008292198181,-0.000019563442037906499,-0.5379122495651245,6.072090741326974e-8,1,-0.0000362740465789102,0.5379122495651245,0.000030546390917152169,0.8430008292198181]},{"type":"position","time":1.5898170471191407,"pos":[-7.126126766204834,3.8387396335601808,-10.16259479522705,0.8040268421173096,-0.000020899835362797604,-0.5945929884910584,3.45459625350486e-8,1,-0.00003510310489218682,0.5945929884910584,0.000028203297915752047,0.8040268421173096]},{"type":"position","time":1.60610032081604,"pos":[-6.889861583709717,3.8388776779174806,-10.286454200744629,0.7663003206253052,-0.000018601187548483723,-0.6424825191497803,2.7309920369589238e-7,1,-0.00002862632209144067,0.6424825191497803,0.000021760899471701124,0.7663003206253052]},{"type":"position","time":1.6229379177093506,"pos":[-6.650614261627197,3.844144344329834,-10.404363632202149,0.7291034460067749,-0.00001603493728907779,-0.6844034790992737,4.652925440495892e-7,1,-0.000022933387299417519,0.6844034790992737,0.000016402364053647035,0.7291034460067749]},{"type":"position","time":1.639497995376587,"pos":[-6.408797740936279,3.8478002548217775,-10.516891479492188,0.6929041147232056,-0.000014194856703397818,-0.7210297584533691,4.88112164021004e-7,1,-0.000019217850422137418,0.7210297584533691,0.000012964184861630202,0.6929041147232056]},{"type":"position","time":1.6570675373077393,"pos":[-6.041708946228027,3.8505516052246095,-10.6759033203125,0.6392951011657715,-0.000012595493899425492,-0.768961489200592,4.3444350694699099e-7,1,-0.00001601869189471472,0.768961489200592,0.000009906601007969585,0.6392951011657715]},{"type":"position","time":1.672668218612671,"pos":[-5.917879581451416,3.8510358333587648,-10.725403785705567,0.622543215751648,-0.000011963958968408406,-0.7825854420661926,4.1202619627256356e-7,1,-0.000014959970030758996,0.7825854420661926,0.000008990781680040527,0.622543215751648]},{"type":"position","time":1.6896922588348389,"pos":[-5.666614055633545,3.851651430130005,-10.814705848693848,0.5872100591659546,-0.000011310005902487319,-0.8094345927238464,3.974313074195379e-7,1,-0.000013684404621017166,0.8094345927238464,0.00000771392478782218,0.5872100591659546]},{"type":"position","time":1.7074236869812012,"pos":[-5.285264492034912,3.852084159851074,-10.935500144958496,0.5336927175521851,-0.000011210913726245053,-0.845678448677063,3.8299032212307795e-7,1,-0.00001301501106354408,0.845678448677063,0.000006622130058531184,0.5336927175521851]},{"type":"position","time":1.7229111194610596,"pos":[-5.157294750213623,3.852159023284912,-10.973024368286133,0.5173966884613037,-0.000010608886441332288,-0.8557456731796265,3.625362978709745e-7,1,-0.00001217804765474284,0.8557456731796265,0.000005990641966491239,0.5173966884613037]},{"type":"position","time":1.7413904666900635,"pos":[-4.772311210632324,3.852283477783203,-11.081716537475586,0.47041773796081545,-0.000008170280125341378,-0.8824438452720642,3.2560137697146276e-7,1,-0.000009085123565455433,0.8824438452720642,0.000003986478077422362,0.47041773796081545]},{"type":"position","time":1.7574119567871094,"pos":[-4.513885498046875,3.852320671081543,-11.147573471069336,0.4413788318634033,-0.0000071421563916374,-0.8973208665847778,3.002940047736047e-7,1,-0.000007811712748662103,0.8973208665847778,0.0000031784645670995816,0.4413788318634033]},{"type":"position","time":1.7717132568359376,"pos":[-4.383965492248535,3.85233211517334,-11.177569389343262,0.42726632952690127,-0.000006714924438711023,-0.9041258096694946,2.8523282935566387e-7,1,-0.000007292186637641862,0.9041258096694946,0.0000028578194815054305,0.42726632952690127]},{"type":"position","time":1.7906215190887452,"pos":[-3.9939072132110597,3.852351188659668,-11.266297340393067,0.38728103041648867,-0.000005585645340033807,-0.9219617247581482,2.4545130372644055e-7,1,-0.000005955330379947554,0.9219617247581482,0.000002080089871014934,0.38728103041648867]},{"type":"position","time":1.8055078983306885,"pos":[-3.862877607345581,3.8523545265197756,-11.290914535522461,0.3738395869731903,-0.000005512558800546685,-0.9274933934211731,2.4298850576087718e-7,1,-0.000005845561645401176,0.9274933934211731,0.000001959932205863879,0.3738395869731903]},{"type":"position","time":1.823744773864746,"pos":[-3.599858045578003,3.85235857963562,-11.334872245788575,0.3465896248817444,-0.000005625766334560467,-0.9380168914794922,2.4197453285523809e-7,1,-0.0000059081030485685918,0.9380168914794922,0.000001820710963329475,0.3465896248817444]},{"type":"position","time":1.8405301570892335,"pos":[-3.203792095184326,3.8523616790771486,-11.390892028808594,0.3059542775154114,-0.000005579701792157721,-0.9520462155342102,2.331649966436089e-7,1,-0.000005785816028947011,0.9520462155342102,0.0000015482113440157264,0.3059542775154114]},{"type":"position","time":1.8567781448364258,"pos":[-3.071434736251831,3.8523621559143068,-11.407062530517579,0.29350993037223818,-0.0000052960540415369909,-0.9559560418128967,2.2263795074195515e-7,1,-0.0000054717033890483439,0.9559560418128967,0.0000013931671674072277,0.29350993037223818]},{"type":"position","time":1.8733437061309815,"pos":[-2.8061563968658449,3.852362871170044,-11.434264183044434,0.2682812809944153,-0.000004767511654790724,-0.9633406400680542,2.0798640321118e-7,1,-0.000004891014214081224,0.9633406400680542,0.0000011118057727799169,0.2682812809944153]},{"type":"position","time":1.8899810314178467,"pos":[-2.540452003479004,3.852363109588623,-11.456988334655762,0.24399609863758088,-0.000004422399797476828,-0.9697762131690979,1.9789067096098734e-7,1,-0.000004510437520366395,0.9697762131690979,9.086195404961472e-7,0.24399609863758088]},{"type":"position","time":1.9083714485168458,"pos":[-2.141282558441162,3.852363109588623,-11.482863426208496,0.20832805335521699,-0.000004110986083105672,-0.9780589938163757,1.8534895218635939e-7,1,-0.000004163729045103537,0.9780589938163757,6.861393444523856e-7,0.20832805335521699]},{"type":"position","time":1.9237170219421387,"pos":[-1.8749765157699586,3.852363109588623,-11.496983528137207,0.18741744756698609,-0.000003474617642496014,-0.9822803735733032,1.5907984618479532e-7,1,-0.0000035069449495495066,0.9822803735733032,5.010016366213677e-7,0.18741744756698609]},{"type":"position","time":1.9408631324768067,"pos":[-1.6085418462753297,3.852363109588623,-11.508278846740723,0.16800272464752198,-0.000002821421730914153,-0.9857865571975708,1.4121189906290966e-7,1,-0.0000028380361527524657,0.9857865571975708,3.375931783011765e-7,0.16800272464752198]},{"type":"position","time":1.9586820602416993,"pos":[-1.3420013189315797,3.852363109588623,-11.516660690307618,0.14970476925373078,-0.0000024408391254837626,-0.9887307286262512,1.2706350105418097e-7,1,-0.00000244942020799499,0.9887307286262512,2.410583874734584e-7,0.14970476925373078]},{"type":"position","time":1.9737858772277833,"pos":[-1.0754443407058716,3.852363109588623,-11.524605751037598,0.13358913362026215,-0.0000020007055354653859,-0.9910367727279663,1.0474477818434025e-7,1,-0.0000020046811641805108,0.9910367727279663,1.6399776825437585e-7,0.13358913362026215]},{"type":"position","time":1.9893457889556885,"pos":[-0.9421420693397522,3.852363109588623,-11.527606964111329,0.12606044113636018,-0.0000017960082914214582,-0.9920225739479065,9.486146979043042e-8,1,-0.0000017983966245083139,0.9920225739479065,1.3260201114917437e-7,0.12606044113636018]},{"type":"position","time":2.0073864459991457,"pos":[-0.5422278642654419,3.852363109588623,-11.53618049621582,0.10509968549013138,-0.0000013695607776753605,-0.994461715221405,7.493083842291526e-8,1,-0.0000013692690572497668,0.994461715221405,6.93939128382226e-8,0.10509968549013138]},{"type":"position","time":2.025644540786743,"pos":[-0.27561476826667788,3.852363109588623,-11.541851043701172,0.09370624274015427,-0.0000010501465794732213,-0.9955998659133911,5.8001290881293247e-8,1,-0.0000010493286026758142,0.9955998659133911,4.0582584404091907e-8,0.09370624274015427]},{"type":"position","time":2.0405638217926027,"pos":[-0.008959706872701645,3.852363109588623,-11.54427433013916,0.08232950419187546,-8.898285841496545e-7,-0.9966051578521729,5.0356920411331887e-8,1,-8.886997306944977e-7,0.9966051578521729,2.2980243485903885e-8,0.08232950419187546]},{"type":"position","time":2.0566508769989015,"pos":[0.1243719607591629,3.852363109588623,-11.545329093933106,0.07726114243268967,-8.295034490402031e-7,-0.9970108866691589,4.707107237322816e-8,1,-8.283427064270654e-7,0.9970108866691589,1.7068339630554875e-8,0.07726114243268967]},{"type":"position","time":2.073246479034424,"pos":[0.3910379707813263,3.852363109588623,-11.546494483947754,0.06748545914888382,-6.981034630371141e-7,-0.9977202415466309,3.9758806025247398e-8,1,-6.970093409108813e-7,0.9977202415466309,7.369832299986001e-9,0.06748545914888382]},{"type":"position","time":2.0899152755737306,"pos":[0.6577053666114807,3.852363109588623,-11.547565460205079,0.058919135481119159,-5.585112035078055e-7,-0.9982627630233765,3.213071053664862e-8,1,-5.575867589868722e-7,0.9982627630233765,7.776416177662782e-10,0.058919135481119159]},{"type":"position","time":2.1065826416015627,"pos":[0.9243722558021545,3.852363109588623,-11.548636436462403,0.05150413513183594,-4.190435447526397e-7,-0.9986727833747864,2.4529835940256818e-8,1,-4.1833538944047179e-7,0.9986727833747864,-2.9512763344285988e-9,0.05150413513183594]},{"type":"position","time":2.126209259033203,"pos":[1.324371099472046,3.852363109588623,-11.550253868103028,0.04192977026104927,-2.822070257479936e-7,-0.9991205334663391,1.6917732992283164e-8,1,-2.817454287651344e-7,0.9991205334663391,-5.089332510976874e-9,0.04192977026104927]},{"type":"position","time":2.1404483318328859,"pos":[1.5910242795944214,3.852363109588623,-11.553132057189942,0.03765827417373657,-2.0269330036626344e-7,-0.9992907047271729,1.2367609159014137e-8,1,-2.0237111186816038e-7,0.9992907047271729,-4.737889636174941e-9,0.03765827417373657]},{"type":"position","time":2.1591310501098635,"pos":[1.8576295375823975,3.852363109588623,-11.55888557434082,0.03544776141643524,-1.528056401411959e-7,-0.9993715286254883,9.917763499345256e-9,1,-1.5254995844316e-7,0.9993715286254883,-4.503976303027457e-9,0.03544776141643524]},{"type":"position","time":2.1752591133117677,"pos":[2.124114513397217,3.852363109588623,-11.568697929382325,0.03557926043868065,-1.4012297810950259e-7,-0.9993668794631958,1.0239124215161155e-8,1,-1.398472164737541e-7,0.9993668794631958,-5.256980184498161e-9,0.03557926043868065]},{"type":"position","time":2.1913511753082277,"pos":[2.3904671669006349,3.852363109588623,-11.581622123718262,0.03728237748146057,-1.1442982383869094e-7,-0.9993047714233398,9.212019591586796e-9,1,-1.1416574352551834e-7,0.9993047714233398,-4.949244569729672e-9,0.03728237748146057]},{"type":"position","time":2.207686424255371,"pos":[2.6567370891571047,3.852363109588623,-11.596162796020508,0.03959370404481888,-1.2055963338752918e-7,-0.999215841293335,9.511275322893198e-9,1,-1.2027736318032113e-7,0.999215841293335,-4.741591563828251e-9,0.03959370404481888]},{"type":"position","time":2.2242438793182375,"pos":[2.922999620437622,3.852363109588623,-11.61083698272705,0.04167895391583443,-1.2653318037791906e-7,-0.9991310834884644,9.054797800445158e-9,1,-1.262655047185035e-7,0.9991310834884644,-3.7843155276107158e-9,0.04167895391583443]},{"type":"position","time":2.241657257080078,"pos":[3.1892621517181398,3.852363109588623,-11.62551498413086,0.04348551481962204,-1.1541855826635583e-7,-0.9990540742874146,7.445285721274786e-9,1,-1.1520376830276291e-7,0.9990540742874146,-2.428547807298287e-9,0.04348551481962204]},{"type":"position","time":2.2567875385284426,"pos":[3.3224387168884279,3.852363109588623,-11.631954193115235,0.04383246600627899,-1.2386497871830216e-7,-0.9990388751029968,7.473789587209012e-9,1,-1.2365622126253585e-7,0.9990388751029968,-2.0464490102511947e-9,0.04383246600627899]},{"type":"position","time":2.2749321460723879,"pos":[3.7221198081970217,3.852363109588623,-11.64787483215332,0.04304732382297516,-8.309260124406137e-8,-0.9990730285644531,4.081154969526324e-9,1,-8.299385001464543e-8,0.9990730285644531,-5.047088857956794e-10,0.04304732382297516]},{"type":"position","time":2.290841817855835,"pos":[3.9885807037353517,3.852363109588623,-11.658342361450196,0.04253273084759712,-3.767279466160289e-8,-0.99909508228302,1.0131392391699024e-9,1,-3.7663788532427137e-8,0.99909508228302,5.89721382837638e-10,0.04253273084759712]},{"type":"position","time":2.3100109100341799,"pos":[4.25510835647583,3.852363109588623,-11.6669282913208,0.04115878418087959,-8.936955175897765e-9,-0.9991526007652283,-9.639552489559833e-10,1,-8.98424268314102e-9,0.9991526007652283,1.332918886376433e-9,0.04115878418087959]},{"type":"position","time":2.324833393096924,"pos":[4.521731376647949,3.852363109588623,-11.67152214050293,0.03797388821840286,-7.4798322202696e-8,-0.999278724193573,3.0445330700956676e-9,1,-7.473661156609524e-8,0.999278724193573,-2.042973845650664e-10,0.03797388821840286]},{"type":"position","time":2.3415377140045168,"pos":[4.788391590118408,3.852363109588623,-11.67288875579834,0.033575356006622317,-1.5993148849702266e-7,-0.9994361996650696,9.020692637307093e-9,1,-1.597186667368078e-7,0.9994361996650696,-3.6529959057673979e-9,0.033575356006622317]},{"type":"position","time":2.357872486114502,"pos":[5.054934501647949,3.852363109588623,-11.665388107299805,0.025345515459775926,-3.7069059999339517e-7,-0