{"data":[{"pos":[-82.09441375732422,167.78916931152345,-261.59759521484377,1,0,0,0,1,0,0,0,1]},{"pos":[-82.09441375732422,167.78916931152345,-261.59759521484377,1,0,0,0,1,0,0,0,1]},{"pos":[-82.09441375732422,167.78916931152345,-261.59759521484377,1,0,0,0,1,0,0,0,1]},{"pos":[-82.09441375732422,167.78916931152345,-261.59759521484377,1,0,0,0,1,0,0,0,1]},{"pos":[-82.09441375732422,167.78916931152345,-261.59759521484377,1,0,0,0,1,0,0,0,1]},{"pos":[-82.09441375732422,167.78916931152345,-261.59759521484377,1,0,0,0,1,0,0,0,1]},{"pos":[-82.09441375732422,167.78916931152345,-261.59759521484377,1,0,0,0,1,0,0,0,1]},{"pos":[-82.09441375732422,167.78916931152345,-261.59759521484377,1,0,0,0,1,0,0,0,1]},{"pos":[-82.09441375732422,167.78916931152345,-261.59759521484377,1,0,0,0,1,0,0,0,1]},{"pos":[-82.09441375732422,167.78916931152345,-261.59759521484377,1,0,0,0,1,0,0,0,1]},{"pos":[-82.09441375732422,167.78916931152345,-261.59759521484377,1,0,0,0,1,0,0,0,1]},{"pos":[-82.09441375732422,167.78916931152345,-261.59759521484377,1,0,0,0,1,0,0,0,1]},{"pos":[-82.09441375732422,167.78916931152345,-261.59759521484377,1,0,0,0,1,0,0,0,1]},{"pos":[-82.09441375732422,167.78916931152345,-261.59759521484377,1,0,0,0,1,0,0,0,1]},{"pos":[-82.09441375732422,167.78916931152345,-261.59759521484377,1,0,0,0,1,0,0,0,1]},{"pos":[-82.09441375732422,167.78916931152345,-261.59759521484377,1,0,0,0,1,0,0,0,1]},{"pos":[-82.09441375732422,167.78916931152345,-261.59759521484377,1,0,0,0,1,0,0,0,1]},{"pos":[-82.09441375732422,167.78916931152345,-261.59759521484377,1,0,0,0,1,0,0,0,1]},{"pos":[-82.09441375732422,167.78916931152345,-261.59759521484377,1,0,0,0,1,0,0,0,1]},{"pos":[-82.09441375732422,167.78916931152345,-261.59759521484377,1,0,0,0,1,0,0,0,1]},{"pos":[-82.09441375732422,167.78916931152345,-261.59759521484377,1,0,0,0,1,0,0,0,1]},{"pos":[-82.09441375732422,167.78916931152345,-261.59759521484377,1,0,0,0,1,0,0,0,1]},{"pos":[-82.09441375732422,167.78916931152345,-261.59759521484377,1,0,0,0,1,0,0,0,1]},{"pos":[-82.09441375732422,167.78916931152345,-261.59759521484377,1,0,0,0,1,0,0,0,1]},{"pos":[-82.09441375732422,167.78916931152345,-261.59759521484377,1,0,0,0,1,0,0,0,1]},{"pos":[-82.09441375732422,167.78916931152345,-261.59759521484377,1,0,0,0,1,0,0,0,1]},{"pos":[-82.09441375732422,167.78916931152345,-261.59759521484377,1,0,0,0,1,0,0,0,1]},{"pos":[-82.09441375732422,167.78916931152345,-261.59759521484377,1,0,0,0,1,0,0,0,1]},{"pos":[-82.09441375732422,167.78916931152345,-261.59759521484377,1,0,0,0,1,0,0,0,1]},{"pos":[-82.09441375732422,167.78916931152345,-261.59759521484377,1,0,0,0,1,0,0,0,1]},{"pos":[-82.09441375732422,167.78916931152345,-261.59759521484377,1,0,0,0,1,0,0,0,1]},{"pos":[-82.09441375732422,167.78916931152345,-261.59759521484377,1,0,0,0,1,0,0,0,1]},{"pos":[-82.09441375732422,167.78916931152345,-261.59759521484377,1,0,0,0,1,0,0,0,1]},{"pos":[-82.09441375732422,167.78916931152345,-261.59759521484377,1,0,0,0,1,0,0,0,1]},{"pos":[-82.09441375732422,167.78916931152345,-261.59759521484377,1,0,0,0,1,0,0,0,1]},{"pos":[-82.09441375732422,167.78916931152345,-261.59759521484377,1,0,0,0,1,0,0,0,1]},{"pos":[-82.09441375732422,167.78916931152345,-261.59759521484377,1,0,0,0,1,0,0,0,1]},{"pos":[-82.09441375732422,167.78916931152345,-261.59759521484377,1,0,0,0,1,0,0,0,1]},{"pos":[-82.09441375732422,167.78916931152345,-261.59759521484377,1,0,0,0,1,0,0,0,1]},{"pos":[-82.09441375732422,167.78916931152345,-261.59759521484377,1,0,0,0,1,0,0,0,1]},{"pos":[-82.09441375732422,167.78916931152345,-261.59759521484377,1,0,0,0,1,0,0,0,1]},{"pos":[-82.09441375732422,167.78916931152345,-261.59759521484377,1,0,0,0,1,0,0,0,1]},{"pos":[-82.09441375732422,167.78916931152345,-261.59759521484377,1,0,0,0,1,0,0,0,1]},{"pos":[-82.09441375732422,167.78916931152345,-261.59759521484377,1,0,0,0,1,0,0,0,1]},{"pos":[-82.09441375732422,167.78916931152345,-261.59759521484377,1,0,0,0,1,0,0,0,1]},{"pos":[-82.09441375732422,167.78916931152345,-261.59759521484377,1,0,0,0,1,0,0,0,1]},{"pos":[-82.09441375732422,167.78916931152345,-261.59759521484377,1,0,0,0,1,0,0,0,1]},{"pos":[-82.09441375732422,167.78916931152345,-261.59759521484377,1,0,0,0,1,0,0,0,1]},{"pos":[-82.09441375732422,167.78916931152345,-261.59759521484377,1,0,0,0,1,0,0,0,1]},{"pos":[-82.09441375732422,167.78916931152345,-261.59759521484377,1,0,0,0,1,0,0,0,1]},{"pos":[-82.09441375732422,167.78916931152345,-261.59759521484377,1,0,0,0,1,0,0,0,1]},{"pos":[-82.09441375732422,167.78916931152345,-261.59759521484377,1,0,0,0,1,0,0,0,1]},{"pos":[-82.09441375732422,167.78916931152345,-261.59759521484377,1,0,0,0,1,0,0,0,1]},{"pos":[-82.0129623413086,167.78916931152345,-261.71038818359377,0.9971691370010376,0,-0.07519111037254334,0,1,0,0.07519111037254334,0,0.9971691370010376]},{"pos":[-81.86754608154297,167.78916931152345,-261.9236145019531,0.9893799424171448,0,-0.14535224437713624,0,1,0,0.14535224437713624,0,0.9893799424171448]},{"pos":[-81.7308578491211,167.78916931152345,-262.15234375,0.980205237865448,0,-0.19798414409160615,0,1,0,0.19798414409160615,0,0.980205237865448]},{"pos":[-81.61125946044922,167.7891845703125,-262.390625,0.9723685383796692,0,-0.23345114290714265,0,1,0,0.23345114290714265,0,0.9723685383796692]},{"pos":[-81.50853729248047,167.7891845703125,-262.63665771484377,0.9670072197914124,0,-0.2547489106655121,0,1,0,0.2547489106655121,0,0.9670072197914124]},{"pos":[-81.41117858886719,167.78921508789063,-262.8848876953125,0.9628544449806213,0,-0.2700210213661194,0,1,0,0.2700210213661194,0,0.9628544449806213]},{"pos":[-81.31480407714844,167.78921508789063,-263.1335144042969,0.959245502948761,0,-0.28257402777671816,0,1,0,0.28257402777671816,0,0.959245502948761]},{"pos":[-81.2269515991211,167.78921508789063,-263.3852844238281,0.9572950601577759,0,-0.28911280632019045,0,1,0,0.28911280632019045,0,0.9572950601577759]},{"pos":[-81.1475601196289,167.78921508789063,-263.6398620605469,0.9568964242935181,0,-0.29042932391166689,0,1,0,0.29042932391166689,0,0.9568964242935181]},{"pos":[-81.08320617675781,167.78921508789063,-263.89862060546877,0.9587980508804321,0,-0.28408846259117129,0,1,0,0.28408846259117129,0,0.9587980508804321]},{"pos":[-81.0445327758789,167.78921508789063,-264.162353515625,0.9639779925346375,0,-0.26598209142684939,0,1,0,0.26598209142684939,0,0.9639779925346375]},{"pos":[-81.06986999511719,167.78921508789063,-264.42718505859377,0.9756805896759033,0,-0.21919716894626618,0,1,0,0.21919716894626618,0,0.9756805896759033]},{"pos":[-81.17434692382813,167.78921508789063,-264.6713562011719,0.9905411005020142,0,-0.1372162252664566,0,1,0,0.1372162252664566,0,0.9905411005020142]},{"pos":[-81.35994720458985,167.7892303466797,-264.8599853515625,0.9998997449874878,0,-0.014158313162624836,0,1,0,0.014158313162624836,0,0.9998997449874878]},{"pos":[-81.59776306152344,167.7892303466797,-264.9779357910156,0.990649402141571,0,0.13643226027488709,0,1,0,-0.13643226027488709,0,0.990649402141571]},{"pos":[-81.85852813720703,167.7892608642578,-265.0302734375,0.9544733166694641,0,0.2982962727546692,0,1,0,-0.2982962727546692,0,0.9544733166694641]},{"pos":[-82.1247329711914,167.78927612304688,-265.0274658203125,0.889312744140625,0,0.4572995603084564,0,1,0,-0.4572995603084564,0,0.889312744140625]},{"pos":[-82.38294982910156,167.78927612304688,-264.9632263183594,0.7929251790046692,0,0.6093190312385559,0,1,0,-0.6093190312385559,0,0.7929251790046692]},{"pos":[-82.61493682861328,167.78927612304688,-264.833251953125,0.6622331142425537,0,0.7492978572845459,0,1,0,-0.7492978572845459,0,0.6622331142425537]},{"pos":[-82.81575775146485,167.78927612304688,-264.658447265625,0.5054033398628235,0,0.8628832101821899,0,1,0,-0.8628832101821899,0,0.5054033398628235]},{"pos":[-82.98545837402344,167.78927612304688,-264.453125,0.3332684338092804,0,0.9428319931030273,0,1,0,-0.9428319931030273,0,0.3332684338092804]},{"pos":[-83.13050842285156,167.78927612304688,-264.2295227050781,0.1589169204235077,0,0.9872919321060181,0,1,0,-0.9872919321060181,0,0.1589169204235077]},{"pos":[-83.26349639892578,167.78927612304688,-263.9984130859375,-0.003691686550155282,0,0.9999932050704956,0,1,0,-0.9999932050704956,0,-0.003691686550155282]},{"pos":[-83.38448333740235,167.78927612304688,-263.76080322265627,-0.15123948454856873,0,0.9884971380233765,0,1,0,-0.9884971380233765,0,-0.15123948454856873]},{"pos":[-83.49346923828125,167.78927612304688,-263.5174560546875,-0.2827496826648712,0,0.9591937065124512,0,1,0,-0.9591937065124512,0,-0.2827496826648712]},{"pos":[-83.5840072631836,167.78927612304688,-263.2666931152344,-0.4015737473964691,0,0.915826678276062,0,1,0,-0.915826678276062,0,-0.4015737473964691]},{"pos":[-83.65397644042969,167.78927612304688,-263.00946044921877,-0.5086355209350586,0,0.8609819412231445,0,1,0,-0.8609819412231445,0,-0.5086355209350586]},{"pos":[-83.70885467529297,167.78155517578126,-262.74853515625,-0.6017251014709473,0,0.7987032532691956,0,1,0,-0.7987032532691956,0,-0.6017251014709473]},{"pos":[-83.74939727783203,167.7838897705078,-262.4850158691406,-0.6816160678863525,0,0.7317100167274475,0,1,0,-0.7317100167274475,0,-0.6816160678863525]},{"pos":[-83.77666473388672,167.7861785888672,-262.21978759765627,-0.7492800951004028,0,0.662253201007843,0,1,0,-0.662253201007843,0,-0.7492800951004028]},{"pos":[-83.78723907470703,167.78756713867188,-261.953369140625,-0.8071385622024536,0,0.590362012386322,0,1,0,-0.590362012386322,0,-0.8071385622024536]},{"pos":[-83.78155517578125,167.78834533691407,-261.6867980957031,-0.8559417128562927,0,0.5170722603797913,0,1,0,-0.5170722603797913,0,-0.8559417128562927]},{"pos":[-83.76036834716797,167.7887725830078,-261.4209899902344,-0.8963291049003601,0,0.4433893859386444,0,1,0,-0.4433893859386444,0,-0.8963291049003601]},{"pos":[-83.71187591552735,167.7889862060547,-261.1589050292969,-0.9312713146209717,0,0.36432647705078127,0,1,0,-0.36432647705078127,0,-0.9312713146209717]},{"pos":[-83.6247329711914,167.78909301757813,-260.9071350097656,-0.9615988731384277,0,0.27445876598358157,0,1,0,-0.27445876598358157,0,-0.9615988731384277]},{"pos":[-83.4605941772461,167.78915405273438,-260.69891357421877,-0.9886553287506104,0,0.15020215511322022,0,1,0,-0.15020215511322022,0,-0.9886553287506104]},{"pos":[-83.22184753417969,167.7891845703125,-260.5911865234375,-0.9996298551559448,0,-0.027205249294638635,0,1,0,0.027205249294638635,0,-0.9996298551559448]},{"pos":[-82.95729064941406,167.7891845703125,-260.5872497558594,-0.9728004932403565,0,-0.23164445161819459,0,1,0,0.23164445161819459,0,-0.9728004932403565]},{"pos":[-82.7148666381836,167.7891845703125,-260.6915283203125,-0.8915812969207764,0,-0.45286062359809878,0,1,0,0.45286062359809878,0,-0.8915812969207764]},{"pos":[-82.50804901123047,167.7891845703125,-260.8587646484375,-0.7584770917892456,0,-0.6516997218132019,0,1,0,0.6516997218132019,0,-0.7584770917892456]},{"pos":[-82.3250961303711,167.7891845703125,-261.0525207519531,-0.5930820107460022,0,-0.8051420450210571,0,1,0,0.8051420450210571,0,-0.5930820107460022]},{"pos":[-82.15546417236328,167.7891845703125,-261.2582092285156,-0.4168636202812195,0,-0.9089690446853638,0,1,0,0.9089690446853638,0,-0.4168636202812195]},{"pos":[-81.99879455566406,167.7891845703125,-261.4739685058594,-0.24204672873020173,0,-0.9702646136283875,0,1,0,0.9702646136283875,0,-0.24204672873020173]},{"pos":[-81.86036682128906,167.7891845703125,-261.7017822265625,-0.07298491895198822,0,-0.9973330497741699,0,1,0,0.9973330497741699,0,-0.07298491895198822]},{"pos":[-81.7429428100586,167.7891845703125,-261.9411315917969,0.08719074726104737,0,-0.9961916208267212,0,1,0,0.9961916208267212,0,0.08719074726104737]},{"pos":[-81.67034149169922,167.7891845703125,-262.1973571777344,0.24730385839939118,0,-0.9689379930496216,0,1,0,0.9689379930496216,0,0.24730385839939118]},{"pos":[-81.64205932617188,167.7891845703125,-262.46221923828127,0.4018135368824005,0,-0.9157214760780335,0,1,0,0.9157214760780335,0,0.4018135368824005]},{"pos":[-81.64690399169922,167.7891845703125,-262.72869873046877,0.5413323640823364,0,-0.8408086895942688,0,1,0,0.8408086895942688,0,0.5413323640823364]},{"pos":[-81.68671417236328,167.7891845703125,-262.9921875,0.6645554900169373,0,-0.7472389340400696,0,1,0,0.7472389340400696,0,0.6645554900169373]},{"pos":[-81.76534271240235,167.7891845703125,-263.2467346191406,0.7713639140129089,0,-0.6363942623138428,0,1,0,0.6363942623138428,0,0.7713639140129089]},{"pos":[-81.8897476196289,167.78921508789063,-263.4822082519531,0.8620384335517883,0,-0.5068429708480835,0,1,0,0.5068429708480835,0,0.8620384335517883]},{"pos":[-82.0546875,167.78921508789063,-263.6913146972656,0.9323194622993469,0,-0.36163580417633059,0,1,0,0.36163580417633059,0,0.9323194622993469]},{"pos":[-82.26167297363281,167.78921508789063,-263.8586120605469,0.9799925088882446,0,-0.19903439283370973,0,1,0,0.19903439283370973,0,0.9799925088882446]},{"pos":[-82.49665069580078,167.78924560546876,-263.98388671875,0.9996128082275391,0,-0.027825385332107545,0,1,0,0.027825385332107545,0,0.9996128082275391]},{"pos":[-82.75052642822266,167.78924560546876,-264.0643615722656,0.9893382787704468,0,0.14563563466072083,0,1,0,-0.14563563466072083,0,0.9893382787704468]},{"pos":[-83.01429748535156,167.7892608642578,-264.1015625,0.9494735598564148,0,0.3138470947742462,0,1,0,-0.3138470947742462,0,0.9494735598564148]},{"pos":[-83.28077697753906,167.7892608642578,-264.10382080078127,0.8837940692901611,0,0.4678761065006256,0,1,0,-0.4678761065006256,0,0.8837940692901611]},{"pos":[-83.5462875366211,167.7892608642578,-264.0800476074219,0.7989663481712341,0,0.6013756990432739,0,1,0,-0.6013756990432739,0,0.7989663481712341]},{"pos":[-83.8092269897461,167.7892608642578,-264.0359802246094,0.7019785046577454,0,0.7121981382369995,0,1,0,-0.7121981382369995,0,0.7019785046577454]},{"pos":[-84.06869506835938,167.7892608642578,-263.974609375,0.5985714197158814,0,0.801069438457489,0,1,0,-0.801069438457489,0,0.5985714197158814]},{"pos":[-84.32167053222656,167.7892608642578,-263.8905334472656,0.48978328704833987,0,0.8718442320823669,0,1,0,-0.8718442320823669,0,0.48978328704833987]},{"pos":[-84.56108856201172,167.78929138183595,-263.7735290527344,0.37245702743530276,0,0.9280494451522827,0,1,0,-0.9280494451522827,0,0.37245702743530276]},{"pos":[-84.78323364257813,167.78929138183595,-263.6263427734375,0.2487560510635376,0,0.9685661792755127,0,1,0,-0.9685661792755127,0,0.2487560510635376]},{"pos":[-84.9848861694336,167.78929138183595,-263.45208740234377,0.12120816111564636,0,0.9926270842552185,0,1,0,-0.9926270842552185,0,0.12120816111564636]},{"pos":[-85.16525268554688,167.78929138183595,-263.255859375,-0.006412740331143141,0,0.9999794363975525,0,1,0,-0.9999794363975525,0,-0.006412740331143141]},{"pos":[-85.32764434814453,167.78929138183595,-263.04443359375,-0.12873585522174836,0,0.9916788935661316,0,1,0,-0.9916788935661316,0,-0.12873585522174836]},{"pos":[-85.4756851196289,167.78929138183595,-262.82269287109377,-0.24182920157909394,0,0.9703188538551331,0,1,0,-0.9703188538551331,0,-0.24182920157909394]},{"pos":[-85.61416625976563,167.78929138183595,-262.5948486328125,-0.34260666370391848,0,0.9394789338111877,0,1,0,-0.9394789338111877,0,-0.34260666370391848]},{"pos":[-85.74683380126953,167.78929138183595,-262.363525390625,-0.4298904240131378,0,0.9028810858726502,0,1,0,-0.9028810858726502,0,-0.4298904240131378]},{"pos":[-85.8790512084961,167.78929138183595,-262.1319580078125,-0.5026044249534607,0,0.8645164966583252,0,1,0,-0.8645164966583252,0,-0.5026044249534607]},{"pos":[-85.99942779541016,167.78929138183595,-261.89404296875,-0.5681985020637512,0,0.8228915333747864,0,1,0,-0.8228915333747864,0,-0.5681985020637512]},{"pos":[-86.11417388916016,167.78929138183595,-261.6533508300781,-0.624752402305603,0,0.7808229327201843,0,1,0,-0.7808229327201843,0,-0.624752402305603]},{"pos":[-86.22271728515625,167.78929138183595,-261.4097595214844,-0.6737176179885864,0,0.7389888763427734,0,1,0,-0.7389888763427734,0,-0.6737176179885864]},{"pos":[-86.32368469238281,167.78929138183595,-261.1629638671875,-0.7167143821716309,0,0.6973668336868286,0,1,0,-0.6973668336868286,0,-0.7167143821716309]},{"pos":[-86.41769409179688,167.78929138183595,-260.9134216308594,-0.754332959651947,0,0.6564920544624329,0,1,0,-0.6564920544624329,0,-0.754332959651947]},{"pos":[-86.50630950927735,167.78929138183595,-260.6618957519531,-0.7868072390556336,0,0.6171988248825073,0,1,0,-0.6171988248825073,0,-0.7868072390556336]},{"pos":[-86.63859558105469,167.7825469970703,-260.284423828125,-0.8259578347206116,0,0.563731849193573,0,1,0,-0.563731849193573,0,-0.8259578347206116]},{"pos":[-86.6817398071289,167.78392028808595,-260.15826416015627,-0.8363391757011414,0,0.5482123494148254,0,1,0,-0.5482123494148254,0,-0.8363391757011414]},{"pos":[-86.76773834228516,167.7862091064453,-259.90582275390627,-0.8544608950614929,0,0.5195157527923584,0,1,0,-0.5195157527923584,0,-0.8544608950614929]},{"pos":[-86.85443115234375,167.78759765625,-259.6536560058594,-0.8692295551300049,0,0.4944086968898773,0,1,0,-0.4944086968898773,0,-0.8692295551300049]},{"pos":[-86.89091491699219,167.78836059570313,-259.5475769042969,-0.8706055283546448,0,0.49198171496391299,0,1,0,-0.49198171496391299,0,-0.8706055283546448]},{"pos":[-86.89250183105469,167.7887725830078,-259.54296875,-0.8706434369087219,0,0.4919146001338959,0,1,0,-0.4919146001338959,0,-0.8706434369087219]},{"pos":[-86.89253997802735,167.7889862060547,-259.5428771972656,-0.8706445097923279,0,0.49191275238990786,0,1,0,-0.49191275238990786,0,-0.8706445097923279]},{"pos":[-86.89253997802735,167.7891082763672,-259.5428771972656,-0.8706445097923279,0,0.49191269278526308,0,1,0,-0.49191269278526308,0,-0.8706445097923279]},{"pos":[-86.89253997802735,167.78916931152345,-259.5428771972656,-0.8706445097923279,0,0.49191269278526308,0,1,0,-0.49191269278526308,0,-0.8706445097923279]},{"pos":[-86.89253997802735,167.78919982910157,-259.5428771972656,-0.8706445097923279,0,0.49191269278526308,0,1,0,-0.49191269278526308,0,-0.8706445097923279]},{"pos":[-86.89253997802735,167.7892303466797,-259.5428771972656,-0.8706445097923279,0,0.49191269278526308,0,1,0,-0.49191269278526308,0,-0.8706445097923279]},{"pos":[-86.89253997802735,167.7892303466797,-259.5428771972656,-0.8706445097923279,0,0.49191269278526308,0,1,0,-0.49191269278526308,0,-0.8706445097923279]},{"pos":[-86.89253997802735,167.7892303466797,-259.5428771972656,-0.8706445097923279,0,0.49191269278526308,0,1,0,-0.49191269278526308,0,-0.8706445097923279]},{"pos":[-86.89253997802735,167.7892303466797,-259.5428771972656,-0.8706445097923279,0,0.49191269278526308,0,1,0,-0.49191269278526308,0,-0.8706445097923279]},{"pos":[-86.89253997802735,167.7892303466797,-259.5428771972656,-0.8706445097923279,0,0.49191269278526308,0,1,0,-0.49191269278526308,0,-0.8706445097923279]},{"pos":[-86.89253997802735,167.7892303466797,-259.5428771972656,-0.8706445097923279,0,0.49191269278526308,0,1,0,-0.49191269278526308,0,-0.8706445097923279]},{"pos":[-86.89253997802735,167.7892303466797,-259.5428771972656,-0.8706445097923279,0,0.49191269278526308,0,1,0,-0.49191269278526308,0,-0.8706445097923279]},{"pos":[-86.89253997802735,167.7892303466797,-259.5428771972656,-0.8706445097923279,0,0.49191269278526308,0,1,0,-0.49191269278526308,0,-0.8706445097923279]},{"pos":[-86.89253997802735,167.7892303466797,-259.5428771972656,-0.8706445097923279,0,0.49191269278526308,0,1,0,-0.49191269278526308,0,-0.8706445097923279]},{"pos":[-86.89253997802735,167.7892303466797,-259.5428771972656,-0.8706445097923279,0,0.49191269278526308,0,1,0,-0.49191269278526308,0,-0.8706445097923279]},{"pos":[-86.89253997802735,167.7892303466797,-259.5428771972656,-0.8706445097923279,0,0.49191269278526308,0,1,0,-0.49191269278526308,0,-0.8706445097923279]},{"pos":[-86.89253997802735,167.7892303466797,-259.5428771972656,-0.8706445097923279,0,0.49191269278526308,0,1,0,-0.49191269278526308,0,-0.8706445097923279]},{"pos":[-86.89253997802735,167.7892303466797,-259.5428771972656,-0.8706445097923279,0,0.49191269278526308,0,1,0,-0.49191269278526308,0,-0.8706445097923279]},{"pos":[-86.89253997802735,167.7892303466797,-259.5428771972656,-0.8706445097923279,0,0.49191269278526308,0,1,0,-0.49191269278526308,0,-0.8706445097923279]},{"pos":[-86.89253997802735,167.7892303466797,-259.5428771972656,-0.8706445097923279,0,0.49191269278526308,0,1,0,-0.49191269278526308,0,-0.8706445097923279]},{"pos":[-86.89253997802735,167.7892303466797,-259.5428771972656,-0.8706445097923279,0,0.49191269278526308,0,1,0,-0.49191269278526308,0,-0.8706445097923279]},{"pos":[-86.89253997802735,167.7892303466797,-259.5428771972656,-0.8706445097923279,0,0.49191269278526308,0,1,0,-0.49191269278526308,0,-0.8706445097923279]},{"pos":[-86.89253997802735,167.7892303466797,-259.5428771972656,-0.8706445097923279,0,0.49191269278526308,0,1,0,-0.49191269278526308,0,-0.8706445097923279]}],"duration":2.6252729892730715}