{"a":[{"p":[-113.23892974853516,1018.7186889648438,-302.67266845703127,0.5403392910957336,0,-0.8414472341537476,0,1,0,0.8414472341537476,0,0.5403392910957336]},{"p":[-113.23892974853516,1018.7186889648438,-302.67266845703127,0.5403392910957336,0,-0.8414472341537476,0,1,0,0.8414472341537476,0,0.5403392910957336]},{"p":[-113.23892974853516,1018.7186889648438,-302.67266845703127,0.5403392910957336,0,-0.8414472341537476,0,1,0,0.8414472341537476,0,0.5403392910957336]},{"p":[-113.23892974853516,1018.7186889648438,-302.67266845703127,0.5403392910957336,0,-0.8414472341537476,0,1,0,0.8414472341537476,0,0.5403392910957336]},{"p":[-113.23892974853516,1018.7186889648438,-302.67266845703127,0.5403392910957336,0,-0.8414472341537476,0,1,0,0.8414472341537476,0,0.5403392910957336]},{"p":[-113.23892974853516,1018.7186889648438,-302.67266845703127,0.5403392910957336,0,-0.8414472341537476,0,1,0,0.8414472341537476,0,0.5403392910957336]},{"p":[-113.23892974853516,1018.7186889648438,-302.67266845703127,0.5403392910957336,0,-0.8414472341537476,0,1,0,0.8414472341537476,0,0.5403392910957336]},{"p":[-113.23892974853516,1018.7186889648438,-302.67266845703127,0.5403392910957336,0,-0.8414472341537476,0,1,0,0.8414472341537476,0,0.5403392910957336]},{"p":[-113.23892974853516,1018.7186889648438,-302.67266845703127,0.5403392910957336,0,-0.8414472341537476,0,1,0,0.8414472341537476,0,0.5403392910957336]},{"p":[-113.23892974853516,1018.7186889648438,-302.67266845703127,0.5403392910957336,0,-0.8414472341537476,0,1,0,0.8414472341537476,0,0.5403392910957336]},{"p":[-113.17108917236328,1018.7186889648438,-302.65521240234377,0.45449039340019228,0,-0.8907516598701477,0,1,0,0.8907516598701477,0,0.45449039340019228]},{"p":[-112.99360656738281,1018.7186889648438,-302.6027526855469,0.36148348450660708,0,-0.9323785305023193,0,1,0,0.9323785305023193,0,0.36148348450660708]},{"p":[-112.74483489990235,1018.7186889648438,-302.5235290527344,0.2746654748916626,0,-0.9615398645401001,0,1,0,0.9615398645401001,0,0.2746654748916626]},{"p":[-112.49002838134766,1018.7186889648438,-302.44525146484377,0.1988694965839386,0,-0.9800260066986084,0,1,0,0.9800260066986084,0,0.1988694965839386]},{"p":[-112.2343521118164,1018.7186889648438,-302.3694763183594,0.133663147687912,0,-0.9910268187522888,0,1,0,0.9910268187522888,0,0.133663147687912]},{"p":[-111.97815704345703,1018.7186889648438,-302.29547119140627,0.0777381882071495,0,-0.9969738125801086,0,1,0,0.9969738125801086,0,0.0777381882071495]},{"p":[-111.72201538085938,1018.7186889648438,-302.2212829589844,0.029123568907380105,0,-0.9995757937431336,0,1,0,0.9995757937431336,0,0.029123568907380105]},{"p":[-111.46622467041016,1018.7186889648438,-302.1458740234375,-0.013592314906418324,0,-0.9999076128005981,0,1,0,0.9999076128005981,0,-0.013592314906418324]},{"p":[-111.21096801757813,1018.7186889648438,-302.0687255859375,-0.05143461376428604,0,-0.9986763596534729,0,1,0,0.9986763596534729,0,-0.05143461376428604]},{"p":[-110.9567642211914,1018.7186889648438,-301.9881286621094,-0.08587592095136643,0,-0.9963058233261108,0,1,0,0.9963058233261108,0,-0.08587592095136643]},{"p":[-110.70320129394531,1018.7186889648438,-301.90557861328127,-0.11664498597383499,0,-0.9931736588478088,0,1,0,0.9931736588478088,0,-0.11664498597383499]},{"p":[-110.4500961303711,1018.7186889648438,-301.8216247558594,-0.1439124047756195,0,-0.9895904064178467,0,1,0,0.9895904064178467,0,-0.1439124047756195]},{"p":[-110.1978988647461,1018.7186889648438,-301.7349853515625,-0.1687980592250824,0,-0.9856506586074829,0,1,0,0.9856506586074829,0,-0.1687980592250824]},{"p":[-109.94622039794922,1018.7186889648438,-301.6468200683594,-0.19103960692882539,0,-0.9815823435783386,0,1,0,0.9815823435783386,0,-0.19103960692882539]},{"p":[-109.6942138671875,1018.7186889648438,-301.5596008300781,-0.20974117517471314,0,-0.977756917476654,0,1,0,0.977756917476654,0,-0.20974117517471314]},{"p":[-109.44269561767578,1018.7186889648438,-301.47100830078127,-0.22654476761817933,0,-0.9740007519721985,0,1,0,0.9740007519721985,0,-0.22654476761817933]},{"p":[-109.1914291381836,1018.7186889648438,-301.3816833496094,-0.24140700697898866,0,-0.9704239368438721,0,1,0,0.9704239368438721,0,-0.24140700697898866]},{"p":[-108.94019317626953,1018.7186889648438,-301.2923278808594,-0.25425171852111819,0,-0.9671380519866943,0,1,0,0.9671380519866943,0,-0.25425171852111819]},{"p":[-108.6888427734375,1018.7186889648438,-301.2032470703125,-0.2651757597923279,0,-0.9642000794410706,0,1,0,0.9642000794410706,0,-0.2651757597923279]},{"p":[-108.43782806396485,1018.7186889648438,-301.11322021484377,-0.2750518321990967,0,-0.9614294171333313,0,1,0,0.9614294171333313,0,-0.2750518321990967]},{"p":[-108.18675231933594,1018.7186889648438,-301.02337646484377,-0.28350552916526797,0,-0.9589706063270569,0,1,0,0.9589706063270569,0,-0.28350552916526797]},{"p":[-107.9356689453125,1018.7186889648438,-300.93353271484377,-0.29078561067581179,0,-0.9567882418632507,0,1,0,0.9567882418632507,0,-0.29078561067581179]},{"p":[-107.68458557128906,1018.7186889648438,-300.84368896484377,-0.2970663011074066,0,-0.9548568725585938,0,1,0,0.9548568725585938,0,-0.2970663011074066]},{"p":[-107.43350219726563,1018.7186889648438,-300.75384521484377,-0.3024865388870239,0,-0.953153669834137,0,1,0,0.953153669834137,0,-0.3024865388870239]},{"p":[-107.18241882324219,1018.7186889648438,-300.66400146484377,-0.307165265083313,0,-0.9516561627388,0,1,0,0.9516561627388,0,-0.307165265083313]},{"p":[-106.93133544921875,1018.7186889648438,-300.57415771484377,-0.311204731464386,0,-0.9503428936004639,0,1,0,0.9503428936004639,0,-0.311204731464386]},{"p":[-106.68025207519531,1018.7186889648438,-300.48431396484377,-0.3146929144859314,0,-0.94919353723526,0,1,0,0.94919353723526,0,-0.3146929144859314]},{"p":[-106.42916870117188,1018.7186889648438,-300.39447021484377,-0.31770551204681399,0,-0.9481894373893738,0,1,0,0.9481894373893738,0,-0.31770551204681399]},{"p":[-106.17808532714844,1018.7186889648438,-300.30462646484377,-0.32030779123306277,0,-0.9473135471343994,0,1,0,0.9473135471343994,0,-0.32030779123306277]},{"p":[-105.927001953125,1018.7186889648438,-300.21478271484377,-0.32255586981773379,0,-0.9465504288673401,0,1,0,0.9465504288673401,0,-0.32255586981773379]},{"p":[-105.67591857910156,1018.7186889648438,-300.12493896484377,-0.3244982361793518,0,-0.9458863139152527,0,1,0,0.9458863139152527,0,-0.3244982361793518]},{"p":[-105.42483520507813,1018.7186889648438,-300.03509521484377,-0.32617658376693728,0,-0.9453088641166687,0,1,0,0.9453088641166687,0,-0.32617658376693728]},{"p":[-105.17375183105469,1018.7186889648438,-299.94525146484377,-0.32762691378593447,0,-0.9448071718215942,0,1,0,0.9448071718215942,0,-0.32762691378593447]},{"p":[-104.92266845703125,1018.7186889648438,-299.85540771484377,-0.32888033986091616,0,-0.9443715810775757,0,1,0,0.9443715810775757,0,-0.32888033986091616]},{"p":[-104.5460433959961,1018.7186889648438,-299.72064208984377,-0.3304971754550934,0,-0.9438070058822632,0,1,0,0.9438070058822632,0,-0.3304971754550934]},{"p":[-104.42070007324219,1018.7186889648438,-299.6751708984375,-0.33120474219322207,0,-0.943558931350708,0,1,0,0.943558931350708,0,-0.33120474219322207]},{"p":[-104.17085266113281,1018.7186889648438,-299.58197021484377,-0.33364182710647585,0,-0.9426999092102051,0,1,0,0.9426999092102051,0,-0.33364182710647585]},{"p":[-103.92253875732422,1018.7186889648438,-299.4847412109375,-0.33777645230293276,0,-0.9412263631820679,0,1,0,0.9412263631820679,0,-0.33777645230293276]},{"p":[-103.55361938476563,1018.7186889648438,-299.3301696777344,-0.34758061170578005,0,-0.9376500844955444,0,1,0,0.9376500844955444,0,-0.34758061170578005]},{"p":[-103.43152618408203,1018.7186889648438,-299.2765808105469,-0.3513163626194,0,-0.9362568259239197,0,1,0,0.9362568259239197,0,-0.3513163626194]},{"p":[-103.06815338134766,1018.7186889648438,-299.109375,-0.3648277819156647,0,-0.9310750365257263,0,1,0,0.9310750365257263,0,-0.3648277819156647]},{"p":[-102.99385070800781,1018.7186889648438,-299.0751037597656,-0.36558282375335696,0,-0.9307788014411926,0,1,0,0.9307788014411926,0,-0.36558282375335696]},{"p":[-102.96243286132813,1018.7186889648438,-299.06060791015627,-0.3657291829586029,0,-0.9307213425636292,0,1,0,0.9307213425636292,0,-0.3657291829586029]},{"p":[-102.9618148803711,1018.7186889648438,-299.0603332519531,-0.36573320627212527,0,-0.9307197332382202,0,1,0,0.9307197332382202,0,-0.36573320627212527]},{"p":[-102.96180725097656,1018.7186889648438,-299.0603332519531,-0.3657333254814148,0,-0.9307196736335754,0,1,0,0.9307196736335754,0,-0.3657333254814148]},{"p":[-102.96180725097656,1018.7186889648438,-299.0603332519531,-0.3657333254814148,0,-0.9307196736335754,0,1,0,0.9307196736335754,0,-0.3657333254814148]},{"p":[-102.96180725097656,1018.7186889648438,-299.0603332519531,-0.3657333254814148,0,-0.9307196736335754,0,1,0,0.9307196736335754,0,-0.3657333254814148]},{"p":[-102.96180725097656,1018.7186889648438,-299.0603332519531,-0.3657333254814148,0,-0.9307196736335754,0,1,0,0.9307196736335754,0,-0.3657333254814148]},{"p":[-102.96180725097656,1018.7186889648438,-299.0603332519531,-0.3657333254814148,0,-0.9307196736335754,0,1,0,0.9307196736335754,0,-0.3657333254814148]},{"p":[-102.96180725097656,1018.7186889648438,-299.0603332519531,-0.3657333254814148,0,-0.9307196736335754,0,1,0,0.9307196736335754,0,-0.3657333254814148]},{"p":[-102.96180725097656,1018.7186889648438,-299.0603332519531,-0.3657333254814148,0,-0.9307196736335754,0,1,0,0.9307196736335754,0,-0.3657333254814148]},{"p":[-102.96180725097656,1018.7186889648438,-299.0603332519531,-0.3657333254814148,0,-0.9307196736335754,0,1,0,0.9307196736335754,0,-0.3657333254814148]},{"p":[-102.96180725097656,1018.7186889648438,-299.0603332519531,-0.3657333254814148,0,-0.9307196736335754,0,1,0,0.9307196736335754,0,-0.3657333254814148]},{"p":[-102.96180725097656,1018.7186889648438,-299.0603332519531,-0.3657333254814148,0,-0.9307196736335754,0,1,0,0.9307196736335754,0,-0.3657333254814148]},{"p":[-102.96180725097656,1018.7186889648438,-299.0603332519531,-0.3657333254814148,0,-0.9307196736335754,0,1,0,0.9307196736335754,0,-0.3657333254814148]},{"p":[-102.92452239990235,1018.7186889648438,-299.0055847167969,-0.4317670464515686,0,-0.9019851684570313,0,1,0,0.9019851684570313,0,-0.4317670464515686]},{"p":[-102.82083129882813,1018.7186889648438,-298.8355407714844,-0.5002299547195435,0,-0.8658925890922546,0,1,0,0.8658925890922546,0,-0.5002299547195435]},{"p":[-102.69082641601563,1018.7186889648438,-298.6065673828125,-0.560894250869751,0,-0.8278874754905701,0,1,0,0.8278874754905701,0,-0.560894250869751]},{"p":[-102.5698013305664,1018.7186889648438,-298.3690490722656,-0.6158649325370789,0,-0.7878517508506775,0,1,0,0.7878517508506775,0,-0.6158649325370789]},{"p":[-102.45931243896485,1018.7186889648438,-298.1263732910156,-0.6655715703964233,0,-0.7463340163230896,0,1,0,0.7463340163230896,0,-0.6655715703964233]},{"p":[-102.35264587402344,1018.7186889648438,-297.8819580078125,-0.7079017162322998,0,-0.7063109278678894,0,1,0,0.7063109278678894,0,-0.7079017162322998]},{"p":[-102.26530456542969,1018.7186889648438,-297.63006591796877,-0.7493941783905029,0,-0.6621241569519043,0,1,0,0.6621241569519043,0,-0.7493941783905029]},{"p":[-102.21199798583985,1018.7186889648438,-297.3689880371094,-0.7939196228981018,0,-0.6080226898193359,0,1,0,0.6080226898193359,0,-0.7939196228981018]},{"p":[-102.20380401611328,1018.7186889648438,-297.1027526855469,-0.8418689370155335,0,-0.5396819710731506,0,1,0,0.5396819710731506,0,-0.8418689370155335]},{"p":[-102.26248168945313,1018.7186889648438,-296.84332275390627,-0.8942807912826538,0,-0.447506308555603,0,1,0,0.447506308555603,0,-0.8942807912826538]},{"p":[-102.38532257080078,1018.7186889648438,-296.607421875,-0.9436169266700745,0,-0.3310394883155823,0,1,0,0.3310394883155823,0,-0.9436169266700745]},{"p":[-102.56005859375,1018.7186889648438,-296.40673828125,-0.9808767437934876,0,-0.19462992250919343,0,1,0,0.19462992250919343,0,-0.9808767437934876]},{"p":[-102.7707748413086,1018.7186889648438,-296.24395751953127,-0.9989094734191895,0,-0.04668871685862541,0,1,0,0.04668871685862541,0,-0.9989094734191895]},{"p":[-103.12097930908203,1018.7186889648438,-296.05120849609377,-0.9842552542686462,0,0.17675286531448365,0,1,0,-0.17675286531448365,0,-0.9842552542686462]},{"p":[-103.2439956665039,1018.7186889648438,-296.00006103515627,-0.9697598814964294,0,0.2440609186887741,0,1,0,-0.2440609186887741,0,-0.9697598814964294]},{"p":[-103.50048065185547,1018.7186889648438,-295.927734375,-0.9258812069892883,0,0.37781476974487307,0,1,0,-0.37781476974487307,0,-0.9258812069892883]},{"p":[-103.76325988769531,1018.7186889648438,-295.8830871582031,-0.8656742572784424,0,0.5006076693534851,0,1,0,-0.5006076693534851,0,-0.8656742572784424]},{"p":[-104.0286636352539,1018.7186889648438,-295.8576965332031,-0.7944484949111939,0,0.6073315143585205,0,1,0,-0.6073315143585205,0,-0.7944484949111939]},{"p":[-104.2950439453125,1018.7186889648438,-295.8460693359375,-0.7173346877098084,0,0.6967287659645081,0,1,0,-0.6967287659645081,0,-0.7173346877098084]},{"p":[-104.56168365478516,1018.7186889648438,-295.8430480957031,-0.6391305923461914,0,0.7690982222557068,0,1,0,-0.7690982222557068,0,-0.6391305923461914]},{"p":[-104.8283462524414,1018.7186889648438,-295.8416748046875,-0.5648490190505981,0,0.8251942992210388,0,1,0,-0.8251942992210388,0,-0.5648490190505981]},{"p":[-105.22834014892578,1018.7186889648438,-295.8423156738281,-0.4606105089187622,0,0.8876023292541504,0,1,0,-0.8876023292541504,0,-0.4606105089187622]},{"p":[-105.31017303466797,1018.7186889648438,-295.84246826171877,-0.4546751081943512,0,0.890657365322113,0,1,0,-0.890657365322113,0,-0.4546751081943512]},{"p":[-105.34476470947266,1018.7186889648438,-295.842529296875,-0.4535219967365265,0,0.8912450671195984,0,1,0,-0.8912450671195984,0,-0.4535219967365265]},{"p":[-105.34545135498047,1018.7186889648438,-295.842529296875,-0.45349010825157168,0,0.8912612795829773,0,1,0,-0.8912612795829773,0,-0.45349010825157168]},{"p":[-105.34546661376953,1018.7186889648438,-295.842529296875,-0.4534892439842224,0,0.8912617564201355,0,1,0,-0.8912617564201355,0,-0.4534892439842224]},{"p":[-105.34546661376953,1018.7186889648438,-295.842529296875,-0.4534892141819,0,0.8912617564201355,0,1,0,-0.8912617564201355,0,-0.4534892141819]},{"p":[-105.34546661376953,1018.7186889648438,-295.842529296875,-0.4534892141819,0,0.8912617564201355,0,1,0,-0.8912617564201355,0,-0.4534892141819]},{"p":[-105.34546661376953,1018.7186889648438,-295.842529296875,-0.4534892141819,0,0.8912617564201355,0,1,0,-0.8912617564201355,0,-0.4534892141819]},{"p":[-105.34546661376953,1018.7186889648438,-295.842529296875,-0.4534892141819,0,0.8912617564201355,0,1,0,-0.8912617564201355,0,-0.4534892141819]},{"p":[-105.34546661376953,1018.7186889648438,-295.842529296875,-0.4534892141819,0,0.8912617564201355,0,1,0,-0.8912617564201355,0,-0.4534892141819]},{"p":[-105.34546661376953,1018.7186889648438,-295.842529296875,-0.4534892141819,0,0.8912617564201355,0,1,0,-0.8912617564201355,0,-0.4534892141819]},{"p":[-105.34546661376953,1018.7186889648438,-295.842529296875,-0.4534892141819,0,0.8912617564201355,0,1,0,-0.8912617564201355,0,-0.4534892141819]}],"d":1.6348135471343995}