{"data":[{"type":"position","time":0.006628513336181641,"pos":[880.2003784179688,17.81970977783203,-24.364099502563478,0.055638786405324939,4.523788277310814e-8,-0.9984509348869324,-1.8848986815811488e-9,1,4.520303065191911e-8,0.9984509348869324,-6.330630464290721e-10,0.055638786405324939]},{"type":"position","time":0.020524263381958009,"pos":[880.2003784179688,17.81970977783203,-24.364099502563478,0.055638786405324939,1.7635024107676146e-8,-0.9984509348869324,-7.347824015901949e-10,1,1.7621436754211574e-8,0.9984509348869324,-2.467912263437455e-10,0.055638786405324939]},{"type":"position","time":0.036142826080322269,"pos":[880.2003784179688,17.81970977783203,-24.364099502563478,0.055638786405324939,-1.914125213886564e-8,-0.9984509348869324,7.975595739395658e-10,1,-1.9126504824384939e-8,0.9984509348869324,2.678514077203431e-10,0.055638786405324939]},{"type":"position","time":0.051447391510009769,"pos":[880.2003784179688,17.81970977783203,-24.364099502563478,0.055638786405324939,-4.6702819389565778e-8,-0.9984509348869324,1.9459569511326437e-9,1,-4.6666837505426886e-8,0.9984509348869324,6.535436636312397e-10,0.055638786405324939]},{"type":"position","time":0.06494641304016113,"pos":[880.2003784179688,17.81970977783203,-24.364099502563478,0.055638786405324939,-8.342408364114817e-8,-0.9984509348869324,3.4760090361629638e-9,1,-8.335980794527132e-8,0.9984509348869324,1.1674141653372772e-9,0.055638786405324939]},{"type":"position","time":0.08611440658569336,"pos":[880.2003784179688,17.81970977783203,-24.364099502563478,0.055638786405324939,-1.20113952561951e-7,-0.9984509348869324,5.00475394460409e-9,1,-1.2002141147604562e-7,0.9984509348869324,1.6808440195248409e-9,0.055638786405324939]},{"type":"position","time":0.10205268859863281,"pos":[880.2003784179688,17.81970977783203,-24.364099502563478,0.055638786405324939,-8.312481725170073e-8,-0.9984509348869324,3.4635367907043248e-9,1,-8.306076892949932e-8,0.9984509348869324,1.1632289576013478e-9,0.055638786405324939]},{"type":"position","time":0.1219174861907959,"pos":[880.2003784179688,17.81970977783203,-24.364099502563478,0.055638786405324939,-4.616730819861914e-8,-0.9984509348869324,1.9236363613117648e-9,1,-4.613173842926699e-8,0.9984509348869324,6.460574852873435e-10,0.055638786405324939]},{"type":"position","time":0.1478588581085205,"pos":[880.2003784179688,17.81970977783203,-24.364099502563478,0.055638786405324939,9.209711215873995e-9,-0.9984509348869324,-3.8374872723956346e-10,1,9.20261467030059e-9,0.9984509348869324,-1.2886806899370385e-10,0.055638786405324939]},{"type":"position","time":0.1691906452178955,"pos":[880.2003784179688,17.81970977783203,-24.364099502563478,0.055638786405324939,6.451571721299843e-8,-0.9984509348869324,-2.6881779024989784e-9,1,6.4466014748632e-8,0.9984509348869324,-9.027970593322721e-10,0.055638786405324939]},{"type":"position","time":0.1854846477508545,"pos":[880.2003784179688,17.81970977783203,-24.364099502563478,0.055638786405324939,1.0134698413821752e-7,-0.9984509348869324,-4.2228234242713828e-9,1,1.0126890259698485e-7,0.9984509348869324,-1.418197004277033e-9,0.055638786405324939]},{"type":"position","time":0.20396900177001954,"pos":[880.2003784179688,17.81970977783203,-24.364099502563478,0.055638786405324939,1.013771537827779e-7,-0.9984509348869324,-4.2240793085568388e-9,1,1.0129904381983579e-7,0.9984509348869324,-1.4186201102717178e-9,0.055638786405324939]},{"type":"position","time":0.22308659553527833,"pos":[880.2003784179688,17.81970977783203,-24.364099502563478,0.055638786405324939,6.465342039518873e-8,-0.9984509348869324,-2.693909983975118e-9,1,6.460360424398459e-8,0.9984509348869324,-9.047292359731784e-10,0.055638786405324939]},{"type":"position","time":0.24233174324035645,"pos":[880.2003784179688,17.81970977783203,-24.364099502563478,0.055638786405324939,1.8792901457231893e-8,-0.9984509348869324,-7.830365800209904e-10,1,1.877842237263394e-8,0.9984509348869324,-2.629850504032305e-10,0.055638786405324939]},{"type":"position","time":0.2664496898651123,"pos":[880.2003784179688,17.81970977783203,-24.364099502563478,0.055638786405324939,-2.7018606019169057e-8,-0.9984509348869324,1.1257967891253884e-9,1,-2.6997788893368125e-8,0.9984509348869324,3.7807137975853779e-10,0.055638786405324939]},{"type":"position","time":0.3003814220428467,"pos":[880.2003784179688,17.81970977783203,-24.364099502563478,0.055638786405324939,-9.107247933570761e-8,-0.9984509348869324,3.794740077722736e-9,1,-9.100230613512395e-8,0.9984509348869324,1.274396144168577e-9,0.055638786405324939]},{"type":"position","time":0.32113122940063479,"pos":[880.2003784179688,17.81970977783203,-24.364099502563478,0.055638786405324939,-9.128645928058177e-8,-0.9984509348869324,3.803654724521266e-9,1,-9.121612265516888e-8,0.9984509348869324,1.277392081000528e-9,0.055638786405324939]},{"type":"position","time":0.3396174907684326,"pos":[880.2003784179688,17.81970977783203,-24.364099502563478,0.055638786405324939,-4.597800540295793e-8,-0.9984509348869324,1.9157733177621596e-9,1,-4.5942581294866616e-8,0.9984509348869324,6.433838461994412e-10,0.055638786405324939]},{"type":"position","time":0.3713808059692383,"pos":[880.2003784179688,17.81970977783203,-24.364099502563478,0.055638786405324939,8.32822433238789e-9,-0.9984509348869324,-3.4702413165277337e-10,1,8.321807243305557e-9,0.9984509348869324,-1.1652867559774905e-10,0.055638786405324939]},{"type":"position","time":0.39912891387939455,"pos":[880.2003784179688,17.81970977783203,-24.364099502563478,0.055638786405324939,7.159749060292597e-8,-0.9984509348869324,-2.9832911696558996e-9,1,7.154232406492156e-8,0.9984509348869324,-1.0018581519943837e-9,0.055638786405324939]},{"type":"position","time":0.4157109260559082,"pos":[880.2003784179688,17.81970977783203,-24.364099502563478,0.055638786405324939,1.0780720316461157e-7,-0.9984509348869324,-4.492057836813501e-9,1,1.0772414071880121e-7,0.9984509348869324,-1.5085411808613003e-9,0.055638786405324939]},{"type":"position","time":0.4338510036468506,"pos":[880.2003784179688,17.81970977783203,-24.364099502563478,0.055638786405324939,7.212762653807659e-8,-0.9984509348869324,-3.0053768362847679e-9,1,7.207205499071279e-8,0.9984509348869324,-1.0092804370032127e-9,0.055638786405324939]},{"type":"position","time":0.4496726989746094,"pos":[880.2003784179688,17.81970977783203,-24.364099502563478,0.055638786405324939,3.6478553511187786e-8,-0.9984509348869324,-1.5199654868069957e-9,1,3.6450444440561117e-8,0.9984509348869324,-5.104476286099668e-10,0.055638786405324939]},{"type":"position","time":0.46450376510620119,"pos":[880.2003784179688,17.81970977783203,-24.364099502563478,0.055638786405324939,8.599572720591198e-10,-0.9984509348869324,-3.582321939088473e-11,1,8.592952460695358e-10,0.9984509348869324,-1.2042417410484952e-11,0.055638786405324939]},{"type":"position","time":0.48009228706359866,"pos":[880.2003784179688,17.81970977783203,-24.364099502563478,0.055638786405324939,-3.472818121963428e-8,-0.9984509348869324,1.447051478642436e-9,1,-3.470142573291923e-8,0.9984509348869324,4.859352364938729e-10,0.055638786405324939]},{"type":"position","time":0.4948604106903076,"pos":[880.2003784179688,17.81970977783203,-24.364099502563478,0.055638786405324939,-6.139931230109141e-8,-0.9984509348869324,2.558376177574928e-9,1,-6.13520043657445e-8,0.9984509348869324,8.591381495115513e-10,0.055638786405324939]},{"type":"position","time":0.5116994380950928,"pos":[880.2003784179688,17.81970977783203,-24.364099502563478,0.055638786405324939,-9.693421532119828e-8,-0.9984509348869324,4.039034884328885e-9,1,-9.685953017424254e-8,0.9984509348869324,1.3563684619910533e-9,0.055638786405324939]},{"type":"position","time":0.5272245407104492,"pos":[880.2003784179688,17.81970977783203,-24.364099502563478,0.055638786405324939,-8.841092835609743e-8,-0.9984509348869324,3.683886973249173e-9,1,-8.834280862402011e-8,0.9984509348869324,1.2371060842397697e-9,0.055638786405324939]},{"type":"position","time":0.5449304580688477,"pos":[880.2003784179688,17.81970977783203,-24.364099502563478,0.055638786405324939,-6.214843750740329e-8,-0.9984509348869324,2.589585434975561e-9,1,-6.210055403244042e-8,0.9984509348869324,8.696253162021605e-10,0.055638786405324939]},{"type":"position","time":0.5599291324615479,"pos":[880.2003784179688,17.81970977783203,-24.364099502563478,0.055638786405324939,-2.7157982529502079e-8,-0.9984509348869324,1.1316069192801593e-9,1,-2.7137057045933944e-8,0.9984509348869324,3.800189329883352e-10,0.055638786405324939]},{"type":"position","time":0.5769045352935791,"pos":[880.2003784179688,17.81970977783203,-24.364099502563478,0.055638786405324939,7.802553270153112e-9,-0.9984509348869324,-3.251262037373692e-10,1,7.796541190430162e-9,0.9984509348869324,-1.0916752224421345e-10,0.055638786405324939]},{"type":"position","time":0.592108964920044,"pos":[880.2003784179688,17.81970977783203,-24.364099502563478,0.055638786405324939,4.2733194760558038e-8,-0.9984509348869324,-1.7806150998112003e-9,1,4.270026821018291e-8,0.9984509348869324,-5.979343131734538e-10,0.055638786405324939]},{"type":"position","time":0.6068687438964844,"pos":[880.2003784179688,17.81970977783203,-24.364099502563478,0.055638786405324939,6.891156800747922e-8,-0.9984509348869324,-2.871415771821262e-9,1,6.885846914883587e-8,0.9984509348869324,-9.642341369797692e-10,0.055638786405324939]},{"type":"position","time":0.6213884353637695,"pos":[880.2003784179688,17.81970977783203,-24.364099502563478,0.055638786405324939,1.0378995796145318e-7,-0.9984509348869324,-4.324729907523306e-9,1,1.0370997927111603e-7,0.9984509348869324,-1.4522671953898226e-9,0.055638786405324939]},{"type":"position","time":0.637305498123169,"pos":[880.2003784179688,17.81970977783203,-24.364099502563478,0.055638786405324939,1.0191885735366668e-7,-0.9984509348869324,-4.2467638294851899e-9,1,1.0184032817051048e-7,0.9984509348869324,-1.4260871372684392e-9,0.055638786405324939]},{"type":"position","time":0.6529281139373779,"pos":[880.2003784179688,17.81970977783203,-24.364099502563478,0.055638786405324939,7.298565662949841e-8,-0.9984509348869324,-3.0411710927324977e-9,1,7.292942427739035e-8,0.9984509348869324,-1.0212444223611783e-9,0.055638786405324939]},{"type":"position","time":0.6685030460357666,"pos":[880.2003784179688,17.81970977783203,-24.364099502563478,0.055638786405324939,3.443692264681886e-8,-0.9984509348869324,-1.434915075648746e-9,1,3.4410390981065578e-8,0.9984509348869324,-4.818600518596838e-10,0.055638786405324939]},{"type":"position","time":0.6833324432373047,"pos":[880.2003784179688,17.81970977783203,-24.364099502563478,0.055638786405324939,-4.078846149724313e-9,-0.9984509348869324,1.6996902496568823e-10,1,-4.075702442207785e-9,0.9984509348869324,5.706141809058707e-11,0.055638786405324939]},{"type":"position","time":0.7008402347564697,"pos":[880.2003784179688,17.81970977783203,-24.364099502563478,0.055638786405324939,-4.256168750771394e-8,-0.9984509348869324,1.7734826940341009e-9,1,-4.2528888855031258e-8,0.9984509348869324,5.955204107621626e-10,0.055638786405324939]},{"type":"position","time":0.7181479930877686,"pos":[880.2003784179688,17.81970977783203,-24.364099502563478,0.055638786405324939,-8.101162052298605e-8,-0.9984509348869324,3.3756271111684556e-9,1,-8.094919934364953e-8,0.9984509348869324,1.1335172800386318e-9,0.055638786405324939]},{"type":"position","time":0.7337305545806885,"pos":[880.2003784179688,17.81970977783203,-24.364099502563478,0.055638786405324939,-1.1942867672587455e-7,-0.9984509348869324,4.976403289447262e-9,1,-1.193366614415936e-7,0.9984509348869324,1.6710524075591593e-9,0.055638786405324939]},{"type":"position","time":0.7495474815368652,"pos":[880.2003784179688,17.81970977783203,-24.364099502563478,0.055638786405324939,-8.377907079193392e-8,-0.9984509348869324,3.4909393153981229e-9,1,-8.371451798439011e-8,0.9984509348869324,1.172242525271372e-9,0.055638786405324939]},{"type":"position","time":0.768639087677002,"pos":[880.2003784179688,17.81970977783203,-24.364099502563478,0.055638786405324939,-4.815994358864373e-8,-0.9984509348869324,2.006744104221525e-9,1,-4.8122835494268659e-8,0.9984509348869324,6.738605229372752e-10,0.055638786405324939]},{"type":"position","time":0.7834029197692871,"pos":[880.2003784179688,17.81970977783203,-24.364099502563478,0.055638786405324939,-1.2571274687900314e-8,-0.9984509348869324,5.238168787613517e-10,1,-1.2561589102233484e-8,0.9984509348869324,1.7590609524553714e-10,0.055638786405324939]},{"type":"position","time":0.7987642288208008,"pos":[880.2003784179688,17.81970977783203,-24.364099502563478,0.055638786405324939,2.2986963443827336e-8,-0.9984509348869324,-9.578436932500268e-10,1,2.2969249613424837e-8,0.9984509348869324,-3.2162131291535447e-10,0.055638786405324939]},{"type":"position","time":0.817143440246582,"pos":[880.2003784179688,17.81970977783203,-24.364099502563478,0.055638786405324939,5.851479656371339e-8,-0.9984509348869324,-2.43823849999103e-9,1,5.8469705521702056e-8,0.9984509348869324,-8.18722034612307e-10,0.055638786405324939]},{"type":"position","time":0.8329846858978272,"pos":[880.2003784179688,17.81970977783203,-24.364099502563478,0.055638786405324939,9.401225042893202e-8,-0.9984509348869324,-3.917368651684683e-9,1,9.393981059702128e-8,0.9984509348869324,-1.3153965694456816e-9,0.055638786405324939]},{"type":"position","time":0.8526308536529541,"pos":[880.2003784179688,17.81970977783203,-24.364099502563478,0.055638786405324939,1.1112712883232234e-7,-0.9984509348869324,-4.6305221879094919e-9,1,1.1104150132723589e-7,0.9984509348869324,-1.5548649034968776e-9,0.055638786405324939]},{"type":"position","time":0.8674306869506836,"pos":[880.2003784179688,17.81970977783203,-24.364099502563478,0.055638786405324939,7.319427908214493e-8,-0.9984509348869324,-3.049907659757878e-9,1,7.31378761997803e-8,0.9984509348869324,-1.02411956692805e-9,0.055638786405324939]},{"type":"position","time":0.8867452144622803,"pos":[880.2003784179688,17.81970977783203,-24.364099502563478,0.055638786405324939,3.529386205514129e-8,-0.9984509348869324,-1.4706432738265108e-9,1,3.526666603193007e-8,0.9984509348869324,-4.938293107770164e-10,0.055638786405324939]},{"type":"position","time":0.9098050594329834,"pos":[880.2003784179688,17.81970977783203,-24.364099502563478,0.055638786405324939,-1.2036093011147387e-8,-0.9984509348869324,5.015410309283652e-10,1,-1.2026817763910458e-8,0.9984509348869324,1.6839346583807924e-10,0.055638786405324939]},{"type":"position","time":0.9359030723571777,"pos":[880.2003784179688,17.81970977783203,-24.364099502563478,0.055638786405324939,-6.876527436361357e-8,-0.9984509348869324,2.8653841521730784e-9,1,-6.871228919180794e-8,0.9984509348869324,9.62122936876142e-10,0.055638786405324939]},{"type":"position","time":0.954803466796875,"pos":[880.2003784179688,17.81970977783203,-24.364099502563478,0.055638786405324939,-1.1598402238632844e-7,-0.9984509348869324,4.832940270205199e-9,1,-1.1589465032102453e-7,0.9984509348869324,1.6227836852067413e-9,0.055638786405324939]},{"type":"position","time":0.9729430675506592,"pos":[880.2003784179688,17.81970977783203,-24.364099502563478,0.055638786405324939,-7.304839755306603e-8,-0.9984509348869324,3.043853391559992e-9,1,-7.299210835753911e-8,0.9984509348869324,1.0220543300576424e-9,0.055638786405324939]},{"type":"position","time":0.9882333278656006,"pos":[880.2003784179688,17.81970977783203,-24.364099502563478,0.055638786405324939,-3.8732945739639038e-8,-0.9984509348869324,1.6139589664732057e-9,1,-3.870309939202343e-8,0.9984509348869324,5.419346638113609e-10,0.055638786405324939]},{"type":"position","time":1.0075364112854005,"pos":[880.2003784179688,17.81970977783203,-24.364099502563478,0.055638786405324939,-4.446831791682371e-9,-0.9984509348869324,1.852857034467803e-10,1,-4.4434056434283779e-9,0.9984509348869324,6.222702214619957e-11,0.055638786405324939]},{"type":"position","time":1.0234897136688233,"pos":[880.2003784179688,17.81970977783203,-24.364099502563478,0.055638786405324939,3.8369584842712359e-8,-0.9984509348869324,-1.5988400603461628e-9,1,3.834001915947738e-8,0.9984509348869324,-5.368287481211098e-10,0.055638786405324939]},{"type":"position","time":1.0384008884429932,"pos":[880.2003784179688,17.81970977783203,-24.364099502563478,0.055638786405324939,6.403747221384038e-8,-0.9984509348869324,-2.6684010556721206e-9,1,6.398812502084184e-8,0.9984509348869324,-8.959540331865412e-10,0.055638786405324939]},{"type":"position","time":1.0513675212860108,"pos":[880.2003784179688,17.81970977783203,-24.364099502563478,0.055638786405324939,8.968888920435347e-8,-0.9984509348869324,-3.737276710324977e-9,1,8.961977471244609e-8,0.9984509348869324,-1.2548482253293969e-9,0.055638786405324939]},{"type":"position","time":1.066007137298584,"pos":[880.2003784179688,17.81970977783203,-24.364099502563478,0.055638786405324939,1.0629049285171277e-7,-0.9984509348869324,-4.429053124255233e-9,1,1.062085885905617e-7,0.9984509348869324,-1.4871246456493737e-9,0.055638786405324939]},{"type":"position","time":1.0844502449035645,"pos":[880.2003784179688,17.81970977783203,-24.364099502563478,0.055638786405324939,7.017634828798691e-8,-0.9984509348869324,-2.9241995491702257e-9,1,7.012226888036821e-8,0.9984509348869324,-9.818483803769596e-10,0.055638786405324939]},{"type":"position","time":1.1032867431640626,"pos":[880.2003784179688,17.81970977783203,-24.364099502563478,0.055638786405324939,3.409307325341615e-8,-0.9984509348869324,-1.4206310572362213e-9,1,3.40668044884751e-8,0.9984509348869324,-4.770052131064517e-10,0.055638786405324939]},{"type":"position","time":1.118563175201416,"pos":[879.9871826171875,17.81986427307129,-24.240947723388673,-0.26846951246261599,-0.0004774703993462026,-0.9632880687713623,-0.00006397453398676589,0.9999998807907105,-0.00047783745685592294,0.9632881879806519,-0.00006665888213319704,-0.26846951246261599]},{"type":"position","time":1.1370038986206055,"pos":[879.8119506835938,17.8203182220459,-24.147743225097658,-0.49200257658958437,-0.0008326072711497545,-0.8705933094024658,-0.00019045115914195776,0.9999996423721314,-0.0008487367304041982,0.8705937266349793,-0.0002517751418054104,-0.49200257658958437]},{"type":"position","time":1.1523935794830323,"pos":[879.5720825195313,17.82128143310547,-24.032058715820314,-0.7278238534927368,-0.0008052925113588572,-0.6857636570930481,-0.00025633221957832575,0.9999995827674866,-0.0009022459853440523,0.6857640743255615,-0.00048089283518493176,-0.7278237342834473]},{"type":"position","time":1.167928695678711,"pos":[879.3284912109375,17.822450637817384,-23.92310333251953,-0.8831295967102051,-0.0005116787506267428,-0.46912887692451479,-0.0001902549556689337,0.9999997019767761,-0.0007325466722249985,0.46912911534309389,-0.0005576795665547252,-0.8831294178962708]},{"type":"position","time":1.1843812465667725,"pos":[879.0820922851563,17.823701858520509,-23.820154190063478,-0.9678266644477844,-0.0002485667064320296,-0.2516176402568817,-0.00011183774040546268,0.9999998211860657,-0.0005576998228207231,0.2516177296638489,-0.0005116164684295654,-0.9678265452384949]},{"type":"position","time":1.2019023895263672,"pos":[878.8338623046875,17.824966430664064,-23.721372604370118,-0.9987130761146545,-0.00008752097346587107,-0.05071694776415825,-0.0000662232851027511,0.9999998807907105,-0.0004216127563267946,0.05071697756648064,-0.00041771153337322176,-0.998712956905365]},{"type":"position","time":1.219299077987671,"pos":[878.5835571289063,17.826215744018556,-23.628143310546876,-0.9919391870498657,-0.0000021592998109554175,0.12671472132205964,-0.00004300267028156668,0.9999999403953552,-0.0003195898316334933,-0.12671470642089845,-0.00032246275804936886,-0.991939127445221]},{"type":"position","time":1.2440571784973145,"pos":[878.2059326171875,17.82801055908203,-23.494842529296876,-0.9370904564857483,0.00005285886800265871,0.3490866720676422,-0.00002490908264007885,1,-0.00021828657190781087,-0.3490866720676422,-0.0002132496883859858,-0.9370903968811035]},{"type":"position","time":1.2808709144592286,"pos":[877.698974609375,17.830259323120118,-23.327470779418947,-0.8221614360809326,0.00006819818372605368,0.569254457950592,-0.000012623254406207707,1,-0.00013803411275148392,-0.569254457950592,-0.00012067216448485851,-0.8221613764762878]},{"type":"position","time":1.296787977218628,"pos":[877.3821411132813,17.831600189208986,-23.222808837890626,-0.7490759491920471,0.00005733348007197492,0.6624841690063477,-0.000007156964784371667,1,-0.00009463560854783282,-0.6624841690063477,-0.00007563063263660297,-0.7490759491920471]},{"type":"position","time":1.3169190883636475,"pos":[877.1280517578125,17.832656860351564,-23.141576766967775,-0.6959871053695679,0.0000422553566750139,0.7180542945861816,-0.0000035999341889692006,1,-0.00006233632302610204,-0.7180542945861816,-0.000045970224164193499,-0.6959871053695679]},{"type":"position","time":1.3581089973449708,"pos":[876.556640625,17.834978103637697,-22.957843780517579,-0.5875406861305237,0.000026887053536484019,0.8091946244239807,-0.0000013300701766638668,1,-0.000034192667953902858,-0.8091946244239807,-0.0000211658698390238,-0.5875406861305237]},{"type":"position","time":1.4013245105743409,"pos":[876.0501098632813,17.837032318115236,-22.79055404663086,-0.5132683515548706,0.000014748999092262239,0.8582282066345215,-5.426402935881924e-7,1,-0.00001750993396854028,-0.8582282066345215,-0.000009453004167880863,-0.5132683515548706]},{"type":"position","time":1.4299545288085938,"pos":[875.4220581054688,17.839685440063478,-22.566734313964845,-0.4517403841018677,0.000005424177743407199,0.8921494483947754,-6.360200188737508e-8,1,-0.00000611210316492361,-0.8921494483947754,-0.0000028178262709843695,-0.4517403841018677]},{"type":"position","time":1.4620819091796876,"pos":[874.9839477539063,17.84162139892578,-22.406057357788087,-0.4241288900375366,0.0000025910994736477734,0.9056018590927124,-2.503449181290307e-8,1,-0.0000028729152745654575,-0.9056018590927124,-0.000001241157633558032,-0.4241288900375366]},{"type":"position","time":1.497218132019043,"pos":[874.5454711914063,17.84359359741211,-22.24641990661621,-0.40402066707611086,0.0000012566879377118312,0.9147498607635498,-3.965109129921984e-9,1,-0.0000013755562804362854,-0.9147498607635498,-5.593802256953495e-7,-0.40402066707611086]},{"type":"position","time":1.5165045261383057,"pos":[874.1041870117188,17.845558166503908,-22.09453010559082,-0.3854382336139679,0.0000011211338915018133,0.9227336645126343,-4.9593746886955618e-9,1,-0.0000012170851277915063,-0.9227336645126343,-4.736873222555005e-7,-0.3854382336139679]},{"type":"position","time":1.5332129001617432,"pos":[873.7879638671875,17.846927642822267,-21.988889694213868,-0.3735302686691284,9.73582473307033e-7,0.9276179671287537,-4.434680622722453e-9,1,-0.0000010513367669773289,-0.9276179671287537,-3.9681978591943336e-7,-0.3735302686691284]},{"type":"position","time":1.547820806503296,"pos":[873.59814453125,17.847736358642579,-21.925729751586915,-0.3673548400402069,8.123492989398073e-7,0.9300808906555176,-3.004289261809845e-9,1,-8.746044954932586e-7,-0.9300808906555176,-3.240844250740338e-7,-0.3673548400402069]},{"type":"position","time":1.5676500797271729,"pos":[873.2817993164063,17.84906578063965,-21.820512771606447,-0.3584471344947815,5.38360211521649e-7,0.9335500001907349,-8.540165241655018e-10,1,-5.770085067524633e-7,-0.9335500001907349,-2.0762432484389138e-7,-0.3584471344947815]},{"type":"position","time":1.5830926895141602,"pos":[873.0286865234375,17.850122451782228,-21.736366271972658,-0.352387011051178,4.0184997374126399e-7,0.9358543753623962,-8.211020752213472e-11,1,-4.2942463096551366e-7,-0.9358543753623962,-1.5140049924866617e-7,-0.352387011051178]},{"type":"position","time":1.5987658500671387,"pos":[872.7755737304688,17.85117530822754,-21.652223587036134,-0.3472164571285248,2.94356624408465e-7,0.9377850294113159,1.4777103152230354e-10,1,-3.1383027021547607e-7,-0.9377850294113159,-1.088284591332922e-7,-0.3472164571285248]},{"type":"position","time":1.6123461723327637,"pos":[872.5862426757813,17.851964950561525,-21.58794593811035,-0.3442977964878082,2.1271783623433294e-7,0.9388604760169983,2.4850502211570815e-10,1,-2.264791021389101e-7,-0.9388604760169983,-7.774293919737829e-8,-0.3442977964878082]},{"type":"position","time":1.6278185844421387,"pos":[872.3338623046875,17.8530216217041,-21.501880645751954,-0.34122124314308169,1.4896814093390277e-7,0.9399830102920532,5.533847824423788e-10,1,-1.5827873767193524e-7,-0.9399830102920532,-5.348789144932198e-8,-0.34122124314308169]},{"type":"position","time":1.6460742950439454,"pos":[872.0810546875,17.854082107543947,-21.416887283325197,-0.3381839990615845,1.3172871149436106e-7,0.9410800337791443,5.483614673451598e-10,1,-1.3977904700368527e-7,-0.9410800337791443,-4.67549838845116e-8,-0.3381839990615845]},{"type":"position","time":1.6764163970947266,"pos":[871.7649536132813,17.85540771484375,-21.310909271240236,-0.3346969783306122,1.2250826841864183e-7,0.9423258304595947,3.2148722572955537e-10,1,-1.2989208642011364e-7,-0.9423258304595947,-4.3171542785103159e-8,-0.3346969783306122]},{"type":"position","time":1.708571195602417,"pos":[871.1939697265625,17.857769012451173,-21.126131057739259,-0.32681381702423098,1.280563850514227e-7,0.9450887441635132,1.9137960660664533e-10,1,-1.3543049703912403e-7,-0.9450887441635132,-4.407968745567814e-8,-0.32681381702423098]},{"type":"position","time":1.7502937316894532,"pos":[870.6198120117188,17.860050201416017,-20.951637268066408,-0.3161581754684448,2.340574525305783e-7,0.9487065076828003,1.3494041994910334e-10,1,-2.4666721287758266e-7,-0.9487065076828003,-7.78578339577507e-8,-0.3161581754684448]},{"type":"position","time":1.784266710281372,"pos":[870.1078491210938,17.861989974975587,-20.80185890197754,-0.3065405488014221,2.2847241609724734e-7,0.9518576264381409,1.0462371941022397e-10,1,-2.3999425025067469e-7,-0.9518576264381409,-7.34683851533191e-8,-0.3065405488014221]},{"type":"position","time":1.8277645111083985,"pos":[869.467041015625,17.864334106445314,-20.618450164794923,-0.29579904675483706,1.7421515963178536e-7,0.9552502036094666,2.0493276520205939e-10,1,-1.823130162392772e-7,-0.9552502036094666,-5.3732250648863558e-8,-0.29579904675483706]},{"type":"position","time":1.8517627716064454,"pos":[869.3854370117188,17.86583709716797,-20.595170974731447,-0.29434090852737429,3.0697204778107337e-8,0.9557005167007446,8.033654297356918e-10,1,-3.18726840475847e-8,-0.9557005167007446,-8.61365823112692e-9,-0.29434090852737429]},{"type":"position","time":1.871964454650879,"pos":[869.3854370117188,17.86626625061035,-20.595163345336915,-0.2943224608898163,-6.118407469557497e-8,0.9557061791419983,1.3181358227143392e-9,1,6.442569144837762e-8,-0.9557061791419983,2.0221678553866697e-8,-0.2943224608898163]},{"type":"position","time":1.8933348655700684,"pos":[869.3854370117188,17.866439819335939,-20.595163345336915,-0.2943212389945984,-8.267069517842174e-8,0.9557065367698669,1.083291123471497e-9,1,8.683579011403708e-8,-0.9557065367698669,2.6592925195245699e-8,-0.2943212389945984]},{"type":"position","time":1.911489725112915,"pos":[869.3854370117188,17.866552352905275,-20.595163345336915,-0.29432108998298647,-8.787062455439809e-8,0.9557065963745117,5.205981756795097e-10,1,9.210342710730402e-8,-0.9557065963745117,2.7605517871620579e-8,-0.29432108998298647]},{"type":"position","time":1.932541847229004,"pos":[869.3854370117188,17.86660385131836,-20.595163345336915,-0.29432108998298647,-9.306500459160816e-8,0.9557065963745117,-4.150796026336501e-11,1,9.736542949667637e-8,-0.9557065963745117,2.86170305230371e-8,-0.29432108998298647]},{"type":"position","time":1.9485549926757813,"pos":[869.3854370117188,17.86663055419922,-20.595163345336915,-0.29432108998298647,-9.825383529005194e-8,0.9557065963745117,-6.030127508438454e-10,1,1.0262182570386358e-7,-0.9557065963745117,2.962746314949527e-8,-0.29432108998298647]},{"type":"position","time":1.9645287990570069,"pos":[869.3854370117188,17.86663818359375,-20.595163345336915,-0.29432108998298647,-1.0136447059494458e-7,0.9557065963745117,-9.396284861296068e-10,1,1.0577296194469455e-7,-0.9557065963745117,3.0233202608087598e-8,-0.29432108998298647]},{"type":"position","time":1.9826107025146485,"pos":[869.3854370117188,17.86664581298828,-20.595163345336915,-0.29432108998298647,-1.055088887369493e-7,0.9557065963745117,-1.3881142901794875e-9,1,1.0997133870205289e-7,-0.9557065963745117,3.104025481093231e-8,-0.29432108998298647]},{"type":"position","time":2.001906156539917,"pos":[869.3854370117188,17.86664581298828,-20.595163345336915,-0.29432108998298647,-1.0964975416527523e-7,0.9557065963745117,-1.8362148468398232e-9,1,1.1416612721859565e-7,-0.9557065963745117,3.184661423460966e-8,-0.29432108998298647]},{"type":"position","time":2.029118537902832,"pos":[869.3854370117188,17.86664581298828,-20.595163345336915,-0.29432108998298647,-1.158544336021805e-7,0.9557065963745117,-2.507648755312175e-9,1,1.204515882591295e-7,-0.9557065963745117,3.305486728777396e-8,-0.29432108998298647]},{"type":"position","time":2.056663990020752,"pos":[869.3854370117188,17.86664581298828,-20.595163345336915,-0.29432108998298647,-1.24114976074452e-7,0.9557065963745117,-3.401559034443835e-9,1,1.2881969269074035e-7,-0.9557065963745117,3.466345788183389e-8,-0.29432108998298647]},{"type":"position","time":2.075864315032959,"pos":[869.3854370117188,17.86664581298828,-20.595163345336915,-0.29432108998298647,-1.2927065995427257e-7,0.9557065963745117,-3.959478522830295e-9,1,1.340424944373808e-7,-0.9557065963745117,3.566743345118084e-8,-0.29432108998298647]},{"type":"position","time":2.0904030799865724,"pos":[869.3854370117188,17.86664581298828,-20.595163345336915,-0.29432108998298647,-1.3339122517663783e-7,0.9557065963745117,-4.405384057548645e-9,1,1.3821671984715068e-7,-0.9557065963745117,3.6469838704533689e-8,-0.29432108998298647]},{"type":"position","time":2.1051886081695558,"pos":[869.3854370117188,17.86664581298828,-20.595163345336915,-0.29432108998298647,-1.0295319441411266e-7,0.9557065963745117,-3.5490095307011417e-9,1,1.0663173100056156e-7,-0.9557065963745117,2.7992156148570758e-8,-0.29432108998298647]},{"type":"position","time":2.122504949569702,"pos":[869.3854370117188,17.86664581298828,-20.595163345336915,-0.29432108998298647,-4.0058303341083959e-8,0.9557065963745117,-1.6146683989859412e-9,1,4.141760001630246e-8,-0.9557065963745117,1.064692334296069e-8,-0.29432108998298647]},{"type":"position","time":2.138029098510742,"pos":[869.3854370117188,17.86664581298828,-20.595163345336915,-0.29432108998298647,2.2782844055768693e-8,0.9557065963745117,3.1801689059918205e-10,1,-2.3740804877547818e-8,-0.9557065963745117,-6.6834888734490509e-9,-0.29432108998298647]},{"type":"position","time":2.1524813175201418,"pos":[869.3552856445313,17.866317749023439,-20.636613845825197,-0.21868784725666047,0.000037687746953452009,0.9757948517799377,-0.0000010732109103628318,1,-0.00003886313425027765,-0.9757948517799377,-0.000009546128239890095,-0.21868784725666047]},{"type":"position","time":2.167254686355591,"pos":[869.2548828125,17.862794876098634,-20.773298263549806,-0.07236956059932709,0.00016141771629918367,0.997377872467041,-0.000014349673620017711,1,-0.00016288328333757818,-0.997377872467041,-0.000026099838578375058,-0.07236955314874649]},{"type":"position","time":2.1846141815185549,"pos":[869.1058959960938,17.85731315612793,-20.979652404785158,0.06834720820188523,0.00020344222139101475,0.9976615905761719,-0.00002484083961462602,1,-0.00020221728482283652,-0.9976615905761719,-0.000010961764928651974,0.06834721565246582]},{"type":"position","time":2.202544927597046,"pos":[868.9501342773438,17.8515682220459,-21.196060180664064,0.19066984951496125,0.00016607189900241792,0.9816542267799377,-0.000019864457499352285,1,-0.0001653172221267596,-0.9816542267799377,0.000012020981557725463,0.19066984951496125]},{"type":"position","time":2.218646764755249,"pos":[868.798828125,17.832490921020509,-21.415016174316408,0.29586079716682436,0.00011905437713721767,0.9552310705184937,-0.000011217690371267964,1,-0.00012115969002479687,-0.9552310705184937,0.00002513091567379888,0.29586079716682436]},{"type":"position","time":2.2365882396698,"pos":[868.6495361328125,17.81130027770996,-21.635204315185548,0.38494008779525759,0.000086026600911282,0.9229415655136108,-0.000006221562216524035,1,-0.0000906142668100074,-0.9229415655136108,0.000029138924219296315,0.38494008779525759]},{"type":"position","time":2.254157066345215,"pos":[868.4666748046875,17.78518295288086,-21.91289710998535,0.4779549241065979,0.000059474088629940528,0.8783843517303467,-0.0000037749555303889794,1,-0.00006565443618455902,-0.8783843517303467,0.000028063999707228505,0.4779549241065979]},{"type":"position","time":2.2706432342529299,"pos":[868.3614501953125,17.788211822509767,-22.082374572753908,0.5256455540657044,0.00004904132947558537,0.8507036566734314,-0.0000030302858249342536,1,-0.00005577555930358358,-0.8507036566734314,0.000026740299290395343,0.5256455540657044]},{"type":"position","time":2.2862801551818849,"pos":[868.2261352539063,17.791292190551759,-22.31139373779297,0.5813817381858826,0.000037521567719522867,0.8136309385299683,-0.000002235858801213908,1,-0.0000445185651187785,-0.8136309385299683,0.000024063117962214166,0.5813817381858826]},{"type":"position","time":2.305180788040161,"pos":[868.0598754882813,17.765743255615236,-22.5991268157959,0.6399406790733337,0.000027030842829844916,0.7684243321418762,-0.000001473290240028291,1,-0.00003395002568140626,-0.7684243321418762,0.000020593888621078805,0.6399406790733337]},{"type":"position","time":2.3233554363250734,"pos":[867.8972778320313,17.768901824951173,-22.888898849487306,0.6876642107963562,0.000019179709852323869,0.7260288596153259,-9.413927273271838e-7,1,-0.00002552563455537893,-0.7260288596153259,0.00001686958785285242,0.6876642107963562]},{"type":"position","time":2.3397927284240724,"pos":[867.7715454101563,17.740739822387697,-23.11948585510254,0.7191260457038879,0.000014325304618978408,0.6948796510696411,-6.350626904350065e-7,1,-0.00001995829734369181,-0.6948796510696411,0.000013911238966102247,0.7191260457038879]},{"type":"position","time":2.3589282035827638,"pos":[867.6481323242188,17.669679641723634,-23.355043411254884,0.7461885213851929,0.000010751119589258451,0.6657347083091736,-4.1929121152861628e-7,1,-0.00001567929211887531,-0.6657347083091736,0.000011420570444897749,0.7461885213851929]},{"type":"position","time":2.3749403953552248,"pos":[867.5288696289063,17.616622924804689,-23.591445922851564,0.7698413133621216,0.000008452511792711448,0.638235330581665,-3.0046615506762466e-7,1,-0.000012881142538390123,-0.638235330581665,0.000009724667506816332,0.7698413133621216]},{"type":"position","time":2.390652656555176,"pos":[867.4166259765625,17.54499053955078,-23.81709861755371,0.7900253534317017,0.000006613229288632283,0.6130741238594055,-2.2224909912438307e-7,1,-0.0000105006001831498,-0.6130741238594055,0.000008159485332726036,0.7900253534317017]},{"type":"position","time":2.4050452709198,"pos":[867.3294677734375,17.546892166137697,-23.994422912597658,0.80305016040802,0.000005353597771318164,0.5959113836288452,-1.6825784143748025e-7,1,-0.00000875713703862857,-0.5959113836288452,0.000006932154064998031,0.80305016040802]},{"type":"position","time":2.424842596054077,"pos":[867.2122192382813,17.58449363708496,-24.23343849182129,0.8179493546485901,0.000003889607341989176,0.5752902030944824,-1.0563347530023748e-7,1,-0.0000066109319050156049,-0.5752902030944824,0.0000053466374083654959,0.8179493546485901]},{"type":"position","time":2.4485225677490236,"pos":[867.0802612304688,17.641937255859376,-24.507980346679689,0.8340146541595459,0.000002778869202302303,0.5517422556877136,-6.207164204852234e-8,1,-0.000004942707164445892,-0.5517422556877136,0.000004088042715011397,0.8340146541595459]},{"type":"position","time":2.4828078746795656,"pos":[866.853271484375,17.734128952026368,-24.981525421142579,0.8543890714645386,0.0000017107466874222155,0.5196338295936585,-3.149213867459366e-8,1,-0.0000032404359444626609,-0.5196338295936585,0.000002752228510871646,0.8543890714645386]},{"type":"position","time":2.503978729248047,"pos":[866.651123046875,17.766765594482423,-25.400957107543947,0.8668535351753235,9.171949386654887e-7,0.49856290221214297,-1.1523908050037335e-8,1,-0.0000018196408291260014,-0.49856290221214297,0.000001571616621731664,0.8668535351753235]},{"type":"position","time":2.518880844116211,"pos":[866.5350952148438,17.77454948425293,-25.64055061340332,0.8720524311065674,5.983723099234339e-7,0.4894125163555145,-4.221425875527984e-9,1,-0.0000012151119790360099,-0.4894125163555145,0.0000010575752185104648,0.8720524311065674]},{"type":"position","time":2.5338025093078615,"pos":[866.4461059570313,17.780595779418947,-25.819564819335939,0.8748390078544617,3.855987813494721e-7,0.4844138026237488,-1.0812767348156172e-9,1,-7.940583941490331e-7,-0.4844138026237488,6.941494916645752e-7,0.8748390078544617]},{"type":"position","time":2.5516364574432375,"pos":[866.3240966796875,17.787433624267579,-26.05664825439453,0.8771288394927979,1.5604928194079549e-7,0.4802550971508026,1.2842604757423715e-9,1,-3.2727552934375128e-7,-0.4802550971508026,2.8767956905539906e-7,0.8771288394927979]},{"type":"position","time":2.569953441619873,"pos":[866.1992797851563,17.791828155517579,-26.29228401184082,0.8782637715339661,4.113302409791686e-8,0.4781765043735504,5.85950843401406e-9,1,-9.678270629365216e-8,-0.4781765043735504,8.780262561458585e-8,0.8782637715339661]},{"type":"position","time":2.5860483646392824,"pos":[866.038818359375,17.793222427368165,-26.58442497253418,0.8782249689102173,-4.417867671691056e-8,0.478247731924057,9.102635978308627e-9,1,7.566060844510503e-8,-0.478247731924057,-6.209372571674976e-8,0.8782249689102173]},{"type":"position","time":2.6006388664245607,"pos":[865.94091796875,17.791248321533204,-26.75881004333496,0.8777066469192505,-3.900240130860766e-8,0.4791983366012573,5.0334589829503788e-9,1,7.217157360628335e-8,-0.4791983366012573,-6.09334449563903e-8,0.8777066469192505]},{"type":"position","time":2.6157236099243166,"pos":[865.8099365234375,17.78836441040039,-26.991098403930665,0.8768532276153565,-5.002123160124938e-9,0.4807581901550293,-7.901642534724474e-11,1,1.0548772522156469e-8,-0.4807581901550293,-9.287712821048899e-9,0.8768532276153565]},{"type":"position","time":2.637110471725464,"pos":[865.6788940429688,17.785472869873048,-27.223373413085939,0.8760586380958557,4.1858626786961398e-8,0.4822045564651489,-3.1002680422886898e-9,1,-8.117428507148361e-8,-0.4822045564651489,6.961847276443223e-8,0.8760586380958557]},{"type":"position","time":2.653728485107422,"pos":[865.513427734375,17.78186798095703,-27.51272964477539,0.8747894763946533,6.061413415636707e-8,0.48450320959091189,-1.2407578298123668e-9,1,-1.2286550088447258e-7,-0.48450320959091189,1.0688030016581252e-7,0.8747894763946533]},{"type":"position","time":2.6689460277557375,"pos":[865.4722290039063,17.77448081970215,-27.58462905883789,0.8744551539421082,4.8910305139315827e-8,0.48510631918907168,6.601666435734899e-10,1,-1.0201390665542931e-7,-0.48510631918907168,8.952684282803603e-8,0.8744551539421082]},{"type":"position","time":2.6862289905548097,"pos":[865.47119140625,17.775419235229493,-27.586332321166993,0.8744201064109802,4.143971210623931e-8,0.48516952991485598,2.042825686388028e-9,1,-8.909463389272787e-8,-0.48516952991485598,7.889725139875736e-8,0.8744201064109802]},{"type":"position","time":2.701808214187622,"pos":[865.4711303710938,17.777143478393556,-27.58642578125,0.8744124174118042,3.151601646322888e-8,0.48518338799476626,3.8767598020683639e-9,1,-7.194373097263451e-8,-0.48518338799476626,6.478943248566793e-8,0.8744124174118042]},{"type":"position","time":2.7173073291778566,"pos":[865.4711303710938,17.77829360961914,-27.586427688598634,0.8744115233421326,2.1601692878903124e-8,0.48518499732017519,5.707851080671844e-9,1,-5.4809412119993797e-8,-0.48518499732017519,5.069534481094706e-8,0.8744115233421326]},{"type":"position","time":2.7311134338378908,"pos":[865.4711303710938,17.778955459594728,-27.586427688598634,0.874411404132843,1.1695853174842341e-8,0.48