{"a":[{"p":[-99.6408462524414,1018.7186889648438,-302.3470153808594,-0.14062760770320893,0,0.9900625348091126,0,1,0,-0.9900625348091126,0,-0.14062760770320893]},{"p":[-99.6408462524414,1018.7186889648438,-302.3470153808594,-0.14062760770320893,0,0.9900625348091126,0,1,0,-0.9900625348091126,0,-0.14062760770320893]},{"p":[-99.6408462524414,1018.7186889648438,-302.3470153808594,-0.14062760770320893,0,0.9900625348091126,0,1,0,-0.9900625348091126,0,-0.14062760770320893]},{"p":[-99.6408462524414,1018.7186889648438,-302.3470153808594,-0.14062760770320893,0,0.9900625348091126,0,1,0,-0.9900625348091126,0,-0.14062760770320893]},{"p":[-99.6408462524414,1018.7186889648438,-302.3470153808594,-0.14062760770320893,0,0.9900625348091126,0,1,0,-0.9900625348091126,0,-0.14062760770320893]},{"p":[-99.6408462524414,1018.7186889648438,-302.3470153808594,-0.14062760770320893,0,0.9900625348091126,0,1,0,-0.9900625348091126,0,-0.14062760770320893]},{"p":[-99.6408462524414,1018.7186889648438,-302.3470153808594,-0.14062760770320893,0,0.9900625348091126,0,1,0,-0.9900625348091126,0,-0.14062760770320893]},{"p":[-99.6408462524414,1018.7186889648438,-302.3470153808594,-0.14062760770320893,0,0.9900625348091126,0,1,0,-0.9900625348091126,0,-0.14062760770320893]},{"p":[-99.6408462524414,1018.7186889648438,-302.3470153808594,-0.14062760770320893,0,0.9900625348091126,0,1,0,-0.9900625348091126,0,-0.14062760770320893]},{"p":[-99.6408462524414,1018.7186889648438,-302.3470153808594,-0.14062760770320893,0,0.9900625348091126,0,1,0,-0.9900625348091126,0,-0.14062760770320893]},{"p":[-99.6408462524414,1018.7186889648438,-302.3470153808594,-0.14062760770320893,0,0.9900625348091126,0,1,0,-0.9900625348091126,0,-0.14062760770320893]},{"p":[-99.6408462524414,1018.7186889648438,-302.3470153808594,-0.14062760770320893,0,0.9900625348091126,0,1,0,-0.9900625348091126,0,-0.14062760770320893]},{"p":[-99.6408462524414,1018.7186889648438,-302.3470153808594,-0.14062760770320893,0,0.9900625348091126,0,1,0,-0.9900625348091126,0,-0.14062760770320893]},{"p":[-99.6408462524414,1018.7186889648438,-302.3470153808594,-0.14062760770320893,0,0.9900625348091126,0,1,0,-0.9900625348091126,0,-0.14062760770320893]},{"p":[-99.6408462524414,1018.7186889648438,-302.3470153808594,-0.14062760770320893,0,0.9900625348091126,0,1,0,-0.9900625348091126,0,-0.14062760770320893]},{"p":[-99.6408462524414,1018.7186889648438,-302.3470153808594,-0.14062760770320893,0,0.9900625348091126,0,1,0,-0.9900625348091126,0,-0.14062760770320893]},{"p":[-99.6408462524414,1018.7186889648438,-302.3470153808594,-0.14062760770320893,0,0.9900625348091126,0,1,0,-0.9900625348091126,0,-0.14062760770320893]},{"p":[-99.6408462524414,1018.7186889648438,-302.3470153808594,-0.14062760770320893,0,0.9900625348091126,0,1,0,-0.9900625348091126,0,-0.14062760770320893]},{"p":[-99.6408462524414,1018.7186889648438,-302.3470153808594,-0.14062760770320893,0,0.9900625348091126,0,1,0,-0.9900625348091126,0,-0.14062760770320893]},{"p":[-99.6408462524414,1018.7186889648438,-302.3470153808594,-0.14062760770320893,0,0.9900625348091126,0,1,0,-0.9900625348091126,0,-0.14062760770320893]},{"p":[-99.6408462524414,1018.7186889648438,-302.3470153808594,-0.14062760770320893,0,0.9900625348091126,0,1,0,-0.9900625348091126,0,-0.14062760770320893]},{"p":[-99.6408462524414,1018.7186889648438,-302.3470153808594,-0.14062760770320893,0,0.9900625348091126,0,1,0,-0.9900625348091126,0,-0.14062760770320893]},{"p":[-99.6408462524414,1018.7186889648438,-302.3470153808594,-0.14062760770320893,0,0.9900625348091126,0,1,0,-0.9900625348091126,0,-0.14062760770320893]},{"p":[-99.6408462524414,1018.7186889648438,-302.3470153808594,-0.14062760770320893,0,0.9900625348091126,0,1,0,-0.9900625348091126,0,-0.14062760770320893]},{"p":[-99.6408462524414,1018.7186889648438,-302.3470153808594,-0.14062760770320893,0,0.9900625348091126,0,1,0,-0.9900625348091126,0,-0.14062760770320893]},{"p":[-99.6408462524414,1018.7186889648438,-302.3470153808594,-0.14062760770320893,0,0.9900625348091126,0,1,0,-0.9900625348091126,0,-0.14062760770320893]},{"p":[-99.6408462524414,1018.7186889648438,-302.3470153808594,-0.14062760770320893,0,0.9900625348091126,0,1,0,-0.9900625348091126,0,-0.14062760770320893]},{"p":[-99.6408462524414,1018.7186889648438,-302.3470153808594,-0.14062760770320893,0,0.9900625348091126,0,1,0,-0.9900625348091126,0,-0.14062760770320893]},{"p":[-99.6408462524414,1018.7186889648438,-302.3470153808594,-0.14062760770320893,0,0.9900625348091126,0,1,0,-0.9900625348091126,0,-0.14062760770320893]},{"p":[-99.6408462524414,1018.7186889648438,-302.3470153808594,-0.14062760770320893,0,0.9900625348091126,0,1,0,-0.9900625348091126,0,-0.14062760770320893]},{"p":[-99.6408462524414,1018.7186889648438,-302.3470153808594,-0.14062760770320893,0,0.9900625348091126,0,1,0,-0.9900625348091126,0,-0.14062760770320893]},{"p":[-99.6408462524414,1018.7186889648438,-302.3470153808594,-0.14062760770320893,0,0.9900625348091126,0,1,0,-0.9900625348091126,0,-0.14062760770320893]},{"p":[-99.6408462524414,1018.7186889648438,-302.3470153808594,-0.14062760770320893,0,0.9900625348091126,0,1,0,-0.9900625348091126,0,-0.14062760770320893]},{"p":[-99.6408462524414,1018.7186889648438,-302.3470153808594,-0.14062760770320893,0,0.9900625348091126,0,1,0,-0.9900625348091126,0,-0.14062760770320893]},{"p":[-99.6408462524414,1018.7186889648438,-302.3470153808594,-0.14062760770320893,0,0.9900625348091126,0,1,0,-0.9900625348091126,0,-0.14062760770320893]},{"p":[-99.6408462524414,1018.7186889648438,-302.3470153808594,-0.14062760770320893,0,0.9900625348091126,0,1,0,-0.9900625348091126,0,-0.14062760770320893]},{"p":[-99.6408462524414,1018.7186889648438,-302.3470153808594,-0.14062760770320893,0,0.9900625348091126,0,1,0,-0.9900625348091126,0,-0.14062760770320893]},{"p":[-99.6408462524414,1018.7186889648438,-302.3470153808594,-0.14062760770320893,0,0.9900625348091126,0,1,0,-0.9900625348091126,0,-0.14062760770320893]},{"p":[-99.6408462524414,1018.7186889648438,-302.3470153808594,-0.14062760770320893,0,0.9900625348091126,0,1,0,-0.9900625348091126,0,-0.14062760770320893]},{"p":[-99.6408462524414,1018.7186889648438,-302.3470153808594,-0.14062760770320893,0,0.9900625348091126,0,1,0,-0.9900625348091126,0,-0.14062760770320893]},{"p":[-99.6408462524414,1018.7186889648438,-302.3470153808594,-0.14062760770320893,0,0.9900625348091126,0,1,0,-0.9900625348091126,0,-0.14062760770320893]},{"p":[-99.6408462524414,1018.7186889648438,-302.3470153808594,-0.14062760770320893,0,0.9900625348091126,0,1,0,-0.9900625348091126,0,-0.14062760770320893]},{"p":[-99.6408462524414,1018.7186889648438,-302.3470153808594,-0.14062760770320893,0,0.9900625348091126,0,1,0,-0.9900625348091126,0,-0.14062760770320893]},{"p":[-99.6408462524414,1018.7186889648438,-302.3470153808594,-0.14062760770320893,0,0.9900625348091126,0,1,0,-0.9900625348091126,0,-0.14062760770320893]},{"p":[-99.6408462524414,1018.7186889648438,-302.3470153808594,-0.14062760770320893,0,0.9900625348091126,0,1,0,-0.9900625348091126,0,-0.14062760770320893]},{"p":[-99.6408462524414,1018.7186889648438,-302.3470153808594,-0.14062760770320893,0,0.9900625348091126,0,1,0,-0.9900625348091126,0,-0.14062760770320893]},{"p":[-99.6408462524414,1018.7186889648438,-302.3470153808594,-0.14062760770320893,0,0.9900625348091126,0,1,0,-0.9900625348091126,0,-0.14062760770320893]},{"p":[-99.6408462524414,1018.7186889648438,-302.3470153808594,-0.14062760770320893,0,0.9900625348091126,0,1,0,-0.9900625348091126,0,-0.14062760770320893]},{"p":[-99.6408462524414,1018.7186889648438,-302.3470153808594,-0.14062760770320893,0,0.9900625348091126,0,1,0,-0.9900625348091126,0,-0.14062760770320893]},{"p":[-99.6408462524414,1018.7186889648438,-302.3470153808594,-0.14062760770320893,0,0.9900625348091126,0,1,0,-0.9900625348091126,0,-0.14062760770320893]},{"p":[-99.6408462524414,1018.7186889648438,-302.3470153808594,-0.14062760770320893,0,0.9900625348091126,0,1,0,-0.9900625348091126,0,-0.14062760770320893]},{"p":[-99.6408462524414,1018.7186889648438,-302.3470153808594,-0.14062760770320893,0,0.9900625348091126,0,1,0,-0.9900625348091126,0,-0.14062760770320893]},{"p":[-99.6408462524414,1018.7186889648438,-302.3470153808594,-0.14062760770320893,0,0.9900625348091126,0,1,0,-0.9900625348091126,0,-0.14062760770320893]},{"p":[-99.56282043457031,1018.7186889648438,-302.2842712402344,-0.34752994775772097,0,0.9376688599586487,0,1,0,-0.9376688599586487,0,-0.34752994775772097]},{"p":[-99.4065170288086,1018.7186889648438,-302.1586608886719,-0.5922291278839111,0,0.8057696223258972,0,1,0,-0.8057696223258972,0,-0.5922291278839111]},{"p":[-99.20282745361328,1018.7186889648438,-301.9991455078125,-0.7772943377494812,0,0.6291370987892151,0,1,0,-0.6291370987892151,0,-0.7772943377494812]},{"p":[-98.99036407470703,1018.7186889648438,-301.8382263183594,-0.8980986475944519,0,0.4397940933704376,0,1,0,-0.4397940933704376,0,-0.8980986475944519]},{"p":[-98.77442169189453,1018.7186889648438,-301.6817932128906,-0.9666944146156311,0,0.2559334933757782,0,1,0,-0.2559334933757782,0,-0.9666944146156311]},{"p":[-98.5559310913086,1018.7186889648438,-301.5289001464844,-0.9961777925491333,0,0.08734904229640961,0,1,0,-0.08734904229640961,0,-0.9961777925491333]},{"p":[-98.33232116699219,1018.7186889648438,-301.3836669921875,-0.9979526400566101,0,-0.06395706534385681,0,1,0,0.06395706534385681,0,-0.9979526400566101]},{"p":[-98.10616302490235,1018.7186889648438,-301.24237060546877,-0.9806413650512695,0,-0.19581244885921479,0,1,0,0.19581244885921479,0,-0.9806413650512695]},{"p":[-97.82051086425781,1018.7186889648438,-301.0705871582031,-0.9421188235282898,0,-0.3352791368961334,0,1,0,0.3352791368961334,0,-0.9421188235282898]},{"p":[-97.64891815185547,1019.3777465820313,-300.9678649902344,-0.9105602502822876,0,-0.4133763909339905,0,1,0,0.4133763909339905,0,-0.9105602502822876]},{"p":[-97.35710906982422,1020.413818359375,-300.80682373046877,-0.8565667867660523,0,-0.5160361528396606,0,1,0,0.5160361528396606,0,-0.8565667867660523]},{"p":[-97.18099212646485,1020.9945678710938,-300.7120361328125,-0.8251210451126099,0,-0.56495600938797,0,1,0,0.56495600938797,0,-0.8251210451126099]},{"p":[-96.94481658935547,1021.72119140625,-300.5882568359375,-0.7847416400909424,0,-0.6198229789733887,0,1,0,0.6198229789733887,0,-0.7847416400909424]},{"p":[-96.70670318603516,1022.393310546875,-300.4682312011719,-0.7456260323524475,0,-0.6663646101951599,0,1,0,0.6663646101951599,0,-0.7456260323524475]},{"p":[-96.40681457519531,1023.1568603515625,-300.32269287109377,-0.6989683508872986,0,-0.7151525616645813,0,1,0,0.7151525616645813,0,-0.6989683508872986]},{"p":[-96.16729736328125,1023.7064208984375,-300.2054748535156,-0.6656802296638489,0,-0.7462370991706848,0,1,0,0.7462370991706848,0,-0.6656802296638489]},{"p":[-95.990234375,1024.0828857421876,-300.1125183105469,-0.6451851725578308,0,-0.7640262246131897,0,1,0,0.7640262246131897,0,-0.6451851725578308]},{"p":[-95.75660705566406,1024.537109375,-299.9840087890625,-0.623105525970459,0,-0.7821377515792847,0,1,0,0.7821377515792847,0,-0.623105525970459]},{"p":[-95.46868896484375,1025.0281982421876,-299.8160705566406,-0.6023721694946289,0,-0.7982153296470642,0,1,0,0.7982153296470642,0,-0.6023721694946289]},{"p":[-95.24075317382813,1025.3597412109376,-299.67767333984377,-0.5902928113937378,0,-0.8071892261505127,0,1,0,0.8071892261505127,0,-0.5902928113937378]},{"p":[-95.01494598388672,1025.6365966796876,-299.5357971191406,-0.5817316174507141,0,-0.813380777835846,0,1,0,0.813380777835846,0,-0.5817316174507141]},{"p":[-94.78996276855469,1025.8592529296876,-299.39263916015627,-0.57527756690979,0,-0.8179582953453064,0,1,0,0.8179582953453064,0,-0.57527756690979]},{"p":[-94.56658935546875,1026.0272216796876,-299.24700927734377,-0.570889413356781,0,-0.8210269808769226,0,1,0,0.8210269808769226,0,-0.570889413356781]},{"p":[-94.34363555908203,1026.1407470703126,-299.1007080078125,-0.5676560997962952,0,-0.823265790939331,0,1,0,0.823265790939331,0,-0.5676560997962952]},{"p":[-94.17694854736328,1026.190185546875,-298.99017333984377,-0.5659221410751343,0,-0.824458658695221,0,1,0,0.824458658695221,0,-0.5659221410751343]},{"p":[-93.95662689208985,1026.208251953125,-298.8399353027344,-0.5651929974555969,0,-0.8249586820602417,0,1,0,0.8249586820602417,0,-0.5651929974555969]},{"p":[-93.67955780029297,1026.154296875,-298.6546325683594,-0.563799262046814,0,-0.825911819934845,0,1,0,0.825911819934845,0,-0.563799262046814]},{"p":[-93.45820617675781,1026.0498046875,-298.50592041015627,-0.5628724694252014,0,-0.8265437483787537,0,1,0,0.8265437483787537,0,-0.5628724694252014]},{"p":[-93.24065399169922,1025.8907470703126,-298.35174560546877,-0.5643635988235474,0,-0.8255262970924377,0,1,0,0.8255262970924377,0,-0.5643635988235474]},{"p":[-93.07904052734375,1025.73583984375,-298.2339172363281,-0.5666408538818359,0,-0.8239648938179016,0,1,0,0.8239648938179016,0,-0.5666408538818359]},{"p":[-92.81067657470703,1025.4093017578126,-298.0362243652344,-0.5710509419441223,0,-0.820914626121521,0,1,0,0.820914626121521,0,-0.5710509419441223]},{"p":[-92.5977783203125,1025.0869140625,-297.87567138671877,-0.5751946568489075,0,-0.8180165886878967,0,1,0,0.8180165886878967,0,-0.5751946568489075]},{"p":[-92.43843841552735,1024.809326171875,-297.7547912597656,-0.578259289264679,0,-0.8158530592918396,0,1,0,0.8158530592918396,0,-0.578259289264679]},{"p":[-92.17347717285156,1024.2783203125,-297.55255126953127,-0.5831539034843445,0,-0.8123617172241211,0,1,0,0.8123617172241211,0,-0.5831539034843445]},{"p":[-91.96278381347656,1023.7923583984375,-297.3890686035156,-0.5872281193733215,0,-0.8094214797019959,0,1,0,0.8094214797019959,0,-0.5872281193733215]},{"p":[-91.80490112304688,1023.39208984375,-297.26629638671877,-0.5900636911392212,0,-0.8073567152023315,0,1,0,0.8073567152023315,0,-0.5900636911392212]},{"p":[-91.5428237915039,1022.6568603515625,-297.060302734375,-0.5948004722595215,0,-0.8038733601570129,0,1,0,0.8038733601570129,0,-0.5948004722595215]},{"p":[-91.33416748046875,1022.0073852539063,-296.8942565917969,-0.5986417531967163,0,-0.8010168671607971,0,1,0,0.8010168671607971,0,-0.5986417531967163]},{"p":[-91.14505004882813,1021.3034057617188,-296.7434997558594,-0.5998300909996033,0,-0.800127387046814,0,1,0,0.800127387046814,0,-0.5998300909996033]},{"p":[-90.98699951171875,1020.544921875,-296.6175231933594,-0.5999674201011658,0,-0.8000244498252869,0,1,0,0.8000244498252869,0,-0.5999674201011658]},{"p":[-90.8600082397461,1019.73193359375,-296.51629638671877,-0.599983274936676,0,-0.8000125288963318,0,1,0,0.8000125288963318,0,-0.599983274936676]},{"p":[-90.76407623291016,1018.864501953125,-296.4398498535156,-0.5999851226806641,0,-0.800011157989502,0,1,0,0.800011157989502,0,-0.5999851226806641]},{"p":[-90.74681854248047,1017.9425048828125,-296.4261169433594,-0.5999853610992432,0,-0.8000109791755676,0,1,0,0.8000109791755676,0,-0.5999853610992432]},{"p":[-90.74646759033203,1017.7596435546875,-296.42584228515627,-0.5999853610992432,0,-0.8000109791755676,0,1,0,0.8000109791755676,0,-0.5999853610992432]},{"p":[-90.7464599609375,1017.85546875,-296.42584228515627,-0.5999853610992432,0,-0.8000109791755676,0,1,0,0.8000109791755676,0,-0.5999853610992432]},{"p":[-90.7464599609375,1017.9212036132813,-296.42584228515627,-0.5999853610992432,0,-0.8000109791755676,0,1,0,0.8000109791755676,0,-0.5999853610992432]},{"p":[-90.7464599609375,1017.9786987304688,-296.42584228515627,-0.5999853610992432,0,-0.8000109791755676,0,1,0,0.8000109791755676,0,-0.5999853610992432]},{"p":[-90.7464599609375,1018.01123046875,-296.42584228515627,-0.5999853610992432,0,-0.8000109791755676,0,1,0,0.8000109791755676,0,-0.5999853610992432]},{"p":[-90.7464599609375,1018.0322265625,-296.42584228515627,-0.5999853610992432,0,-0.8000109791755676,0,1,0,0.8000109791755676,0,-0.5999853610992432]},{"p":[-90.81687927246094,1018.0401000976563,-296.3393249511719,-0.7115669846534729,0,-0.7026183009147644,0,1,0,0.7026183009147644,0,-0.7115669846534729]},{"p":[-90.92184448242188,1018.0234375,-296.1998596191406,-0.8037461042404175,0,-0.5949724316596985,0,1,0,0.5949724316596985,0,-0.8037461042404175]},{"p":[-91.07632446289063,1017.991943359375,-295.98785400390627,-0.8950176239013672,0,-0.4460308253765106,0,1,0,0.4460308253765106,0,-0.8950176239013672]},{"p":[-91.26058197021485,1017.8930053710938,-295.740966796875,-0.9636421799659729,0,-0.26719608902931216,0,1,0,0.26719608902931216,0,-0.9636421799659729]},{"p":[-91.39519500732422,1017.7525634765625,-295.5583801269531,-0.9900506734848023,0,-0.14071109890937806,0,1,0,0.14071109890937806,0,-0.9900506734848023]},{"p":[-91.49258422851563,1017.5576171875,-295.41802978515627,-0.9993990659713745,0,-0.0346626341342926,0,1,0,0.0346626341342926,0,-0.9993990659713745]},{"p":[-91.62042999267578,1017.3176879882813,-295.23065185546877,-0.9984849095344544,0,0.05502630025148392,0,1,0,-0.05502630025148392,0,-0.9984849095344544]},{"p":[-91.75918579101563,1017.26123046875,-295.0252685546875,-0.9913889169692993,0,0.13095031678676606,0,1,0,-0.13095031678676606,0,-0.9913889169692993]},{"p":[-91.90325927734375,1017.2135620117188,-294.8086853027344,-0.9808745980262756,0,0.19464069604873658,0,1,0,-0.19464069604873658,0,-0.9808745980262756]},{"p":[-92.05093383789063,1017.1196899414063,-294.588134765625,-0.9685577154159546,0,0.24878904223442079,0,1,0,-0.24878904223442079,0,-0.9685577154159546]},{"p":[-92.17880249023438,1016.9962158203125,-294.3970031738281,-0.955586850643158,0,0.29470962285995486,0,1,0,-0.29470962285995486,0,-0.955586850643158]},{"p":[-92.32193756103516,1016.9281616210938,-294.1833801269531,-0.942686140537262,0,0.33368077874183657,0,1,0,-0.33368077874183657,0,-0.942686140537262]},{"p":[-92.45655059814453,1016.8731689453125,-293.980224609375,-0.930534303188324,0,0.36620479822158816,0,1,0,-0.36620479822158816,0,-0.930534303188324]},{"p":[-92.5184555053711,1016.8571166992188,-293.8865966796875,-0.9267090559005737,0,0.37577956914901736,0,1,0,-0.37577956914901736,0,-0.9267090559005737]},{"p":[-92.52129364013672,1016.8603515625,-293.88226318359377,-0.9262604117393494,0,0.3768840730190277,0,1,0,-0.3768840730190277,0,-0.9262604117393494]},{"p":[-92.52135467529297,1016.8626098632813,-293.8821716308594,-0.92620849609375,0,0.3770117461681366,0,1,0,-0.3770117461681366,0,-0.92620849609375]},{"p":[-92.52135467529297,1016.8638305664063,-293.8821716308594,-0.9262024760246277,0,0.3770264983177185,0,1,0,-0.3770264983177185,0,-0.9262024760246277]},{"p":[-92.52135467529297,1016.8645629882813,-293.8821716308594,-0.9262017607688904,0,0.377028226852417,0,1,0,-0.377028226852417,0,-0.9262017607688904]},{"p":[-92.52135467529297,1016.8649291992188,-293.8821716308594,-0.9262017011642456,0,0.3770284354686737,0,1,0,-0.3770284354686737,0,-0.9262017011642456]},{"p":[-92.52135467529297,1016.8651733398438,-293.8821716308594,-0.9262017011642456,0,0.3770284354686737,0,1,0,-0.3770284354686737,0,-0.9262017011642456]},{"p":[-92.52135467529297,1016.8651733398438,-293.8821716308594,-0.9262017011642456,0,0.3770284354686737,0,1,0,-0.3770284354686737,0,-0.9262017011642456]},{"p":[-92.52135467529297,1016.8651733398438,-293.8821716308594,-0.9262017011642456,0,0.3770284354686737,0,1,0,-0.3770284354686737,0,-0.9262017011642456]},{"p":[-92.52135467529297,1016.8651733398438,-293.8821716308594,-0.9262017011642456,0,0.3770284354686737,0,1,0,-0.3770284354686737,0,-0.9262017011642456]},{"p":[-92.52135467529297,1016.8651733398438,-293.8821716308594,-0.9262017011642456,0,0.3770284354686737,0,1,0,-0.3770284354686737,0,-0.9262017011642456]},{"p":[-92.52135467529297,1016.8651733398438,-293.8821716308594,-0.9262017011642456,0,0.3770284354686737,0,1,0,-0.3770284354686737,0,-0.9262017011642456]},{"p":[-92.52135467529297,1016.8651733398438,-293.8821716308594,-0.9262017011642456,0,0.3770284354686737,0,1,0,-0.3770284354686737,0,-0.9262017011642456]},{"p":[-92.52135467529297,1016.8651733398438,-293.8821716308594,-0.9262017011642456,0,0.3770284354686737,0,1,0,-0.3770284354686737,0,-0.9262017011642456]},{"p":[-92.52135467529297,1016.8651733398438,-293.8821716308594,-0.9262017011642456,0,0.3770284354686737,0,1,0,-0.3770284354686737,0,-0.9262017011642456]},{"p":[-92.45823669433594,1016.865478515625,-293.78582763671877,-0.9560419917106628,0,0.2932297885417938,0,1,0,-0.2932297885417938,0,-0.9560419917106628]},{"p":[-92.3263168334961,1016.88525390625,-293.5826416015625,-0.9834796786308289,0,0.18101859092712403,0,1,0,-0.18101859092712403,0,-0.9834796786308289]},{"p":[-92.22374725341797,1016.9872436523438,-293.4176025390625,-0.9969105124473572,0,0.07854537665843964,0,1,0,-0.07854537665843964,0,-0.9969105124473572]},{"p":[-92.12303924560547,1017.1416015625,-293.2479553222656,-0.9999632239341736,0,-0.008574733510613442,0,1,0,0.008574733510613442,0,-0.9999632239341736]},{"p":[-91.97599029541016,1017.3322143554688,-292.99176025390627,-0.995125412940979,0,-0.09861771017313004,0,1,0,0.09861771017313004,0,-0.995125412940979]},{"p":[-91.88619995117188,1017.9844970703125,-292.8348388671875,-0.988677978515625,0,-0.1500529944896698,0,1,0,0.1500529944896698,0,-0.988677978515625]},{"p":[-91.75762176513672,1018.8065185546875,-292.6082763671875,-0.9789478778839111,0,-0.20411033928394319,0,1,0,0.20411033928394319,0,-0.9789478778839111]},{"p":[-91.6259994506836,1019.5740356445313,-292.3764953613281,-0.9689235687255859,0,-0.2473602294921875,0,1,0,0.2473602294921875,0,-0.9689235687255859]},{"p":[-91.4927978515625,1020.2870483398438,-292.1455078125,-0.9587119817733765,0,-0.28437885642051699,0,1,0,0.28437885642051699,0,-0.9587119817733765]},{"p":[-91.32371520996094,1021.1016845703125,-291.85821533203127,-0.9458378553390503,0,-0.3246394693851471,0,1,0,0.3246394693851471,0,-0.9458378553390503]},{"p":[-91.18494415283203,1021.6920776367188,-291.6304931640625,-0.935548722743988,0,-0.3531976044178009,0,1,0,0.3531976044178009,0,-0.935548722743988]},{"p":[-91.07757568359375,1022.09912109375,-291.46173095703127,-0.9277631640434265,0,-0.37316960096359255,0,1,0,0.37316960096359255,0,-0.9277631640434265]},{"p":[-90.93162536621094,1022.5941772460938,-291.2385559082031,-0.917348325252533,0,-0.39808547496795657,0,1,0,0.39808547496795657,0,-0.917348325252533]},{"p":[-90.78426361083985,1023.03466796875,-291.01629638671877,-0.9073106646537781,0,-0.42046087980270388,0,1,0,0.42046087980270388,0,-0.9073106646537781]},{"p":[-90.63493347167969,1023.420654296875,-290.79534912109377,-0.8977110981941223,0,-0.44058462977409365,0,1,0,0.44058462977409365,0,-0.8977110981941223]},{"p":[-90.48417663574219,1023.752197265625,-290.57537841796877,-0.8886519074440002,0,-0.4585823714733124,0,1,0,0.4585823714733124,0,-0.8886519074440002]},{"p":[-90.29402160644531,1024.090087890625,-290.3016357421875,-0.8780637383460999,0,-0.4785436689853668,0,1,0,0.4785436689853668,0,-0.8780637383460999]},{"p":[-90.17879486083985,1024.251953125,-290.13818359375,-0.8721395134925842,0,-0.489257276058197,0,1,0,0.489257276058197,0,-0.8721395134925842]},{"p":[-90.02220916748047,1024.419921875,-289.92236328125,-0.86427903175354,0,-0.5030127167701721,0,1,0,0.5030127167701721,0,-0.86427903175354]},{"p":[-89.86450958251953,1024.533447265625,-289.7073059082031,-0.8568065166473389,0,-0.5156380534172058,0,1,0,0.5156380534172058,0,-0.8568065166473389]},{"p":[-89.70491790771485,1024.592529296875,-289.49365234375,-0.8496332764625549,0,-0.5273739099502564,0,1,0,0.5273739099502564,0,-0.8496332764625549]},{"p":[-89.54310607910156,1024.596923828125,-289.28167724609377,-0.8425812721252441,0,-0.5385692119598389,0,1,0,0.5385692119598389,0,-0.8425812721252441]},{"p":[-89.37960815429688,1024.5469970703126,-289.0710144042969,-0.8357464671134949,0,-0.5491154789924622,0,1,0,0.5491154789924622,0,-0.8357464671134949]},{"p":[-89.21478271484375,1024.4425048828126,-288.8614196777344,-0.8292372822761536,0,-0.5588967204093933,0,1,0,0.5588967204093933,0,-0.8292372822761536]},{"p":[-89.04772186279297,1024.283447265625,-288.653564453125,-0.8227757215499878,0,-0.5683661699295044,0,1,0,0.5683661699295044,0,-0.8227757215499878]},{"p":[-88.8793716430664,1024.0699462890626,-288.44677734375,-0.8165539503097534,0,-0.5772690773010254,0,1,0,0.5772690773010254,0,-0.8165539503097534]},{"p":[-88.70947265625,1023.8019409179688,-288.2412414550781,-0.8105315566062927,0,-0.5856949687004089,0,1,0,0.5856949687004089,0,-0.8105315566062927]},{"p":[-88.5379638671875,1023.4794311523438,-288.03704833984377,-0.8046421408653259,0,-0.593760073184967,0,1,0,0.593760073184967,0,-0.8046421408653259]},{"p":[-88.36448669433594,1023.1024780273438,-287.83453369140627,-0.7987318634986877,0,-0.6016871333122253,0,1,0,0.6016871333122253,0,-0.7987318634986877]},{"p":[-88.20692443847656,1022.6710205078125,-287.6510925292969,-0.7968893051147461,0,-0.6041253209114075,0,1,0,0.6041253209114075,0,-0.7968893051147461]},{"p":[-88.07524108886719,1022.18505859375,-287.4977722167969,-0.7966758012771606,0,-0.6044068336486816,0,1,0,0.6044068336486816,0,-0.7966758012771606]},{"p":[-87.96943664550781,1021.64453125,-287.37457275390627,-0.7966511249542236,0,-0.604439377784729,0,1,0,0.604439377784729,0,-0.7966511249542236]},{"p":[-87.88951110839844,1021.049560546875,-287.2815246582031,-0.7966483235359192,0,-0.6044431328773499,0,1,0,0.6044431328773499,0,-0.7966483235359192]},{"p":[-87.83546447753906,1020.4000854492188,-287.2185974121094,-0.7966479659080505,0,-0.6044435501098633,0,1,0,0.6044435501098633,0,-0.7966479659080505]},{"p":[-87.80729675292969,1019.6961059570313,-287.1858215332031,-0.7966479659080505,0,-0.6044435501098633,0,1,0,0.6044435501098633,0,-0.7966479659080505]},{"p":[-87.80220794677735,1018.9376220703125,-287.1799011230469,-0.7966479659080505,0,-0.6044435501098633,0,1,0,0.6044435501098633,0,-0.7966479659080505]},{"p":[-87.80208587646485,1018.1246337890625,-287.1797790527344,-0.7966479659080505,0,-0.6044435501098633,0,1,0,0.6044435501098633,0,-0.7966479659080505]},{"p":[-87.80208587646485,1017.2572021484375,-287.1797790527344,-0.7966479659080505,0,-0.6044435501098633,0,1,0,0.6044435501098633,0,-0.7966479659080505]},{"p":[-87.80208587646485,1016.335205078125,-287.1797790527344,-0.7966479659080505,0,-0.6044435501098633,0,1,0,0.6044435501098633,0,-0.7966479659080505]},{"p":[-87.80208587646485,1015.3587036132813,-287.1797790527344,-0.7966479659080505,0,-0.6044435501098633,0,1,0,0.6044435501098633,0,-0.7966479659080505]},{"p":[-87.80208587646485,1014.3276977539063,-287.1797790527344,-0.7966479659080505,0,-0.6044435501098633,0,1,0,0.6044435501098633,0,-0.7966479659080505]},{"p":[-87.80208587646485,1014.0933227539063,-287.1797790527344,-0.7966479659080505,0,-0.6044435501098633,0,1,0,0.6044435501098633,0,-0.7966479659080505]},{"p":[-87.80208587646485,1014.1712036132813,-287.1797790527344,-0.7966479659080505,0,-0.6044435501098633,0,1,0,0.6044435501098633,0,-0.7966479659080505]},{"p":[-87.80208587646485,1014.2599487304688,-287.1797790527344,-0.7966479659080505,0,-0.6044435501098633,0,1,0,0.6044435501098633,0,-0.7966479659080505]},{"p":[-87.80208587646485,1014.2919921875,-287.1797790527344,-0.7966479659080505,0,-0.6044435501098633,0,1,0,0.6044435501098633,0,-0.7966479659080505]},{"p":[-87.80208587646485,1014.3177490234375,-287.1797790527344,-0.7966479659080505,0,-0.6044435501098633,0,1,0,0.6044435501098633,0,-0.7966479659080505]},{"p":[-87.80208587646485,1014.3319702148438,-287.1797790527344,-0.7966479659080505,0,-0.6044435501098633,0,1,0,0.6044435501098633,0,-0.7966479659080505]},{"p":[-87.80208587646485,1014.3397216796875,-287.1797790527344,-0.7966479659080505,0,-0.6044435501098633,0,1,0,0.6044435501098633,0,-0.7966479659080505]},{"p":[-87.80208587646485,1014.3439331054688,-287.1797790527344,-0.7966479659080505,0,-0.6044435501098633,0,1,0,0.6044435501098633,0,-0.7966479659080505]},{"p":[-87.80208587646485,1014.3462524414063,-287.1797790527344,-0.7966479659080505,0,-0.6044435501098633,0,1,0,0.6044435501098633,0,-0.7966479659080505]},{"p":[-87.80208587646485,1014.3474731445313,-287.1797790527344,-0.7966479659080505,0,-0.6044435501098633,0,1,0,0.6044435501098633,0,-0.7966479659080505]},{"p":[-87.73408508300781,1014.3505249023438,-287.0704345703125,-0.8017762899398804,0,-0.5976243019104004,0,1,0,0.5976243019104004,0,-0.8017762899398804]},{"p":[-87.60454559326172,1014.3931274414063,-286.8772888183594,-0.806225061416626,0,-0.591609001159668,0,1,0,0.591609001159668,0,-0.806225061416626]},{"p":[-87.42522430419922,1014.50390625,-286.6206359863281,-0.8090296387672424,0,-0.5877678394317627,0,1,0,0.5877678394317627,0,-0.8090296387672424]},{"p":[-87.28984069824219,1014.6342163085938,-286.430908203125,-0.8099730014801025,0,-0.5864672064781189,0,1,0,0.5864672064781189,0,-0.8099730014801025]},{"p":[-87.15586853027344,1015.4971313476563,-286.24365234375,-0.8106696009635925,0,-0.585503876209259,0,1,0,0.585503876209259,0,-0.8106696009635925]},{"p":[-87.04634857177735,1016.1085205078125,-286.09136962890627,-0.8108704686164856,0,-0.5852257013320923,0,1,0,0.5852257013320923,0,-0.8108704686164856]},{"p":[-86.89061737060547,1016.8760375976563,-285.8760986328125,-0.8108434081077576,0,-0.585263192653656,0,1,0,0.585263192653656,0,-0.8108434081077576]},{"p":[-86.69561767578125,1017.7587890625,-285.60577392578127,-0.8108522295951843,0,-0.5852509140968323,0,1,0,0.5852509140968323,0,-0.8108522295951843]},{"p":[-86.53800964355469,1018.4036865234375,-285.3906555175781,-0.8104048371315002,0,-0.5858703255653381,0,1,0,0.5858703255653381,0,-0.8104048371315002]},{"p":[-86.41844177246094,1018.8515625,-285.2303161621094,-0.8096331357955933,0,-0.5869362354278565,0,1,0,0.5869362354278565,0,-0.8096331357955933]},{"p":[-86.25553131103516,1019.401123046875,-285.01922607421877,-0.8075094223022461,0,-0.5898546576499939,0,1,0,0.5898546576499939,0,-0.8075094223022461]},{"p":[-86.09207153320313,1019.8961791992188,-284.80853271484377,-0.8051868677139282,0,-0.5930211544036865,0,1,0,0.5930211544036865,0,-0.8051868677139282]},{"p":[-85.88449096679688,1020.4382934570313,-284.5477294921875,-0.8015630841255188,0,-0.5979101657867432,0,1,0,0.5979101657867432,0,-0.8015630841255188]},{"p":[-85.75629425048828,1020.72265625,-284.3941955566406,-0.7984475493431091,0,-0.6020644307136536,0,1,0,0.6020644307136536,0,-0.7984475493431091]},{"p":[-85.53955841064453,1021.1285400390625,-284.1409606933594,-0.792286217212677,0,-0.610149621963501,0,1,0,0.610149621963501,0,-0.792286217212677]},{"p":[-85.36387634277344,1021.3919677734375,-283.94036865234377,-0.7870486974716187,0,-0.6168909072875977,0,1,0,0.6168909072875977,0,-0.7870486974716187]},{"p":[-85.2281494140625,1021.5537719726563,-283.7934875488281,-0.7821760773658752,0,-0.6230574250221252,0,1,0,0.6230574250221252,0,-0.7821760773658752]},{"p":[-85.04366302490235,1021.7218017578125,-283.6009521484375,-0.7746248245239258,0,-0.6324210166931152,0,1,0,0.6324210166931152,0,-0.7746248245239258]},{"p":[-84.811279296875,1021.8551635742188,-283.3619689941406,-0.7651895880699158,0,-0.6438049674034119,0,1,0,0.6438049674034119,0,-0.7651895880699158]},{"p":[-84.62333679199219,1021.9005737304688,-283.17279052734377,-0.757811427116394,0,-0.6524736285209656,0,1,0,0.6524736285209656,0,-0.757811427116394]},{"p":[-84.48008728027344,1021.8988647460938,-283.0332336425781,-0.7519943118095398,0,-0.659169614315033,0,1,0,0.659169614315033,0,-0.7519943118095398]},{"p":[-84.23786926269531,1021.827880859375,-282.8042907714844,-0.7415807843208313,0,-0.6708635687828064,0,1,0,0.6708635687828064,0,-0.7415807843208313]},{"p":[-84.04377746582031,1021.7097778320313,-282.6214294433594,-0.7339769005775452,0,-0.6791744232177734,0,1,0,0.6791744232177734,0,-0.7339769005775452]},{"p":[-83.84765625,1021.5371704101563,-282.4407653808594,-0.7265461683273315,0,-0.6871176362037659,0,1,0,0.6871176362037659,0,-0.7265461683273315]},{"p":[-83.65028381347656,1021.31005859375,-282.2614440917969,-0.7193426489830017,0,-0.6946554183959961,0,1,0,0.6946554183959961,0,-0.7193426489830017]},{"p":[-83.45156860351563,1021.0284423828125,-282.0835876464844,-0.7123597264289856,0,-0.7018145322799683,0,1,0,0.7018145322799683,0,-0.7123597264289856]},{"p":[-83.25159454345703,1020.6923217773438,-281.90716552734377,-0.7055835127830505,0,-0.7086268067359924,0,1,0,0.7086268067359924,0,-0.7055835127830505]},{"p":[-83.11266326904297,1020.4044799804688,-281.78485107421877,-0.7036892175674439,0,-0.7105079293251038,0,1,0,0.7105079293251038,0,-0.7036892175674439]},{"p":[-82.9535140991211,1019.9730224609375,-281.64471435546877,-0.7032741904258728,0,-0.7109187245368958,0,1,0,0.7109187245368958,0,-0.7032741904258728]},{"p":[-82.82418060302735,1019.487060546875,-281.53082275390627,-0.7032262086868286,0,-0.710966169834137,0,1,0,0.710966169834137,0,-0.7032262086868286]},{"p":[-82.72465515136719,1018.946533203125,-281.44317626953127,-0.7032206654548645,0,-0.7109716534614563,0,1,0,0.7109716534614563,0,-0.7032206654548645]},{"p":[-82.65494537353516,1018.3515625,-281.3818054199219,-0.703220009803772,0,-0.7109723091125488,0,1,0,0.7109723091125488,0,-0.703220009803772]},{"p":[-82.61505126953125,1017.7020874023438,-281.3466796875,-0.7032199501991272,0,-0.7109723687171936,0,1,0,0.7109723687171936,0,-0.7032199501991272]},{"p":[-82.60387420654297,1016.8135986328125,-281.33685302734377,-0.7032199501991272,0,-0.7109723687171936,0,1,0,0.7109723687171936,0,-0.7032199501991272]},{"p":[-82.60374450683594,1016.2396240234375,-281.3367614746094,-0.7032199501991272,0,-0.7109723687171936,0,1,0,0.7109723687171936,0,-0.7032199501991272]},{"p":[-82.6037368774414,1015.4266357421875,-281.3367614746094,-0.7032199501991272,0,-0.7109723687171936,0,1,0,0.7109723687171936,0,-0.7032199501991272]},{"p":[-82.6037368774414,1014.5592041015625,-281.3367614746094,-0.7032199501991272,0,-0.7109723687171936,0,1,0,0.7109723687171936,0,-0.7032199501991272]},{"p":[-82.6037368774414,1013.63720703125,-281.3367614746094,-0.7032199501991272,0,-0.7109723687171936,0,1,0,0.7109723687171936,0,-0.7032199501991272]},{"p":[-82.6037368774414,1012.4080810546875,-281.3367614746094,-0.7032199501991272,0,-0.7109723687171936,0,1,0,0.7109723687171936,0,-0.7032199501991272]},{"p":[-82.6037368774414,1011.6296997070313,-281.3367614746094,-0.7032199501991272,0,-0.7109723687171936,0,1,0,0.7109723687171936,0,-0.7032199501991272]},{"p":[-82.65770721435547,1011.5056762695313,-281.2198791503906,-0.7786625027656555,0,-0.6274429559707642,0,1,0,0.6274429559707642,0,-0.7786625027656555]},{"p":[-82.75318908691406,1011.5941162109375,-281.0130920410156,-0.8620855808258057,0,-0.506762683391571,0,1,0,0.506762683391571,0,-0.8620855808258057]},{"p":[-82.84515380859375,1011.62744140625,-280.7629089355469,-0.9301581382751465,0,-0.3671590983867645,0,1,0,0.3671590983867645,0,-0.9301581382751465]},{"p":[-82.89874267578125,1011.5729370117188,-280.58978271484377,-0.9550490379333496,0,-0.29644775390625,0,1,0,0.29644775390625,0,-0.9550490379333496]},{"p":[-82.96688842773438,1011.449951171875,-280.3364562988281,-0.9758515954017639,0,-0.21843445301055909,0,1,0,0.21843445301055909,0,-0.9758515954017639]},{"p":[-83.03709411621094,1011.3780517578125,-280.0809020996094,-0.9885684251785278,0,-0.15077276527881623,0,1,0,0.15077276527881623,0,-0.9885684251785278]},{"p":[-83.10717010498047,1011.348388671875,-279.8255310058594,-0.9957536458969116,0,-0.0920582041144371,0,1,0,0.0920582041144371,0,-0.9957536458969116]},{"p":[-83.17866516113281,1011.3575439453125,-279.5693359375,-0.9991626143455505,0,-0.04091503843665123,0,1,0,0.04091503843665123,0,-0.9991626143455505]},{"p":[-83.2682113647461,1011.405517578125,-279.2486267089844,-0.9999045729637146,0,0.013814604841172696,0,1,0,-0.013814604841172696,0,-0.9999045729637146]},{"p":[-83.30522155761719,1011.4711303710938,-279.11602783203127,-0.9996386170387268,0,0.026882342994213105,0,1,0,-0.026882342994213105,0,-0.9996386170387268]},{"p":[-83.3076171875,1011.5457153320313,-279.10748291015627,-0.9995968341827393,0,0.028392983600497247,0,1,0,-0.028392983600497247,0,-0.9995968341827393]},{"p":[-83.30766296386719,1011.5873413085938,-279.1073303222656,-0.9995923042297363,0,0.028551314026117326,0,1,0,-0.028551314026117326,0,-0.9995923042297363]},{"p":[-83.30766296386719,1011.6284790039063,-279.1073303222656,-0.9995912909507752,0,0.028587831184267999,0,1,0,-0.028587831184267999,0,-0.9995912909507752]},{"p":[-83.30766296386719,1011.6420288085938,-279.1073303222656,-0.9995912313461304,0,0.028589949011802675,0,1,0,-0.028589949011802675,0,-0.9995912313461304]},{"p":[-83.30766296386719,1011.6546020507813,-279.1073303222656,-0.9995912313461304,0,0.028590435162186624,0,1,0,-0.028590435162186624,0,-0.9995912313461304]},{"p":[-83.30766296386719,1011.65869140625,-279.1073303222656,-0.9995912313461304,0,0.028590461239218713,0,1,0,-0.028590461239218713,0,-0.9995912313461304]},{"p":[-83.30766296386719,1011.6624145507813,-279.1073303222656,-0.9995912313461304,0,0.02859046496450901,0,1,0,-0.02859046496450901,0,-0.9995912313461304]},{"p":[-83.30766296386719,1011.66357421875,-279.1073303222656,-0.9995912313461304,0,0.02859046496450901,0,1,0,-0.02859046496450901,0,-0.9995912313461304]},{"p":[-83.30766296386719,1011.66455078125,-279.1073303222656,-0.9995912313461304,0,0.02859046496450901,0,1,0,-0.02859046496450901,0,-0.9995912313461304]},{"p":[-83.30766296386719,1011.6651000976563,-279.1073303222656,-0.9995912313461304,0,0.02859046496450901,0,1,0,-0.02859046496450901,0,-0.9995912313461304]},{"p":[-83.30766296386719,1011.6654052734375,-279.1073303222656,-0.9995912313461304,0,0.02859046496450901,0,1,0,-0.02859046496450901,0,-0.9995912313461304]},{"p":[-83.30766296386719,1011.6654663085938,-279.1073303222656,-0.9995912313461304,0,0.02859046496450901,0,1,0,-0.02859046496450901,0,-0.9995912313461304]},{"p":[-83.30766296386719,1011.6654663085938,-279.1073303222656,-0.9995912313461304,0,0.02859046496450901,0,1,0,-0.02859046496450901,0,-0.9995912313461304]},{"p":[-83.30766296386719,1011.6654663085938,-279.1073303222656,-0.9995912313461304,0,0.02859046496450901,0,1,0,-0.02859046496450901,0,-0.9995912313461304]},{"p":[-83.30766296386719,1012.53857421875,-279.1073303222656,-0.9995912313461304,0,0.02859046496450901,0,1,0,-0.02859046496450901,0,-0.9995912313461304]},{"p":[-83.2920150756836,1013.360595703125,-279.08807373046877,-0.9993221163749695,0,-0.036813847720623019,0,1,0,0.036813847720623019,0,-0.9993221163749695]},{"p":[-83.25181579589844,1014.1281127929688,-279.03759765625,-0.9927909970283508,0,-0.11985845118761063,0,1,0,0.11985845118761063,0,-0.9927909970283508]},{"p":[-83.18736267089844,1014.8411254882813,-278.95562744140627,-0.9809250831604004,0,-0.19438622891902924,0,1,0,0.19438622891902924,0,-0.9809250831604004]},{"p":[-83.1020278930664,1015.4996337890625,-278.84002685546877,-0.9682136178016663,0,-0.2501247823238373,0,1,0,0.2501247823238373,0,-0.9682136178016663]},{"p":[-82.99983978271485,1016.1036376953125,-278.6885070800781,-0.9568149447441101,0,-0.29069775342941286,0,1,0,0.29069775342941286,0,-0.9568149447441101]},{"p":[-82.8855972290039,1016.6531982421875,-278.4992370605469,-0.9475793838500977,0,-0.319520503282547,0,1,0,0.319520503282547,0,-0.9475793838500977]},{"p":[-82.76485443115235,1017.1482543945313,-278.27325439453127,-0.9401694536209106,0,-0.3407071828842163,0,1,0,0.3407071828842163,0,-0.9401694536209106]},{"p":[-82.64275360107422,1017.5887451171875,-278.0364685058594,-0.9337867498397827,0,-0.3578299582004547,0,1,0,0.3578299582004547,0,-0.9337867498397827]},{"p":[-82.52201080322266,1017.9747314453125,-277.7987060546875,-0.9283539056777954,0,-0.3716975152492523,0,1,0,0.3716975152492523,0,-0.9283539056777954]},{"p":[-82.4018325805664,1018.3062744140625,-277.5606689453125,-0.9236997365951538,0,-0.3831172287464142,0,1,0,0.3831172287464142,0,-0.9236997365951538]},{"p":[-82.28267669677735,1018.5833129882813,-277.3221130371094,-0.919806718826294,0,-0.3923717439174652,0,1,0,0.3923717439174652,0,-0.919806718826294]},{"p":[-82.16291046142578,1018.8058471679688,-277.0838623046875,-0.9163338541984558,0,-0.4004151523113251,0,1,0,0.4004151523113251,0,-0.9163338541984558]},{"p":[-82.07264709472656,1018.9369506835938,-276.9053955078125,-0.9139365553855896,0,-0.4058570861816406,0,1,0,0.4058570861816406,0,-0.9139365553855896]},{"p":[-81.92208099365235,1019.08740234375,-276.6080017089844,-0.9103362560272217,0,-0.4138694405555725,0,1,0,0.4138694405555725,0,-0.9103362560272217]},{"p":[-81.8128433227539,1019.1464233398438,-2