{"data":[{"pos":[-143.8740997314453,990.2281494140625,-301.35247802734377,0.9273158311843872,3.369757806126472e-8,-0.3742797374725342,-3.994945174667919e-8,1,-8.945669094373443e-9,0.3742797374725342,2.3247730851494454e-8,0.9273158311843872]},{"pos":[-143.8740997314453,990.2281494140625,-301.35247802734377,0.9273158311843872,6.615235026430355e-9,-0.3742797374725342,-7.836479909428818e-9,1,-1.7410950459151309e-9,0.3742797374725342,4.547580534364215e-9,0.9273158311843872]},{"pos":[-143.8740997314453,990.2281494140625,-301.35247802734377,0.9273158311843872,-2.0443964743321886e-8,-0.3742797374725342,2.4249050767366499e-8,1,5.4573203733809809e-9,0.3742797374725342,-1.4136588788460358e-8,0.9273158311843872]},{"pos":[-143.8740997314453,990.2281494140625,-301.35247802734377,0.9273158311843872,-4.748004300836328e-8,-0.3742797374725342,5.630716515270251e-8,1,1.2649582714630015e-8,0.3742797374725342,-3.280478821920951e-8,0.9273158311843872]},{"pos":[-143.8740997314453,990.2281494140625,-301.35247802734377,0.9273158311843872,-7.44930161999946e-8,-0.3742797374725342,8.833787745743393e-8,1,1.9835697528947095e-8,0.3742797374725342,-5.1457035965540857e-8,0.9273158311843872]},{"pos":[-143.8740997314453,990.2281494140625,-301.35247802734377,0.9273158311843872,-1.0148290385814107e-7,-0.3742797374725342,1.2034122676141124e-7,1,2.7015669701313528e-8,0.3742797374725342,-7.009334268559542e-8,0.9273158311843872]},{"pos":[-143.8740997314453,990.2281494140625,-301.35247802734377,0.9273158311843872,-6.788732065388104e-8,-0.3742797374725342,8.050148636584709e-8,1,1.8069316709556916e-8,0.3742797374725342,-4.6886039939408877e-8,0.9273158311843872]},{"pos":[-143.8740997314453,990.2281494140625,-301.35247802734377,0.9273158311843872,-3.4320443376145707e-8,-0.3742797374725342,4.06957880727532e-8,1,9.130611822172341e-9,0.3742797374725342,-2.3698570217334237e-8,0.9273158311843872]},{"pos":[-143.8740997314453,990.2281494140625,-301.35247802734377,0.9273158311843872,-7.82252040920639e-10,-0.3742797374725342,9.241069576226835e-10,1,1.9954854435511039e-10,0.3742797374725342,-5.309190309610301e-10,0.9273158311843872]},{"pos":[-143.8740997314453,990.2281494140625,-301.35247802734377,0.9273158311843872,3.27272822175928e-8,-0.3742797374725342,-3.881358523472045e-8,1,-8.723880284833286e-9,0.3742797374725342,2.261693232696871e-8,0.9273158311843872]},{"pos":[-143.8740997314453,990.2281494140625,-301.35247802734377,0.9273158311843872,6.620818027158748e-8,-0.3742797374725342,-7.851732419794644e-8,1,-1.7639681715309054e-8,0.3742797374725342,4.5744997123620126e-8,0.9273158311843872]},{"pos":[-143.8740997314453,990.2281494140625,-301.35247802734377,0.9273158311843872,9.966046832232678e-8,-0.3742797374725342,-1.181871311928262e-7,1,-2.6547860798586954e-8,0.3742797374725342,6.885329639771953e-8,0.9273158311843872]},{"pos":[-143.8740997314453,990.2281494140625,-301.35247802734377,0.9273158311843872,7.07159557578052e-8,-0.3742797374725342,-8.386120242676043e-8,1,-1.8835818238471803e-8,0.3742797374725342,4.885430371359689e-8,0.9273158311843872]},{"pos":[-143.8740997314453,990.2281494140625,-301.35247802734377,0.9273158311843872,4.179617718591544e-8,-0.3742797374725342,-4.956461197025419e-8,1,-1.1130367738587666e-8,0.3742797374725342,2.8872396029555604e-8,0.9273158311843872]},{"pos":[-143.8740997314453,990.2281494140625,-301.35247802734377,0.9273158311843872,1.290111306673225e-8,-0.3742797374725342,-1.5297329625241219e-8,1,-3.4315050800870496e-9,0.3742797374725342,8.907569792881987e-9,0.9273158311843872]},{"pos":[-143.8740997314453,990.2281494140625,-301.35247802734377,0.9273158311843872,-1.5969259692383276e-8,-0.3742797374725342,1.8940667700917403e-8,1,4.2607761763235889e-9,0.3742797374725342,-1.104019364817077e-8,0.9273158311843872]},{"pos":[-143.8740997314453,990.2281494140625,-301.35247802734377,0.9273158311843872,-4.481496063135637e-8,-0.3742797374725342,5.314940665357426e-8,1,1.1946481137670162e-8,0.3742797374725342,-3.0970909392635806e-8,0.9273158311843872]},{"pos":[-143.8740997314453,990.2281494140625,-301.35247802734377,0.9273158311843872,-7.363601639553963e-8,-0.3742797374725342,8.732891387808195e-8,1,1.9625616687335424e-8,0.3742797374725342,-5.088458721047573e-8,0.9273158311843872]},{"pos":[-143.8740997314453,990.2281494140625,-301.35247802734377,0.9273158311843872,-1.0243243764307408e-7,-0.3742797374725342,1.214792177961499e-7,1,2.7298185045765423e-8,0.3742797374725342,-7.07812475297942e-8,0.9273158311843872]},{"pos":[-143.8740997314453,990.2281494140625,-301.35247802734377,0.9273158311843872,-6.942796915154759e-8,-0.3742797374725342,8.233734405393989e-8,1,1.850154873750398e-8,0.3742797374725342,-4.7973976791126918e-8,0.9273158311843872]},{"pos":[-143.8740997314453,990.2281494140625,-301.35247802734377,0.9273158311843872,-3.645169854848973e-8,-0.3742797374725342,4.322892266372946e-8,1,9.712429971386883e-9,0.3742797374725342,-2.518619979241521e-8,0.9273158311843872]},{"pos":[-143.8740997314453,990.2281494140625,-301.35247802734377,0.9273158311843872,-3.5036074041983058e-9,-0.3742797374725342,4.153920762917096e-9,1,9.308261939011686e-10,0.3742797374725342,-2.4178983260014776e-9,0.9273158311843872]},{"pos":[-143.8740997314453,990.2281494140625,-301.35247802734377,0.9273158311843872,4.5865746756135198e-8,-0.3742797374725342,-5.43959792764781e-8,1,-1.222750523055538e-8,0.3742797374725342,3.169807172298533e-8,0.9273158311843872]},{"pos":[-143.8740997314453,990.2281494140625,-301.35247802734377,0.9273158311843872,7.874348995073888e-8,-0.3742797374725342,-9.338755546650646e-8,1,-2.0990354343553009e-8,0.3742797374725342,5.441775741132915e-8,0.9273158311843872]},{"pos":[-143.8740997314453,990.2281494140625,-301.35247802734377,0.9273158311843872,9.517182775198308e-8,-0.3742797374725342,-1.1287084333844177e-7,1,-2.536897092397794e-8,0.3742797374725342,6.577031541610268e-8,0.9273158311843872]},{"pos":[-143.8740997314453,990.2281494140625,-301.35247802734377,0.9273158311843872,6.80658871488049e-8,-0.3742797374725342,-8.072379387158435e-8,1,-1.8143015978466793e-8,0.3742797374725342,4.703758449409179e-8,0.9273158311843872]},{"pos":[-143.8740997314453,990.2281494140625,-301.35247802734377,0.9273158311843872,2.745040106333363e-8,-0.3742797374725342,-3.2554719808786106e-8,1,-7.315665850882169e-9,0.3742797374725342,1.8968504988947644e-8,0.9273158311843872]},{"pos":[-143.8740997314453,990.2281494140625,-301.35247802734377,0.9273158311843872,1.3923474817545412e-8,-0.3742797374725342,-1.6512082368080884e-8,1,-3.70963482154707e-9,0.3742797374725342,9.620141128152682e-9,0.9273158311843872]},{"pos":[-143.8740997314453,990.2281494140625,-301.35247802734377,0.9273158311843872,-1.3113038654921639e-8,-0.3742797374725342,1.5552624077486145e-8,1,3.4978027141363556e-9,0.3742797374725342,-9.064599737484969e-9,0.9273158311843872]},{"pos":[-143.8740997314453,990.2281494140625,-301.35247802734377,0.9273158311843872,-4.012644794215703e-8,-0.3742797374725342,4.758992844244858e-8,1,1.069907984430074e-8,0.3742797374725342,-2.773337293149325e-8,0.9273158311843872]},{"pos":[-143.8740997314453,990.2281494140625,-301.35247802734377,0.9273158311843872,-6.711677258408599e-8,-0.3742797374725342,7.959985737215902e-8,1,1.789419989961516e-8,0.3742797374725342,-4.638619088837004e-8,0.9273158311843872]},{"pos":[-143.8740997314453,990.2281494140625,-301.35247802734377,0.9273158311843872,-9.408403656152586e-8,-0.3742797374725342,1.115824304065427e-7,1,2.5083169319373156e-8,0.3742797374725342,-6.502306604261321e-8,0.9273158311843872]},{"pos":[-143.8740997314453,990.2281494140625,-301.35247802734377,0.9273158311843872,-8.927085559662373e-8,-0.3742797374725342,1.0587390164573662e-7,1,2.3799548998226784e-8,0.3742797374725342,-6.169615573980991e-8,0.9273158311843872]},{"pos":[-143.8740997314453,990.2281494140625,-301.35247802734377,0.9273158311843872,-5.2717972209848088e-8,-0.3742797374725342,6.252257378491777e-8,1,1.4054195141000037e-8,0.3742797374725342,-3.643360813043728e-8,0.9273158311843872]},{"pos":[-143.8740997314453,990.2281494140625,-301.35247802734377,0.9273158311843872,-1.6196320729022774e-8,-0.3742797374725342,1.9208288293270927e-8,1,4.317171509171658e-9,0.3742797374725342,-1.1192654802982816e-8,0.9273158311843872]},{"pos":[-143.8740997314453,990.2281494140625,-301.35247802734377,0.9273158311843872,2.0294120162134278e-8,-0.3742797374725342,-2.4068979698199656e-8,1,-5.4115276704180818e-9,0.3742797374725342,1.402672644701397e-8,0.9273158311843872]},{"pos":[-143.8740997314453,990.2281494140625,-301.35247802734377,0.9273158311843872,5.6753378885332498e-8,-0.3742797374725342,-6.730926571663076e-8,1,-1.513190994728575e-8,0.3742797374725342,3.9224552494943057e-8,0.9273158311843872]},{"pos":[-143.8740997314453,990.2281494140625,-301.35247802734377,0.9273158311843872,9.318148386228131e-8,-0.3742797374725342,-1.105126017364455e-7,1,-2.484398287094791e-8,0.3742797374725342,6.440084376890809e-8,0.9273158311843872]},{"pos":[-143.86683654785157,990.2281494140625,-301.3765869140625,0.9313526153564453,6.90604693431851e-8,-0.3641185462474823,-8.173218191132037e-8,1,-1.9392064842804758e-8,0.3641185462474823,4.782105378353663e-8,0.9313526153564453]},{"pos":[-143.84288024902345,990.2281494140625,-301.4389953613281,0.9319282174110413,4.490325977712928e-8,-0.3626428544521332,-5.319453677543606e-8,1,-1.2878317079412227e-8,0.3626428544521332,3.129228431930642e-8,0.9319282174110413]},{"pos":[-143.77044677734376,990.2281494140625,-301.6383361816406,0.9335127472877502,8.687005781382595e-9,-0.3585442006587982,-1.0448875542579117e-8,1,-2.976349611216733e-9,0.3585442006587982,6.5248442204790539e-9,0.9335127472877502]},{"pos":[-143.73854064941407,990.2281494140625,-301.7262878417969,0.9339756965637207,-3.383423985425793e-9,-0.3573366105556488,3.7751957115972349e-9,1,3.9883157887388167e-10,0.3573366105556488,-1.7215145975413293e-9,0.9339756965637207]},{"pos":[-143.65663146972657,990.2281494140625,-301.9440002441406,0.9342663884162903,-2.7518714418306446e-8,-0.3565758466720581,3.219838617951609e-8,1,7.188251771594878e-9,0.3565758466720581,-1.8196908868617357e-8,0.9342663884162903]},{"pos":[-143.56568908691407,990.2281494140625,-302.1920166015625,0.9348810315132141,-5.1638508580253986e-8,-0.3549611568450928,6.057860701957907e-8,1,1.4072758069971769e-8,0.3549611568450928,-3.465940778824006e-8,0.9348810315132141]},{"pos":[-143.46795654296876,990.2281494140625,-302.4400634765625,0.9343206286430359,-7.5745411720618e-8,-0.3564336895942688,8.898343395458142e-8,1,2.0743398110312229e-8,0.3564336895942688,-5.109767897693018e-8,0.9343206286430359]},{"pos":[-143.3585662841797,990.2281494140625,-302.6832275390625,0.9315590262413025,-9.981813775539195e-8,-0.36359015107154848,1.1753226658584026e-7,1,2.6596170599191283e-8,0.36359015107154848,-6.750948244871324e-8,0.9315590262413025]},{"pos":[-143.23902893066407,990.2281494140625,-302.92156982421877,0.9269934892654419,-6.537403152151455e-8,-0.375077486038208,7.719544470319306e-8,1,1.649164893535726e-8,0.375077486038208,-4.4241918573106889e-8,0.9269934892654419]},{"pos":[-143.11106872558595,990.2281494140625,-303.1554870605469,0.9210510849952698,-3.10556238503068e-8,-0.38944172859191897,3.677448745520451e-8,1,7.22974080602512e-9,0.38944172859191897,-2.0980474246812265e-8,0.9210510849952698]},{"pos":[-142.97230529785157,990.2281494140625,-303.3831787109375,0.9131919145584106,3.1194198335526836e-9,-0.4075298309326172,-3.777344659283699e-9,1,-8.098072212803231e-10,0.4075298309326172,2.2788899656234209e-9,0.9131919145584106]},{"pos":[-142.8198699951172,990.2281494140625,-303.6019287109375,0.9025951027870178,3.7131005825585819e-8,-0.43049052357673647,-4.450994950389031e-8,1,-7.06974168096508e-9,0.43049052357673647,2.5542226111952006e-8,0.9025951027870178]},{"pos":[-142.6582794189453,990.2281494140625,-303.8140563964844,0.8903314471244812,7.095649579014207e-8,-0.4553130269050598,-8.54097734759307e-8,1,-1.1171445102320377e-8,0.4553130269050598,4.883447246584183e-8,0.8903314471244812]},{"pos":[-142.48568725585938,990.2281494140625,-304.0173034667969,0.8757640719413757,1.0459936561346695e-7,-0.4827393889427185,-1.2644017033380806e-7,1,-1.270332461444923e-8,0.4827393889427185,7.216276998178728e-8,0.8757640719413757]},{"pos":[-142.20716857910157,990.2281494140625,-304.3043212890625,0.8486741781234741,5.7865932490130947e-8,-0.5289160013198853,-7.018935832547868e-8,1,-3.217833555169136e-9,0.5289160013198853,3.98551662783575e-8,0.8486741781234741]},{"pos":[-142.10922241210938,990.2281494140625,-304.3947448730469,0.8388291597366333,4.236648010191857e-8,-0.5443947911262512,-5.13506286381471e-8,1,-1.3003900178887307e-9,0.5443947911262512,2.904581819507257e-8,0.8388291597366333]},{"pos":[-141.90199279785157,990.2281494140625,-304.5624694824219,0.8151715397834778,1.1462799598405127e-8,-0.5792196393013,-1.360996826349492e-8,1,6.359259230315217e-10,0.5792196393013,7.3647723475289698e-9,0.8151715397834778]},{"pos":[-141.68482971191407,990.2281494140625,-304.7171325683594,0.7883319854736328,-1.9317196731094556e-8,-0.6152501106262207,2.411516497602406e-8,1,-4.980746370897293e-10,0.6152501106262207,-1.4444209384123497e-8,0.7883319854736328]},{"pos":[-141.45806884765626,990.2281494140625,-304.85736083984377,0.7581314444541931,-4.999946767725305e-8,-0.6521017551422119,6.165387844703219e-8,1,-4.995729607770727e-9,0.6521017551422119,-3.6417180382386508e-8,0.7581314444541931]},{"pos":[-141.22360229492188,990.2281494140625,-304.9843444824219,0.7252664566040039,-8.060952438881941e-8,-0.6884682774543762,9.880727702693548e-8,1,-1.2996853371305406e-8,0.6884682774543762,-5.859949681052967e-8,0.7252664566040039]},{"pos":[-140.9820098876953,990.2281494140625,-305.09716796875,0.6896488666534424,-8.149747543484409e-8,-0.7241439819335938,9.91622854940033e-8,1,-1.810457916917585e-8,0.7241439819335938,-5.9321966006109508e-8,0.6896488666534424]},{"pos":[-140.73484802246095,990.2281494140625,-305.19720458984377,0.6520638465881348,-5.270262448675567e-8,-0.7581640481948853,6.331055857344836e-8,1,-1.506283453522883e-8,0.7581640481948853,-3.817785909632221e-8,0.6520638465881348]},{"pos":[-140.48423767089845,990.2281494140625,-305.2882995605469,0.6143187880516052,-2.3902959611632469e-8,-0.7890579700469971,2.78598157876786e-8,1,-8.602856205186527e-9,0.7890579700469971,-1.6698113114443914e-8,0.6143187880516052]},{"pos":[-140.2293243408203,990.2281494140625,-305.366455078125,0.5749070048332214,4.9236223986781628e-9,-0.8182187676429749,-7.041248029082681e-9,1,1.07008002458997e-9,0.8182187676429749,5.146084447460453e-9,0.5749070048332214]},{"pos":[-139.9709930419922,990.2281494140625,-305.4324951171875,0.5343085527420044,3.3788165154646779e-8,-0.8452895283699036,-4.121542573898296e-8,1,1.3919976282750213e-8,0.8452895283699036,2.740140736534613e-8,0.5343085527420044]},{"pos":[-139.70925903320313,990.2281494140625,-305.4833679199219,0.49134737253189089,6.270364849569887e-8,-0.8709636926651001,-7.445657956850482e-8,1,2.99893159194653e-8,0.8709636926651001,5.0113811767005248e-8,0.49134737253189089]},{"pos":[-139.4452667236328,990.2281494140625,-305.52081298828127,0.4470131993293762,9.167150949451752e-8,-0.8945273756980896,-1.065866612748323e-7,1,4.921689722436895e-8,0.8945273756980896,7.334408280712523e-8,0.4470131993293762]},{"pos":[-139.17987060546876,990.2281494140625,-305.5466613769531,0.4023055136203766,6.397754503950637e-8,-0.9155054688453674,-7.25314706073732e-8,1,3.8009311253972558e-8,0.9155054688453674,5.111160561455108e-8,0.4023055136203766]},{"pos":[-138.91357421875,990.2281494140625,-305.56024169921877,0.35704219341278078,3.623924982321114e-8,-0.9340882301330566,-3.9366568671539429e-8,1,2.3749064936851029e-8,0.9340882301330566,2.8292431508702977e-8,0.35704219341278078]},{"pos":[-138.64695739746095,990.2281494140625,-305.56561279296877,0.3131951093673706,8.474960289106548e-9,-0.9496887922286987,-7.262501267035759e-9,1,6.528854346044e-9,0.9496887922286987,4.852310997449649e-9,0.3131951093673706]},{"pos":[-138.38084411621095,990.2281494140625,-305.5495910644531,0.26447245478630068,-1.9321303668107249e-8,-0.9643932580947876,2.3667507065283645e-8,1,-1.3544163124379338e-8,0.9643932580947876,-1.924272474695954e-8,0.26447245478630068]},{"pos":[-137.9834442138672,990.2281494140625,-305.50433349609377,0.1897585541009903,-6.100854932356015e-8,-0.9818307757377625,6.735830737625293e-8,1,-4.911919404548826e-8,0.9818307757377625,-5.681367198917542e-8,0.1897585541009903]},{"pos":[-137.7218475341797,990.2281494140625,-305.4530029296875,0.13840574026107789,-8.87561242279844e-8,-0.9903756380081177,9.437665227096659e-8,1,-7.642944410690689e-8,0.9903756380081177,-8.289006103723296e-8,0.13840574026107789]},{"pos":[-137.46507263183595,990.2281494140625,-305.3812561035156,0.08343670517206192,-6.181497980151107e-8,-0.9965130686759949,6.252133033513019e-8,1,-5.679645198597427e-8,0.9965130686759949,-5.7564413680211149e-8,0.08343670517206192]},{"pos":[-137.21653747558595,990.2281494140625,-305.284912109375,0.02262231521308422,-3.4979976248905589e-8,-0.9997440576553345,3.201096276939097e-8,1,-3.4264580506260248e-8,0.9997440576553345,-3.122762493035225e-8,0.02262231521308422]},{"pos":[-136.97848510742188,990.2281494140625,-305.16497802734377,-0.04314449056982994,-8.326605183128777e-9,-0.9990688562393189,3.360467015767199e-9,1,-8.47948733451176e-9,0.9990688562393189,-3.7231808747151264e-9,-0.04314449056982994]},{"pos":[-136.7509765625,990.2281494140625,-305.0260009765625,-0.11093280464410782,1.8044966410002418e-8,-0.9938279390335083,-2.292868650499713e-8,1,2.0716372617357594e-8,0.9938279390335083,2.5085293842153079e-8,-0.11093280464410782]},{"pos":[-136.5327911376953,990.2281494140625,-304.87274169921877,-0.1777464598417282,4.402747322274081e-8,-0.9840763211250305,-4.657232821614343e-8,1,5.3151911316717818e-8,0.9840763211250305,5.527829216589453e-8,-0.1777464598417282]},{"pos":[-136.3236083984375,990.2281494140625,-304.7073974609375,-0.24233989417552949,6.952160447326605e-8,-0.9701914191246033,-6.744549096993069e-8,1,8.850453525610647e-8,0.9701914191246033,8.688321173622171e-8,-0.24233989417552949]},{"pos":[-136.1222381591797,990.2281494140625,-304.5326232910156,-0.30332502722740176,5.063726504772603e-8,-0.9528871774673462,-4.464137859372386e-8,1,6.735121615975004e-8,0.9528871774673462,6.296750854062339e-8,-0.30332502722740176]},{"pos":[-135.93141174316407,990.2281494140625,-304.3464050292969,-0.3624109923839569,3.224165823212388e-8,-0.9320183992385864,-2.3745188926227457e-8,1,4.382657792234568e-8,0.9320183992385864,3.801418557713987e-8,-0.3624109923839569]},{"pos":[-135.7510528564453,990.2281494140625,-304.1500549316406,-0.41910257935523989,1.4405719284127372e-8,-0.9079388976097107,-4.883343951433972e-9,1,1.812053795902102e-8,0.9079388976097107,1.202814203793423e-8,-0.41910257935523989]},{"pos":[-135.58270263671876,990.2281494140625,-303.94329833984377,-0.47394895553588869,-2.8025153309130248e-9,-0.8805522918701172,1.1861523319112166e-8,1,-9.567031611368293e-9,0.8805522918701172,-1.4978976281554425e-8,-0.47394895553588869]},{"pos":[-135.422607421875,990.2281494140625,-303.73004150390627,-0.5245667695999146,-1.9314621013677425e-8,-0.851369321346283,2.6461833613211639e-8,1,-3.8990858541865239e-8,0.851369321346283,-4.298210143360848e-8,-0.5245667695999146]},{"pos":[-135.34864807128907,990.2281494140625,-303.619140625,-0.549233615398407,-2.7297321736341474e-8,-0.8356688618659973,3.292640116114853e-8,1,-5.430573324360921e-8,0.8356688618659973,-5.7342102621760208e-8,-0.549233615398407]},{"pos":[-135.21722412109376,990.2281494140625,-303.38720703125,-0.6011205911636353,-4.2654761500671159e-8,-0.7991583347320557,4.3727389709147249e-8,1,-8.626600589423106e-8,0.7991583347320557,-8.680137852934422e-8,-0.6011205911636353]},{"pos":[-135.09005737304688,990.2281494140625,-303.15283203125,-0.6463884711265564,-5.710291262062128e-8,-0.7630084753036499,5.2542780792919078e-8,1,-1.1935118493511255e-7,0.7630084753036499,-1.1723781767614128e-7,-0.6463884711265564]},{"pos":[-134.902099609375,990.2281494140625,-302.7997741699219,-0.7028021216392517,-2.890507744268689e-8,-0.7113853693008423,2.0666849565031954e-8,1,-6.104959027197765e-8,0.7113853693008423,-5.760787402664391e-8,-0.7028021216392517]},{"pos":[-134.84068298339845,990.2281494140625,-302.6814270019531,-0.7180535793304443,-2.006738419879639e-8,-0.6959878206253052,1.151334938498394e-8,1,-4.07113240896706e-8,0.6959878206253052,-3.724606401078745e-8,-0.7180535793304443]},{"pos":[-134.6592559814453,990.2281494140625,-302.324951171875,-0.758631706237793,4.9701496251941538e-9,-0.6515197157859802,-1.2512475500159326e-8,1,2.2198117122229634e-8,0.6515197157859802,2.499231932517887e-8,-0.758631706237793]},{"pos":[-134.53860473632813,990.2281494140625,-302.087158203125,-0.7795746326446533,2.0480836582237317e-8,-0.626309335231781,-2.6202146230502877e-8,1,6.53149498930361e-8,0.626309335231781,6.732852853019722e-8,-0.7795746326446533]},{"pos":[-134.47891235351563,990.2281494140625,-301.9679260253906,-0.7885984182357788,2.7926875034722799e-8,-0.6149085164070129,-3.2519231751848568e-8,1,8.712107302244476e-8,0.6149085164070129,8.869989187587635e-8,-0.7885984182357788]},{"pos":[-134.35972595214845,990.2281494140625,-301.7294006347656,-0.8047711253166199,3.086912059302449e-8,-0.593585193157196,-3.2099780611360987e-8,1,9.552477564511719e-8,0.593585193157196,9.592953631454293e-8,-0.8047711253166199]},{"pos":[-134.18113708496095,990.2281494140625,-301.37152099609377,-0.8249809145927429,1.8572118065662836e-8,-0.5651605725288391,-1.4509652146443841e-8,1,5.4041819907979519e-8,0.5651605725288391,5.2783750703611079e-8,-0.8249809145927429]},{"pos":[-134.0638427734375,990.2281494140625,-301.13201904296877,-0.8359978795051575,1.0873203670769272e-8,-0.5487326979637146,-3.944928383958768e-9,1,2.5825222849107378e-8,0.5487326979637146,2.375453966863006e-8,-0.8359978795051575]},{"pos":[-133.9462890625,990.2281494140625,-300.8926696777344,-0.84511798620224,3.51815243604392e-9,-0.5345798134803772,5.882856424221927e-9,1,-2.719073188828247e-9,0.5345798134803772,-5.4427955475944149e-9,-0.84511798620224]},{"pos":[-133.8287353515625,990.2281494140625,-300.6532897949219,-0.8528056740760803,-3.538697779248423e-9,-0.5222284197807312,1.5143500675662837e-8,1,-3.150568517185093e-8,0.5222284197807312,-3.4776594048935297e-8,-0.8528056740760803]},{"pos":[-133.7125244140625,990.2281494140625,-300.41326904296877,-0.8596833348274231,-1.0330579947037677e-8,-0.510827362537384,2.3926689962650017e-8,1,-6.049002365671186e-8,0.510827362537384,-6.422467890843109e-8,-0.8596833348274231]},{"pos":[-133.65509033203126,990.2281494140625,-300.2929382324219,-0.8628314137458801,-1.3632885931258443e-8,-0.5054918527603149,2.8164507170913568e-8,1,-7.504395682644827e-8,0.5054918527603149,-7.898721321453195e-8,-0.8628314137458801]},{"pos":[-133.54148864746095,990.2281494140625,-300.05169677734377,-0.868872344493866,-2.0062280725596794e-8,-0.49503621459007265,3.632016998267318e-8,1,-1.042749460111736e-7,0.49503621459007265,-1.0858141763492313e-7,-0.868872344493866]},{"pos":[-133.37689208984376,990.2281494140625,-299.6871337890625,-0.8780600428581238,-1.57003157141844e-8,-0.4785504937171936,2.4811516396994194e-8,1,-7.83330378339997e-8,0.4785504937171936,-8.06546722742496e-8,-0.8780600428581238]},{"pos":[-133.27220153808595,990.2281494140625,-299.44189453125,-0.8841723203659058,-8.558941111402874e-9,-0.4671609401702881,1.007712846501363e-8,1,-3.739365439514586e-8,0.4671609401702881,-3.777007151484213e-8,-0.8841723203659058]},{"pos":[-133.1747283935547,990.2281494140625,-299.19366455078127,-0.8910843729972839,-1.791227943748197e-9,-0.45383763313293459,-3.979060636538634e-9,1,3.865827213900275e-9,0.45383763313293459,5.250627044262046e-9,-0.8910843729972839]},{"pos":[-133.0836944580078,990.2281494140625,-298.9430236816406,-0.8984474539756775,4.545963605551151e-9,-0.4390811026096344,-1.7178429345676706e-8,1,4.5503867340812579e-8,0.4390811026096344,4.842555867412557e-8,-0.8984474539756775]},{"pos":[-132.9977264404297,990.2281494140625,-298.6905822753906,-0.9057849049568176,1.041548536306891e-8,-0.4237378239631653,-2.9448589344838184e-8,1,8.752955693580589e-8,0.4237378239631653,9.176143578315532e-8,-0.9057849049568176]},{"pos":[-132.91441345214845,990.2281494140625,-298.4372863769531,-0.9125166535377502,1.158037310489135e-8,-0.40903952717781069,-2.9750621521884569e-8,1,9.468107720067565e-8,0.40903952717781069,9.8567241479941e-8,-0.9125166535377502]},{"pos":[-132.8312225341797,991.1012573242188,-298.1838684082031,-0.9189802408218384,8.635355541741774e-9,-0.394303560256958,-1.9133850059915859e-8,1,6.649442241268844e-8,0.394303560256958,6.865160173674667e-8,-0.9189802408218384]},{"pos":[-132.7511749267578,991.9232788085938,-297.9294738769531,-0.9245691895484924,5.992350615713349e-9,-0.38101422786712649,-9.186094551694169e-9,1,3.8018342252144069e-8,0.38101422786712649,3.865061870556019e-8,-0.9245691895484924]},{"pos":[-132.672607421875,992.6907958984375,-297.67462158203127,-0.9293813109397888,3.618486621448369e-9,-0.36912110447883608,1.9569089404480878e-10,1,9.310264559303505e-9,0.36912110447883608,8.580552268711017e-9,-0.9293813109397888]},{"pos":[-132.59507751464845,993.40380859375,-297.41949462890627,-0.9335875511169434,1.487710177272561e-9,-0.35834938287734988,9.109931475848044e-9,1,-1.95820319959239e-8,0.35834938287734988,-2.154607869897518e-8,-0.9335875511169434]},{"pos":[-132.51943969726563,994.0623168945313,-297.1637878417969,-0.937423586845398,-4.188254187909024e-10,-0.3481910228729248,1.7615864322806375e-8,1,-4.8629491544716078e-8,0.3481910228729248,-5.172012151888339e-8,-0.937423586845398]},{"pos":[-132.44570922851563,994.6663208007813,-296.90753173828127,-0.9409854412078857,-2.1113895076751989e-9,-0.33844703435897829,2.574414281752979e-8,1,-7.781498823078437e-8,0.33844703435897829,-8.193580214310714e-8,-0.9409854412078857]},{"pos":[-132.37393188476563,995.2158813476563,-296.65069580078127,-0.9443176984786987,-3.597889763895523e-9,-0.3290351331233978,3.351638255821854e-8,1,-1.071253450390941e-7,0.3290351331233978,-1.1218842388416306e-7,-0.9443176984786987]},{"pos":[-132.30441284179688,995.7109375,-296.3932189941406,-0.947489321231842,-4.883728088600492e-9,-0.31978747248649599,4.093422134587854e-8,1,-1.3655464670137008e-7,0.31978747248649599,-1.4247432034153463e-7,-0.947489321231842]},{"pos":[-132.23634338378907,996.1514282226563,-296.1354064941406,-0.9504174590110779,-5.382873702330926e-9,-0.31097692251205447,4.3174452457606097e-8,1,-1.492606855890699e-7,0.31097692251205447,-1.55286215886008e-7,-0.9504174590110779]},{"pos":[-132.1696319580078,996.5374145507813,-295.87725830078127,-0.9531005024909973,-4.184700141962594e-9,-0.3026540279388428,3.099162171338321e-8,1,-1.1142369515937389e-7,0.3026540279388428,-1.1557771983916609e-7,-0.9531005024909973]},{"pos":[-132.10459899902345,996.8689575195313,-295.6186218261719,-0.9556062817573547,-3.2165172747511407e-9,-0.294646680355072,1.9272794915536907e-8,1,-7.342258356857201e-8,0.294646680355072,-7.584174710473235e-8,-0.9556062817573547]},{"pos":[-132.0405731201172,997.14599609375,-295.3597412109375,-0.9578850269317627,-2.4674493559473378e-9,-0.28715211153030398,7.997779327695298e-9,1,-3.52719062846063e-8,0.28715211153030398,-3.608301213375853e-8,-0.9578850269317627]},{"pos":[-131.97666931152345,997.3685302734375,-295.100830078125,-0.9598486423492432,-1.9182007093832e-9,-0.2805183529853821,-2.8768429860548396e-9,1,3.0056257482868888e-9,0.2805183529853821,3.6919529655676799e-9,-0.9598486423492432]},{"pos":[-131.9131317138672,997.5365600585938,-294.8418273925781,-0.961548388004303,-1.545093941679454e-9,-0.27463558316230776,-1.3425729861182845e-8,1,4.1379909276884067e-8,0.27463558316230776,4.3475967714812216e-8,-0.961548388004303]},{"pos":[-131.8496551513672,997.6500854492188,-294.5827941894531,-0.9629988670349121,-1.327349230528796e-9,-0.2695053517818451,-2.3718069286360334e-8,1,7.982448124721486e-8,0.2695053517818451,8.326303202466079e-8,-0.9629988670349121]},{"pos":[-131.77284240722657,997.71533203125,-294.2584228515625,-0.9648042917251587,-1.2583334374483002e-9,-0.262969046831131,-3.618794863768926e-8,1,1.2798446391570907e-7,0.262969046831131,1.3299627710239293e-7,-0.9648042917251587]},{"pos":[-131.7273712158203,997.713623046875,-294.06365966796877,-0.9658159017562866,-1.1950270772942418e-9,-0.25922903418540957,-3.885061516939459e-8,1,1.4013674842772162e-7,0.25922903418540957,1.4541750203989069e-7,-0.9658159017562866]},{"pos":[-131.66688537597657,997.6636352539063,-293.80389404296877,-0.9670094847679138,-7.34967253723795e-10,-0.2547403573989868,-3.0141592333166048e-8,1,1.1153411350051101e-7,0.2547403573989868,1.1553282774912077e-7,-0.9670094847679138]},{"pos":[-131.60675048828126,997.5591430664063,-293.54412841796877,-0.9680689573287964,-1.8529532075373113e-10,-0.2506840229034424,-2.165152324096198e-8,1,8.287274511076248e-8,0.2506840229034424,8.565422149331425e-8,-0.9680689573287964]},{"pos":[-131.54766845703126,997.4002075195313,-293.2840881347656,-0.9690852761268616,4.479846216209893e-10,-0.2467259168624878,-1.3329051640198486e-8,1,5.416930903834327e-8,0.2467259168624878,5.578330330990866e-8,-0.9690852761268616]},{"pos":[-131.49020385742188,997.1867065429688,-293.023681640625,-0.97013920545578,1.166185370493622e-9,-0.24254877865314485,-5.155535554024482e-9,1,2.5428997574294955e-8,0.24254877865314485,2.592013714775021e-8,-0.97013920545578]},{"pos":[-131.43299865722657,996.918701171875,-292.76318359375,-0.9711018204689026,1.969629126463701e-9,-0.23866567015647889,2.8518654104914278e-9,1,-3.3512250752210095e-9,0.23866567015647889,-3.935022974133062e-9,-0.9711018204689026]},{"pos":[-131.37631225585938,996.59619140625,-292.5025939941406,-0.9719790816307068,2.851026525974021e-9,-0.23506726324558259,1.0711806552876624e-8,1,-3.2163669061446856e-8,0.23506726324558259,-3.3780409580685958e-8,-0.9719790816307068]},{"pos":[-131.31973266601563,996.21923828125,-292.2419738769531,-0.9727463722229004,3.803544590397223e-9,-0.23187166452407838,1.8450267091907336e-8,1,-6.099876515008873e-8,0.23187166452407838,-6.361442217439617e-8,-0.9727463722229004]},{"pos":[-131.26315307617188,995.7877807617188,-291.9813537597656,-0.9734010100364685,4.818037524501051e-9,-0.2291080504655838,2.6096612870674109e-8,1,-8.984594757066589e-8,0.2291080504655838,-9.343508367010145e-8,-0.9734010100364685]},{"pos":[-131.20755004882813,995.3018188476563,-291.72052001953127,-0.9740503430366516,5.88939430556934e-9,-0.22633133828639985,3.3629927287393e-8,1,-1.1871023986032015e-7,0.22633133828639985,-1.2324126430485195e-7,-0.9740503430366516]},{"pos":[-131.15213012695313,994.7612915039063,-291.45965576171877,-0.9746426939964294,7.0166117360770389e-9,-0.22376692295074464,4.1082326873720379e-8,1,-1.4758202837583668e-7,0.22376692295074464,-1.530326017018524e-7,-0.9746426939964294]},{"pos":[-131.09671020507813,994.1663208007813,-291.19879150390627,-0.9751527309417725,6.615382908137235e-9,-0.22153374552726746,3.9116621053381098e-8,1,-1.423227757868517e-7,0.22153374552726746,-1.4745208432032087e-7,-0.9751527309417725]},{"pos":[-131.04129028320313,993.516845703125,-290.93792724609377,-0.975587785243988,4.604916892247957e-9,-0.21960988640785218,2.7887519848945886e-8,1,-1.0291798702155575e-7,0.21960988640785218,-1.0652990312109978e-7,-0.975587785243988]},{"pos":[-130.98587036132813,992.8128662109375,-290.67706298828127,-0.9759585857391357,2.54455367887374e-9,-0.21795599162578584,1.678857763920405e-8,1,-6.350090586693114e-8,0.21795599162578584,-6.563342935805849e-8,-0.9759585857391357]},{"pos":[-130.93045043945313,992.0543823242188,-290.41619873046877,-0.9762749075889587,4.416169652188273e-10,-0.2165348082780838,5.793415969179705e-9,1,-2.4080883065380477e-8,0.2165348082780838,-2.4764037931390704e-8,-0.9762749075889587]},{"pos":[-130.87503051757813,991.2413940429688,-290.15545654296877,-0.9765449166297913,-1.697595952698805e-9,-0.21531373262405396,-5.119409340892389e-9,1,1.5334540748312976e-8,0.21531373262405396,1.607714672502425e-8,-0.9765449166297913]},{"pos":[-130.8240203857422,991.139892578125,-289.9154357910156,-0.9767756462097168,-3.867671072299572e-9,-0.2142646610736847,-1.5967183131238018e-8,1,5.473923536669645e-8,0.2142646610736847,5.688915649670889e-8,-0.9767756462097168]},{"pos":[-130.76998901367188,991.2393798828125,-289.6612548828125,-0.9769728779792786,-6.063958224444832e-9,-0.2133634090423584,-2.6763776972416055e-8,1,9.412825363597222e-8,0.2133634090423584,9.767116893044659e-8,-0.9769728779792786]},{"pos":[-130.71783447265626,991.3824462890625,-289.415771484375,-0.9771416783332825,-5.1684234669835409e-9,-0.21258918941020966,-2.3411308447407465e-8,1,8.329558909281332e-8,0.21258918941020966,8.636857984356539e-8,-0.9771416783332825]},{"pos":[-130.6717071533203,991.5511474609375,-289.1987609863281,-0.977286159992218,-3.226346523277357e-9,-0.21192407608032227,-1.5387460194915549e-8,1,5.573507877443262e-8,0.21192407608032227,5.773009448262201e-8,-0.977286159992218]},{"pos":[-130.62466430664063,991.7175903320313,-288.9774169921875,-0.977409839630127,-1.2734702181660396e-9,-0.21135272085666657,-7.398016421689135e-9,1,2.8187116640765454e-8,0.21135272085666657,2.9113957467075126e-8,-0.977409839630127]},{"pos":[-130.57354736328126,991.8727416992188,-288.7369079589844,-0.9775158762931824,6.884292580444651e-10,-0.210861936211586,5.63204149983676e-10,1,6.539268571081891e-10,0.210861936211586,5.20465504028067e-10,-0.9775158762931824]},{"pos":[-130.5218505859375,992.7356567382813,-288.4937438964844,-0.9776178598403931,2.6582807066688476e-9,-0.21038836240768434,8.500222747898079e-9,1,-2.686312683408687e-8,0.21038836240768434,-2.8050221700937074e-8,-0.9776178598403931]},{"pos":[-130.46707153320313,993.5440063476563,-288.23602294921877,-0.9776991605758667,4.635152262011388e-9,-0.21001045405864716,1.6417946113733707e-8,1,-5.436233863065354e-8,0.21001045405864716,-5.659795121459865e-8,-0.9776991605758667]},{"pos":[-130.41165161132813,994.2979125976563,-287.9752197265625,-0.9777646660804749,6.617135728248513e-9,-0.20970511436462403,2.4320613078998578e-8,1,-8.184206734540567e-8,0.20970511436462403,-8.512243709901668e-8,-0.9777646660804749]},{"pos":[-130.35623168945313,994.997314453125,-287.71435546875,-0.9778202176094055,8.603078249791452e-9,-0.2094460427761078,3.2210255795916967e-8,1,-1.093014674324877e-7,0.2094460427761078,-1.1362349283672302e-7,-0.9778202176094055]},{"pos":[-130.30081176757813,995.6422119140625,-287.4534912109375,-0.9778677225112915,1.0592148491639364e-8,-0.20922400057315827,4.0088661279469309e-8,1,-1.367398425600186e-7,0.20922400057315827,-1.4210100118816627e-7,-0.9778677225112915]},{"pos":[-130.23153686523438,996.3717041015625,-287.1274108886719,-0.977918267250061,1.1781649433828534e-8,-0.20898780226707459,4.4937895182783907e-8,1,-1.5390342866794527e-7,0.20898780226707459,-1.5989644452929498e-7,-0.977918267250061]},{"pos":[-130.18997192382813,996.7684936523438,-286.9317626953125,-0.9779440760612488,9.374779175175263e-9,-0.2088669091463089,3.588930042042193e-8,1,-1.2315473441049108e-7,0.2088669091463089,-1.2793452697223985e-7,-0.9779440760612488]},{"pos":[-130.1343536376953,997.2499389648438,-286.6709899902344,-0.9779574275016785,6.165107091504751e-9,-0.20880445837974549,2.38506761007784e-8,1,-8.218137992344055e-8,0.20880445837974549,-8.535001683185328e-8,-0.9779574275016785]},{"pos":[-130.0786895751953,997.6768188476563,-286.4102478027344,-0.9779616594314575,2.9571018966834119e-9,-0.2087845355272293,1.1828268142721754e-8,1,-4.124103369917975e-8,0.2087845355272293,-4.280171239656738e-8,-0.9779616594314575]},{"pos":[-130.02218627929688,998.0491943359375,-286.1496276855469,-0.9778918623924255,-2.4424201550132809e-10,-0.2091113030910492,-1.7811645214305117e-10,1,-3.3505309637860139e-10,0.2091113030910492,-2.9039950999454336e-10,-0.9778918623924255]},{"pos":[-129.94818115234376,998.4380493164063,-285.82464599609377,-0.977485716342926,-4.203176473538406e-9,-0.21100160479545594,-1.5247577422883297e-8,1,5.07157835727412e-8,0.21100160479545594,5.2791218507763918e-8,-0.977485716342926]},{"pos":[-129.90170288085938,998.6304931640625,-285.630126953125,-0.9770553112030029,-6.531973184564777e-9,-0.21298573911190034,-2.4401865417189584e-8,1,8.12730434063269e-8,0.21298573911190034,8.460550304789649e-8,-0.9770553112030029]},{"pos":[-129.83592224121095,998.8394165039063,-285.3717041015625,-0.9761275053024292,-9.543697387925932e-9,-0.21719825267791749,-3.689512340088186e-8,1,1.2187319953227417e-7,0.21719825267791749,1.269773406420427e-7,-0.9761275053024292]},{"pos":[-129.7674560546875,998.9938354492188,-285.11395263671877,-0.9749537110328674,-1.1108565622919287e-8,-0.22240786254405976,-4.443752743554796e-8,1,1.44850844208122e-7,0.22240786254405976,1.5110612139324076e-7,-0.9749537110328674]},{"pos":[-129.697509765625,999.0936889648438,-284.8565979003906,-0.9736995697021484,-8.779998950103618e-9,-0.22783590853214265,-3.604741749541063e-8,1,1.1551890821692723e-7,0.22783590853214265,1.2069359911492939e-7,-0.9736995697021484]},{"pos":[-129.62551879882813,999.1390991210938,-284.5998229980469,-0.9723513722419739,-6.571602373384167e-9,-0.23352262377738954,-2.7483674003292437e-8,1,8.629650238844988e-8,0.23352262377738954,9.032858372393093e-8,-0.9723513722419739]},{"pos":[-129.55320739746095,999.1300048828125,-284.3431091308594,-0.9710739850997925,-4.482603177535793e-9,-0.23877868056297303,-1.8682420943605395e-8,1,5.720531959241271e-8,0.23877868056297303,6.001156549473308e-8,-0.9710739850997925]},{"pos":[-129.4808807373047,999.06640625,-284.0863952636719,-0.9699385762214661,-2.499785489717965e-9,-0.24334977567195893,-9.662004529786828e-9,1,2.8238224203391839e-8,0.24334977567195893,2.9740588658455637e-8,-0.9699385762214661]},{"pos":[-129.39047241210938,998.9102783203125,-283.7655029296875,-0.9687031507492065,-1.488727613407903e-10,-0.2482220083475113,1.8507438914738828e-9,1,-7.822409386903928e-9,0.2482220083475113,-8.03698796403296e-9,-0.9687031507492065]},{"pos":[-129.3362274169922,998.7756958007813,-283.5729675292969,-0.968061089515686,1.2023931850180248e-9,-0.250714510679245,8.854015298709328e-9,1,-2.9391339140261154e-8,0.250714510679245,-3.0672442363766098e-8,-0.968061089515686]},{"pos":[-129.26390075683595,998.548583984375,-283.3162536621094,-0.9673120975494385,2.9460485162502438e-9,-0.2535889148712158,1.8272732660307157e-8,1,-5.8083713838641418e-8,0.2535889148712158,-6.081884151853956e-8,-0.9673120975494385]},{"pos":[-129.1915740966797,998.2669677734375,-283.0595397949219,-0.9666586518287659,4.6317900626036138e-9,-0.2560684382915497,2.7761087650901574e-8,1,-8.671004536608962e-8,0.2560684382915497,-9.0927755991288e-8,-0.9666586518287659]},{"pos":[-129.10116577148438,997.8383178710938,-282.7386474609375,-0.9659554958343506,6.669492957911416e-9,-0.2587082087993622,3.9689940223297529e-8,1,-1.224128993726481e-7,0.2587082087993622,-1.2851353403675604e-7,-0.9659554958343506]},{"pos":[-129.02883911132813,997.43408203125,-282.48193359375,-0.9654780030250549,8.251772598555363e-9,-0.26048460602760317,4.9265015178434626e-8,1,-1.5092068395006209e-7,0.26048460602760317,-1.5854337220844173e-7,-0.9654780030250549]},{"pos":[-128.97459411621095,997.0951538085938,-282.2893981933594,-0.9651682376861572,7.599989970685784e-9,-0.26162996888160708,4.552557442139005e-8,1,-1.3889788874621446e-7,0.26162996888160708,-1.4597068798138935e-7,-0.9651682376861572]},{"pos":[-128.9022674560547,996.5955810546875,-282.0326843261719,-0.9648057222366333,5.5477094029754429e-9,-0.2629636526107788,3.318793417861343e-8,1,-1.006686716209515e-7,0.2629636526107788,-1.0585292642417699e-7,-0.9648057222366333]},{"pos":[-128.82994079589845,996.0414428710938,-281.7759704589844,-0.9644905924797058,3.532057757382745e-9,-0.2641172409057617,2.0779486575861484e-8,1,-6.250845530075822e-8,0.2641172409057617,-6.577703715038297e-8,-0.9644905924797058]},{"pos":[-128.73834228515626,995.2721557617188,-281.45550537109377,-0.9640126824378967,1.0643929071463277e-9,-0.2658562958240509,5.210970766000855e-9,1,-1.4891686994644715e-8,0.2658562958240509,-1.5741143499781175e-8,-0.9640126824378967]},{"pos":[-128.6605682373047,994.5953979492188,-281.2004699707031,-0.963151216506958,-8.426515596404727e-10,-0.26896047592163088,-7.3