{"a":[{"p":[-110.5738525390625,1018.7186889648438,-301.4522399902344,-0.9845213294029236,0,-0.17526490986347199,0,1,0,0.17526490986347199,0,-0.9845213294029236]},{"p":[-110.5738525390625,1018.7186889648438,-301.4522399902344,-0.9845213294029236,0,-0.17526490986347199,0,1,0,0.17526490986347199,0,-0.9845213294029236]},{"p":[-110.5738525390625,1018.7186889648438,-301.4522399902344,-0.9845213294029236,0,-0.17526490986347199,0,1,0,0.17526490986347199,0,-0.9845213294029236]},{"p":[-110.5738525390625,1018.7186889648438,-301.4522399902344,-0.9845213294029236,0,-0.17526490986347199,0,1,0,0.17526490986347199,0,-0.9845213294029236]},{"p":[-110.5738525390625,1018.7186889648438,-301.4522399902344,-0.9845213294029236,0,-0.17526490986347199,0,1,0,0.17526490986347199,0,-0.9845213294029236]},{"p":[-110.5738525390625,1018.7186889648438,-301.4522399902344,-0.9845213294029236,0,-0.17526490986347199,0,1,0,0.17526490986347199,0,-0.9845213294029236]},{"p":[-110.5738525390625,1018.7186889648438,-301.4522399902344,-0.9845213294029236,0,-0.17526490986347199,0,1,0,0.17526490986347199,0,-0.9845213294029236]},{"p":[-110.5738525390625,1018.7186889648438,-301.4522399902344,-0.9845213294029236,0,-0.17526490986347199,0,1,0,0.17526490986347199,0,-0.9845213294029236]},{"p":[-110.5738525390625,1018.7186889648438,-301.4522399902344,-0.9845213294029236,0,-0.17526490986347199,0,1,0,0.17526490986347199,0,-0.9845213294029236]},{"p":[-110.5738525390625,1018.7186889648438,-301.4522399902344,-0.9845213294029236,0,-0.17526490986347199,0,1,0,0.17526490986347199,0,-0.9845213294029236]},{"p":[-110.5738525390625,1018.7186889648438,-301.4522399902344,-0.9845213294029236,0,-0.17526490986347199,0,1,0,0.17526490986347199,0,-0.9845213294029236]},{"p":[-110.5738525390625,1018.7186889648438,-301.4522399902344,-0.9845213294029236,0,-0.17526490986347199,0,1,0,0.17526490986347199,0,-0.9845213294029236]},{"p":[-110.5738525390625,1018.7186889648438,-301.4522399902344,-0.9845213294029236,0,-0.17526490986347199,0,1,0,0.17526490986347199,0,-0.9845213294029236]},{"p":[-110.5738525390625,1018.7186889648438,-301.4522399902344,-0.9845213294029236,0,-0.17526490986347199,0,1,0,0.17526490986347199,0,-0.9845213294029236]},{"p":[-110.5738525390625,1018.7186889648438,-301.4522399902344,-0.9845213294029236,0,-0.17526490986347199,0,1,0,0.17526490986347199,0,-0.9845213294029236]},{"p":[-110.5738525390625,1018.7186889648438,-301.4522399902344,-0.9845213294029236,0,-0.17526490986347199,0,1,0,0.17526490986347199,0,-0.9845213294029236]},{"p":[-110.5738525390625,1018.7186889648438,-301.4522399902344,-0.9845213294029236,0,-0.17526490986347199,0,1,0,0.17526490986347199,0,-0.9845213294029236]},{"p":[-110.5738525390625,1018.7186889648438,-301.4522399902344,-0.9845213294029236,0,-0.17526490986347199,0,1,0,0.17526490986347199,0,-0.9845213294029236]},{"p":[-110.5738525390625,1018.7186889648438,-301.4522399902344,-0.9845213294029236,0,-0.17526490986347199,0,1,0,0.17526490986347199,0,-0.9845213294029236]},{"p":[-110.5738525390625,1018.7186889648438,-301.4522399902344,-0.9845213294029236,0,-0.17526490986347199,0,1,0,0.17526490986347199,0,-0.9845213294029236]},{"p":[-110.48296356201172,1018.7186889648438,-301.4552001953125,-0.9400766491889954,0,-0.34096312522888186,0,1,0,0.34096312522888186,0,-0.9400766491889954]},{"p":[-110.38202667236328,1018.7186889648438,-301.45904541015627,-0.9075300693511963,0,-0.41998714208602908,0,1,0,0.41998714208602908,0,-0.9075300693511963]},{"p":[-110.12067413330078,1018.7186889648438,-301.4670715332031,-0.8306487202644348,0,-0.5567967891693115,0,1,0,0.5567967891693115,0,-0.8306487202644348]},{"p":[-109.8541259765625,1018.7186889648438,-301.4680480957031,-0.7493042349815369,0,-0.6622259020805359,0,1,0,0.6622259020805359,0,-0.7493042349815369]},{"p":[-109.58757781982422,1018.7186889648438,-301.4605712890625,-0.6713407039642334,0,-0.741148829460144,0,1,0,0.741148829460144,0,-0.6713407039642334]},{"p":[-109.32128143310547,1018.7186889648438,-301.44671630859377,-0.5998581647872925,0,-0.8001063466072083,0,1,0,0.8001063466072083,0,-0.5998581647872925]},{"p":[-109.0550308227539,1018.7186889648438,-301.4317932128906,-0.5344090461730957,0,-0.845225989818573,0,1,0,0.845225989818573,0,-0.5344090461730957]},{"p":[-108.65594482421875,1018.7186889648438,-301.4047546386719,-0.44708251953125,0,-0.8944927453994751,0,1,0,0.8944927453994751,0,-0.44708251953125]},{"p":[-108.52312469482422,1018.7186889648438,-301.39306640625,-0.42349934577941897,0,-0.9058964252471924,0,1,0,0.9058964252471924,0,-0.42349934577941897]},{"p":[-108.25778198242188,1018.7186889648438,-301.3665771484375,-0.38175731897354128,0,-0.9242625832557678,0,1,0,0.9242625832557678,0,-0.38175731897354128]},{"p":[-107.99275970458985,1018.7186889648438,-301.33697509765627,-0.34635159373283389,0,-0.9381048083305359,0,1,0,0.9381048083305359,0,-0.34635159373283389]},{"p":[-107.72811889648438,1018.7186889648438,-301.30413818359377,-0.31689968705177309,0,-0.9484590888023377,0,1,0,0.9484590888023377,0,-0.31689968705177309]},{"p":[-107.46369934082031,1018.7186889648438,-301.2696228027344,-0.2920338809490204,0,-0.9564079642295837,0,1,0,0.9564079642295837,0,-0.2920338809490204]},{"p":[-107.19965362548828,1018.7186889648438,-301.2323303222656,-0.27172908186912539,0,-0.9623737931251526,0,1,0,0.9623737931251526,0,-0.27172908186912539]},{"p":[-106.80400085449219,1018.7186889648438,-301.17352294921877,-0.2467905580997467,0,-0.9690688252449036,0,1,0,0.9690688252449036,0,-0.2467905580997467]},{"p":[-106.67229461669922,1018.7186889648438,-301.15277099609377,-0.24048252403736115,0,-0.9706534743309021,0,1,0,0.9706534743309021,0,-0.24048252403736115]},{"p":[-106.40925598144531,1018.7186889648438,-301.1089782714844,-0.23024193942546845,0,-0.9731334447860718,0,1,0,0.9731334447860718,0,-0.23024193942546845]},{"p":[-106.14635467529297,1018.7186889648438,-301.0643310546875,-0.2217743694782257,0,-0.9750980138778687,0,1,0,0.9750980138778687,0,-0.2217743694782257]},{"p":[-105.88388061523438,1018.7186889648438,-301.0172424316406,-0.21563860774040223,0,-0.9764732122421265,0,1,0,0.9764732122421265,0,-0.21563860774040223]},{"p":[-105.62181091308594,1018.7186889648438,-300.9679260253906,-0.21145008504390717,0,-0.9773887991905212,0,1,0,0.9773887991905212,0,-0.21145008504390717]},{"p":[-105.36038970947266,1018.7186889648438,-300.915283203125,-0.20949584245681764,0,-0.9778095483779907,0,1,0,0.9778095483779907,0,-0.20949584245681764]},{"p":[-105.09933471679688,1018.7186889648438,-300.86083984375,-0.20873866975307465,0,-0.9779714345932007,0,1,0,0.9779714345932007,0,-0.20873866975307465]},{"p":[-104.70832061767578,1018.7186889648438,-300.77655029296877,-0.20911501348018647,0,-0.9778910279273987,0,1,0,0.9778910279273987,0,-0.20911501348018647]},{"p":[-104.44802856445313,1018.7186889648438,-300.7185974121094,-0.21020054817199708,0,-0.9776582717895508,0,1,0,0.9776582717895508,0,-0.21020054817199708]},{"p":[-104.31822967529297,1018.7186889648438,-300.6881103515625,-0.21142417192459107,0,-0.9773944020271301,0,1,0,0.9773944020271301,0,-0.21142417192459107]},{"p":[-104.05924224853516,1018.7186889648438,-300.62457275390627,-0.21499541401863099,0,-0.9766150712966919,0,1,0,0.9766150712966919,0,-0.21499541401863099]},{"p":[-103.67204284667969,1018.7186889648438,-300.5241394042969,-0.2222372144460678,0,-0.9749926328659058,0,1,0,0.9749926328659058,0,-0.2222372144460678]},{"p":[-103.54360961914063,1018.7186889648438,-300.4883117675781,-0.22539019584655763,0,-0.9742685556411743,0,1,0,0.9742685556411743,0,-0.22539019584655763]},{"p":[-103.28863525390625,1018.7186889648438,-300.4102478027344,-0.23443351686000825,0,-0.97213214635849,0,1,0,0.97213214635849,0,-0.23443351686000825]},{"p":[-103.03704833984375,1018.7186889648438,-300.3218994140625,-0.2475251704454422,0,-0.9688814878463745,0,1,0,0.9688814878463745,0,-0.2475251704454422]},{"p":[-102.93132019042969,1018.7186889648438,-300.2844543457031,-0.24882057309150697,0,-0.9685496091842651,0,1,0,0.9685496091842651,0,-0.24882057309150697]},{"p":[-102.9266586303711,1018.7186889648438,-300.28277587890627,-0.24885720014572144,0,-0.9685401916503906,0,1,0,0.9685401916503906,0,-0.24885720014572144]},{"p":[-102.92665100097656,1018.7186889648438,-300.28277587890627,-0.24885736405849458,0,-0.9685401320457459,0,1,0,0.9685401320457459,0,-0.24885736405849458]},{"p":[-102.92665100097656,1018.7186889648438,-300.28277587890627,-0.24885736405849458,0,-0.9685401320457459,0,1,0,0.9685401320457459,0,-0.24885736405849458]},{"p":[-102.92665100097656,1018.7186889648438,-300.28277587890627,-0.24885736405849458,0,-0.9685401320457459,0,1,0,0.9685401320457459,0,-0.24885736405849458]},{"p":[-102.92665100097656,1018.7186889648438,-300.28277587890627,-0.24885736405849458,0,-0.9685401320457459,0,1,0,0.9685401320457459,0,-0.24885736405849458]},{"p":[-102.92665100097656,1018.7186889648438,-300.28277587890627,-0.24885736405849458,0,-0.9685401320457459,0,1,0,0.9685401320457459,0,-0.24885736405849458]},{"p":[-102.92665100097656,1018.7186889648438,-300.28277587890627,-0.24885736405849458,0,-0.9685401320457459,0,1,0,0.9685401320457459,0,-0.24885736405849458]},{"p":[-102.92665100097656,1018.7186889648438,-300.28277587890627,-0.24885736405849458,0,-0.9685401320457459,0,1,0,0.9685401320457459,0,-0.24885736405849458]},{"p":[-102.92665100097656,1018.7186889648438,-300.28277587890627,-0.24885736405849458,0,-0.9685401320457459,0,1,0,0.9685401320457459,0,-0.24885736405849458]},{"p":[-102.92665100097656,1018.7186889648438,-300.28277587890627,-0.24885736405849458,0,-0.9685401320457459,0,1,0,0.9685401320457459,0,-0.24885736405849458]},{"p":[-102.92665100097656,1018.7186889648438,-300.28277587890627,-0.24885736405849458,0,-0.9685401320457459,0,1,0,0.9685401320457459,0,-0.24885736405849458]},{"p":[-102.92665100097656,1018.7186889648438,-300.28277587890627,-0.24885736405849458,0,-0.9685401320457459,0,1,0,0.9685401320457459,0,-0.24885736405849458]},{"p":[-102.92665100097656,1018.7186889648438,-300.28277587890627,-0.24885736405849458,0,-0.9685401320457459,0,1,0,0.9685401320457459,0,-0.24885736405849458]},{"p":[-102.92665100097656,1018.7186889648438,-300.28277587890627,-0.24885736405849458,0,-0.9685401320457459,0,1,0,0.9685401320457459,0,-0.24885736405849458]},{"p":[-102.92665100097656,1018.7186889648438,-300.28277587890627,-0.24885736405849458,0,-0.9685401320457459,0,1,0,0.9685401320457459,0,-0.24885736405849458]},{"p":[-102.92665100097656,1018.7186889648438,-300.28277587890627,-0.24885736405849458,0,-0.9685401320457459,0,1,0,0.9685401320457459,0,-0.24885736405849458]},{"p":[-102.92665100097656,1018.7186889648438,-300.28277587890627,-0.24885736405849458,0,-0.9685401320457459,0,1,0,0.9685401320457459,0,-0.24885736405849458]},{"p":[-102.92665100097656,1018.7186889648438,-300.28277587890627,-0.24885736405849458,0,-0.9685401320457459,0,1,0,0.9685401320457459,0,-0.24885736405849458]},{"p":[-102.92665100097656,1018.7186889648438,-300.28277587890627,-0.24885736405849458,0,-0.9685401320457459,0,1,0,0.9685401320457459,0,-0.24885736405849458]},{"p":[-102.92665100097656,1018.7186889648438,-300.28277587890627,-0.24885736405849458,0,-0.9685401320457459,0,1,0,0.9685401320457459,0,-0.24885736405849458]},{"p":[-102.92665100097656,1018.7186889648438,-300.28277587890627,-0.24885736405849458,0,-0.9685401320457459,0,1,0,0.9685401320457459,0,-0.24885736405849458]},{"p":[-102.92665100097656,1018.7186889648438,-300.28277587890627,-0.24885736405849458,0,-0.9685401320457459,0,1,0,0.9685401320457459,0,-0.24885736405849458]}],"d":1.2222521305084229}