{"data":[{"pos":[-112.17582702636719,1018.7186889648438,-303.90045166015627,0.3522889316082001,0,0.9358912706375122,0,1,0,-0.9358912706375122,0,0.3522889316082001]},{"pos":[-112.17582702636719,1018.7186889648438,-303.90045166015627,0.3522889316082001,0,0.9358912706375122,0,1,0,-0.9358912706375122,0,0.3522889316082001]},{"pos":[-112.17582702636719,1018.7186889648438,-303.90045166015627,0.3522889316082001,0,0.9358912706375122,0,1,0,-0.9358912706375122,0,0.3522889316082001]},{"pos":[-112.17582702636719,1018.7186889648438,-303.90045166015627,0.3522889316082001,0,0.9358912706375122,0,1,0,-0.9358912706375122,0,0.3522889316082001]},{"pos":[-112.17582702636719,1018.7186889648438,-303.90045166015627,0.3522889316082001,0,0.9358912706375122,0,1,0,-0.9358912706375122,0,0.3522889316082001]},{"pos":[-112.17582702636719,1018.7186889648438,-303.90045166015627,0.3522889316082001,0,0.9358912706375122,0,1,0,-0.9358912706375122,0,0.3522889316082001]},{"pos":[-112.17582702636719,1018.7186889648438,-303.90045166015627,0.3522889316082001,0,0.9358912706375122,0,1,0,-0.9358912706375122,0,0.3522889316082001]},{"pos":[-112.17582702636719,1018.7186889648438,-303.90045166015627,0.3522889316082001,0,0.9358912706375122,0,1,0,-0.9358912706375122,0,0.3522889316082001]},{"pos":[-112.17582702636719,1018.7186889648438,-303.90045166015627,0.3522889316082001,0,0.9358912706375122,0,1,0,-0.9358912706375122,0,0.3522889316082001]},{"pos":[-112.17582702636719,1018.7186889648438,-303.90045166015627,0.3522889316082001,0,0.9358912706375122,0,1,0,-0.9358912706375122,0,0.3522889316082001]},{"pos":[-112.17582702636719,1018.7186889648438,-303.90045166015627,0.3522889316082001,0,0.9358912706375122,0,1,0,-0.9358912706375122,0,0.3522889316082001]},{"pos":[-112.17582702636719,1018.7186889648438,-303.90045166015627,0.3522889316082001,0,0.9358912706375122,0,1,0,-0.9358912706375122,0,0.3522889316082001]},{"pos":[-112.17582702636719,1018.7186889648438,-303.90045166015627,0.3522889316082001,0,0.9358912706375122,0,1,0,-0.9358912706375122,0,0.3522889316082001]},{"pos":[-112.17582702636719,1018.7186889648438,-303.90045166015627,0.3522889316082001,0,0.9358912706375122,0,1,0,-0.9358912706375122,0,0.3522889316082001]},{"pos":[-112.17582702636719,1018.7186889648438,-303.90045166015627,0.3522889316082001,0,0.9358912706375122,0,1,0,-0.9358912706375122,0,0.3522889316082001]},{"pos":[-112.17582702636719,1018.7186889648438,-303.90045166015627,0.3522889316082001,0,0.9358912706375122,0,1,0,-0.9358912706375122,0,0.3522889316082001]},{"pos":[-112.17582702636719,1018.7186889648438,-303.90045166015627,0.3522889316082001,0,0.9358912706375122,0,1,0,-0.9358912706375122,0,0.3522889316082001]},{"pos":[-112.17582702636719,1018.7186889648438,-303.90045166015627,0.3522889316082001,0,0.9358912706375122,0,1,0,-0.9358912706375122,0,0.3522889316082001]},{"pos":[-112.17582702636719,1018.7186889648438,-303.90045166015627,0.3522889316082001,0,0.9358912706375122,0,1,0,-0.9358912706375122,0,0.3522889316082001]},{"pos":[-112.17582702636719,1018.7186889648438,-303.90045166015627,0.3522889316082001,0,0.9358912706375122,0,1,0,-0.9358912706375122,0,0.3522889316082001]},{"pos":[-112.17582702636719,1018.7186889648438,-303.90045166015627,0.3522889316082001,0,0.9358912706375122,0,1,0,-0.9358912706375122,0,0.3522889316082001]},{"pos":[-112.17582702636719,1018.7186889648438,-303.90045166015627,0.3522889316082001,0,0.9358912706375122,0,1,0,-0.9358912706375122,0,0.3522889316082001]},{"pos":[-112.17582702636719,1018.7186889648438,-303.90045166015627,0.3522889316082001,0,0.9358912706375122,0,1,0,-0.9358912706375122,0,0.3522889316082001]},{"pos":[-112.17582702636719,1018.7186889648438,-303.90045166015627,0.3522889316082001,0,0.9358912706375122,0,1,0,-0.9358912706375122,0,0.3522889316082001]},{"pos":[-112.17582702636719,1018.7186889648438,-303.90045166015627,0.3522889316082001,0,0.9358912706375122,0,1,0,-0.9358912706375122,0,0.3522889316082001]},{"pos":[-112.17582702636719,1018.7186889648438,-303.90045166015627,0.3522889316082001,0,0.9358912706375122,0,1,0,-0.9358912706375122,0,0.3522889316082001]},{"pos":[-112.17582702636719,1018.7186889648438,-303.90045166015627,0.3522889316082001,0,0.9358912706375122,0,1,0,-0.9358912706375122,0,0.3522889316082001]},{"pos":[-112.17582702636719,1018.7186889648438,-303.90045166015627,0.3522889316082001,0,0.9358912706375122,0,1,0,-0.9358912706375122,0,0.3522889316082001]},{"pos":[-112.17582702636719,1018.7186889648438,-303.90045166015627,0.3522889316082001,0,0.9358912706375122,0,1,0,-0.9358912706375122,0,0.3522889316082001]},{"pos":[-112.17582702636719,1018.7186889648438,-303.90045166015627,0.3522889316082001,0,0.9358912706375122,0,1,0,-0.9358912706375122,0,0.3522889316082001]},{"pos":[-112.17582702636719,1018.7186889648438,-303.90045166015627,0.3522889316082001,0,0.9358912706375122,0,1,0,-0.9358912706375122,0,0.3522889316082001]},{"pos":[-112.17582702636719,1018.7186889648438,-303.90045166015627,0.3522889316082001,0,0.9358912706375122,0,1,0,-0.9358912706375122,0,0.3522889316082001]},{"pos":[-112.17582702636719,1018.7186889648438,-303.90045166015627,0.3522889316082001,0,0.9358912706375122,0,1,0,-0.9358912706375122,0,0.3522889316082001]},{"pos":[-112.17582702636719,1018.7186889648438,-303.90045166015627,0.3522889316082001,0,0.9358912706375122,0,1,0,-0.9358912706375122,0,0.3522889316082001]},{"pos":[-112.17582702636719,1018.7186889648438,-303.90045166015627,0.3522889316082001,0,0.9358912706375122,0,1,0,-0.9358912706375122,0,0.3522889316082001]},{"pos":[-112.17582702636719,1018.7186889648438,-303.90045166015627,0.3522889316082001,0,0.9358912706375122,0,1,0,-0.9358912706375122,0,0.3522889316082001]},{"pos":[-112.17582702636719,1018.7186889648438,-303.90045166015627,0.3522889316082001,0,0.9358912706375122,0,1,0,-0.9358912706375122,0,0.3522889316082001]},{"pos":[-112.17582702636719,1018.7186889648438,-303.90045166015627,0.3522889316082001,0,0.9358912706375122,0,1,0,-0.9358912706375122,0,0.3522889316082001]},{"pos":[-112.17582702636719,1018.7186889648438,-303.90045166015627,0.3522889316082001,0,0.9358912706375122,0,1,0,-0.9358912706375122,0,0.3522889316082001]},{"pos":[-112.17582702636719,1018.7186889648438,-303.90045166015627,0.3522889316082001,0,0.9358912706375122,0,1,0,-0.9358912706375122,0,0.3522889316082001]},{"pos":[-112.17582702636719,1018.7186889648438,-303.90045166015627,0.3522889316082001,0,0.9358912706375122,0,1,0,-0.9358912706375122,0,0.3522889316082001]},{"pos":[-112.17582702636719,1018.7186889648438,-303.90045166015627,0.3522889316082001,0,0.9358912706375122,0,1,0,-0.9358912706375122,0,0.3522889316082001]},{"pos":[-112.17582702636719,1018.7186889648438,-303.90045166015627,0.3522889316082001,0,0.9358912706375122,0,1,0,-0.9358912706375122,0,0.3522889316082001]},{"pos":[-112.17582702636719,1018.7186889648438,-303.90045166015627,0.3522889316082001,0,0.9358912706375122,0,1,0,-0.9358912706375122,0,0.3522889316082001]},{"pos":[-112.17582702636719,1018.7186889648438,-303.90045166015627,0.3522889316082001,0,0.9358912706375122,0,1,0,-0.9358912706375122,0,0.3522889316082001]},{"pos":[-112.1538314819336,1018.7186889648438,-303.9424743652344,0.5343700051307678,0,0.84525066614151,0,1,0,-0.84525066614151,0,0.5343700051307678]},{"pos":[-112.08063507080078,1018.7186889648438,-304.0648498535156,0.6971139311790466,0,0.7169603705406189,0,1,0,-0.7169603705406189,0,0.6971139311790466]},{"pos":[-111.8906478881836,1018.7186889648438,-304.3531188964844,0.8675165772438049,0,0.49740827083587649,0,1,0,-0.49740827083587649,0,0.8675165772438049]},{"pos":[-111.81350708007813,1018.7186889648438,-304.4590759277344,0.9043126106262207,0,0.42687085270881655,0,1,0,-0.42687085270881655,0,0.9043126106262207]},{"pos":[-111.65096282958985,1018.7186889648438,-304.6700134277344,0.9573154449462891,0,0.2890452444553375,0,1,0,-0.2890452444553375,0,0.9573154449462891]},{"pos":[-111.48263549804688,1018.7186889648438,-304.8768310546875,0.9870322942733765,0,0.16052192449569703,0,1,0,-0.16052192449569703,0,0.9870322942733765]},{"pos":[-111.30583190917969,1018.7186889648438,-305.0764465332031,0.9991402626037598,0,0.041457779705524448,0,1,0,-0.041457779705524448,0,0.9991402626037598]},{"pos":[-111.12071990966797,1018.7186889648438,-305.26837158203127,0.9977015256881714,0,-0.06776227056980133,0,1,0,0.06776227056980133,0,0.9977015256881714]},{"pos":[-110.92927551269531,1018.7186889648438,-305.4539794921875,0.986108124256134,0,-0.16610470414161683,0,1,0,0.16610470414161683,0,0.986108124256134]},{"pos":[-110.73200225830078,1018.7186889648438,-305.6333923339844,0.9671914577484131,0,-0.25404849648475649,0,1,0,0.25404849648475649,0,0.9671914577484131]},{"pos":[-110.52865600585938,1018.7186889648438,-305.8058776855469,0.9429765939712524,0,-0.33285900950431826,0,1,0,0.33285900950431826,0,0.9429765939712524]},{"pos":[-110.31987762451172,1018.7186889648438,-305.97174072265627,0.9151198267936707,0,-0.4031820297241211,0,1,0,0.4031820297241211,0,0.9151198267936707]},{"pos":[-110.10374450683594,1018.7186889648438,-306.12786865234377,0.8839561939239502,0,-0.4675697684288025,0,1,0,0.4675697684288025,0,0.8839561939239502]},{"pos":[-109.87997436523438,1018.7186889648438,-306.2728576660156,0.8497706055641174,0,-0.5271527171134949,0,1,0,0.5271527171134949,0,0.8497706055641174]},{"pos":[-109.64962005615235,1018.7186889648438,-306.40716552734377,0.8132727742195129,0,-0.581882655620575,0,1,0,0.581882655620575,0,0.8132727742195129]},{"pos":[-109.41328430175781,1018.7186889648438,-306.5306396484375,0.7749135494232178,0,-0.6320672631263733,0,1,0,0.6320672631263733,0,0.7749135494232178]},{"pos":[-109.1712646484375,1018.7186889648438,-306.6425476074219,0.7348342537879944,0,-0.6782467365264893,0,1,0,0.6782467365264893,0,0.7348342537879944]},{"pos":[-108.92364501953125,1018.7186889648438,-306.7414245605469,0.692804217338562,0,-0.7211257219314575,0,1,0,0.7211257219314575,0,0.692804217338562]},{"pos":[-108.67137908935547,1018.7186889648438,-306.82781982421877,0.6492955684661865,0,-0.7605361938476563,0,1,0,0.7605361938476563,0,0.6492955684661865]},{"pos":[-108.41632843017578,1018.7186889648438,-306.9056091308594,0.6061772108078003,0,-0.7953296303749085,0,1,0,0.7953296303749085,0,0.6061772108078003]},{"pos":[-108.1600341796875,1018.7186889648438,-306.9792785644531,0.5655069351196289,0,-0.8247435688972473,0,1,0,0.8247435688972473,0,0.5655069351196289]},{"pos":[-107.9028549194336,1018.7186889648438,-307.0497741699219,0.527760922908783,0,-0.8493929505348206,0,1,0,0.8493929505348206,0,0.527760922908783]},{"pos":[-107.64539337158203,1018.7186889648438,-307.1192626953125,0.4937611222267151,0,-0.8695975542068481,0,1,0,0.8695975542068481,0,0.4937611222267151]},{"pos":[-107.38786315917969,1018.7186889648438,-307.18841552734377,0.46257680654525759,0,-0.8865792155265808,0,1,0,0.8865792155265808,0,0.46257680654525759]},{"pos":[-107.13044738769531,1018.7186889648438,-307.2580261230469,0.4352436363697052,0,-0.9003127217292786,0,1,0,0.9003127217292786,0,0.4352436363697052]},{"pos":[-106.87356567382813,1018.7186889648438,-307.32958984375,0.4121960699558258,0,-0.911095142364502,0,1,0,0.911095142364502,0,0.4121960699558258]},{"pos":[-106.61730194091797,1018.7186889648438,-307.4033203125,0.3932305574417114,0,-0.9194399118423462,0,1,0,0.9194399118423462,0,0.3932305574417114]},{"pos":[-106.36153411865235,1018.7186889648438,-307.478759765625,0.3777279853820801,0,-0.9259166121482849,0,1,0,0.9259166121482849,0,0.3777279853820801]},{"pos":[-106.10667419433594,1018.7186889648438,-307.5572204589844,0.3657236695289612,0,-0.9307234883308411,0,1,0,0.9307234883308411,0,0.3657236695289612]},{"pos":[-105.8525390625,1018.7186889648438,-307.63800048828127,0.35662633180618288,0,-0.9342470765113831,0,1,0,0.9342470765113831,0,0.35662633180618288]},{"pos":[-105.59909057617188,1018.7186889648438,-307.7209167480469,0.349927693605423,0,-0.9367766976356506,0,1,0,0.9367766976356506,0,0.349927693605423]},{"pos":[-105.38941955566406,1018.71533203125,-307.74505615234377,0.38702094554901125,-0.012083831243216992,-0.921991765499115,-0.0014422853710129858,0.999904990196228,-0.013710401952266693,0.922069787979126,0.0066359881311655048,0.386966735124588]},{"pos":[-105.22381591796875,1018.7161254882813,-307.71258544921877,0.46180617809295657,-0.006802322342991829,-0.8869547843933106,0.0009310510940849781,0.9999737739562988,-0.0071843331679701809,0.8869803547859192,0.0024919691495597364,0.46180036664009097]},{"pos":[-105.06304931640625,1018.7171630859375,-307.6900939941406,0.5363045930862427,-0.0023864770773798229,-0.8440211415290833,-0.0002307029499206692,0.9999955296516419,-0.002974088303744793,0.8440244793891907,0.001789735397323966,0.5363016128540039]},{"pos":[-104.8959732055664,1018.7175903320313,-307.6727294921875,0.6027868986129761,0.002144694095477462,-0.7978993058204651,0.0002789214486256242,0.999995768070221,0.0028986302204430105,0.7979021668434143,-0.0019698075484484436,0.602783739566803]},{"pos":[-104.72331237792969,1018.7176513671875,-307.6522521972656,0.6640703082084656,-0.002056925790384412,-0.7476672530174255,-0.0001770838425727561,0.999995768070221,-0.002908397000283003,0.7476701140403748,0.002063780091702938,0.6640671491622925]},{"pos":[-104.54170989990235,1018.718505859375,-307.6311340332031,0.7159250378608704,0.00009742639667820185,-0.69817715883255,-0.00007999005902092904,1,0.00005752052675234154,0.69817715883255,0.000014666848983324599,0.7159250378608704]},{"pos":[-104.35533142089844,1018.718505859375,-307.603515625,0.7595776915550232,0.000013091048458591104,-0.6504165530204773,-4.834425340050075e-7,1,0.00001956259620783385,0.6504165530204773,-0.000014544873010891024,0.7595776915550232]},{"pos":[-104.15787506103516,1018.7181396484375,-307.5704040527344,0.7923044562339783,-0.002455654088407755,-0.610120952129364,0.0002793346648104489,0.9999932646751404,-0.0036620923783630134,0.6101258397102356,0.002731064334511757,0.7922998070716858]},{"pos":[-103.95462799072266,1018.7183837890625,-307.52081298828127,0.8178751468658447,-0.0022049073595553638,-0.5753915309906006,0.0001643505966058001,0.9999935030937195,-0.003598375478759408,0.5753957033157349,0.0028484559152275326,0.8178701996803284]},{"pos":[-103.74291229248047,1018.7186279296875,-307.4477844238281,0.8301776647567749,-0.0021054171957075598,-0.5574949383735657,0.00013178896915633231,0.9999935626983643,-0.0035802931524813177,0.5574989318847656,0.0028988076373934747,0.830172598361969]},{"pos":[-103.52983093261719,1018.7188110351563,-307.34722900390627,0.8268991708755493,-0.002095838775858283,-0.562346339225769,0.00009742531256051734,0.9999935626983643,-0.0035836712922900917,0.5623502135276794,0.002908548107370734,0.8268940448760986]},{"pos":[-103.32022094726563,1018.7188110351563,-307.2159118652344,0.8041761517524719,-0.0021298499777913095,-0.5943872332572937,-0.000009576541742717382,0.9999935626983643,-0.003596203401684761,0.5943910479545593,0.002897673286497593,0.8041709065437317]},{"pos":[-103.11981964111328,1018.7189331054688,-307.05181884765627,0.7565475702285767,-0.0010125634726136923,-0.6539378762245178,-0.00025367943453602493,0.9999982714653015,-0.0018418909749016166,0.6539385914802551,0.0015593688003718854,0.7565460205078125]},{"pos":[-102.92776489257813,1018.7189331054688,-306.86663818359377,0.675087571144104,-0.0021476310212165119,-0.7377344369888306,-0.00048260428593494,0.9999942779541016,-0.0033527223858982326,0.7377374172210693,0.002619415055960417,0.6750826835632324]},{"pos":[-102.74337005615235,1018.7188720703125,-306.6687927246094,0.5535234212875366,-0.002520335605368018,-0.8328298330307007,-0.0007520279032178223,0.9999935030937195,-0.003526031505316496,0.8328332901000977,0.0025780522264540197,0.5535178780555725]},{"pos":[-102.57090759277344,1018.7188720703125,-306.4653015136719,0.3902168273925781,-0.0005597524577751756,-0.9207228422164917,-0.00037154590245336294,0.9999996423721314,-0.0007654157234355807,0.9207229018211365,0.0006407688488252461,0.3902164697647095]},{"pos":[-102.42375946044922,1018.7188720703125,-306.2431945800781,0.21070075035095216,0.00017674051923677325,-0.9775505661964417,0.000029353170248214157,1,0.00018712611927185208,0.9775506258010864,-0.00006812182255089283,0.21070073544979096]},{"pos":[-102.30591583251953,1018.7188720703125,-306.0043029785156,0.030561545863747598,0.00011404079850763083,-0.9995328783988953,0.00008182659075828269,1,0.00011659600568236783,0.9995328783988953,-0.00008535171946277842,0.0305615346878767]},{"pos":[-102.19420623779297,1018.7188720703125,-305.7621765136719,-0.1324981153011322,0.00000889783950697165,-0.9911832809448242,0.000020186225810903126,1,0.0000062785588852420919,0.9911832809448242,-0.000019176351997884923,-0.1324981153011322]},{"pos":[-102.11210632324219,1018.7188720703125,-305.5088195800781,-0.283444881439209,-0.00001095416610041866,-0.9589885473251343,-0.000006315130576695083,1,-0.000009556083568895702,0.9589885473251343,0.0000033475148484285457,-0.283444881439209]},{"pos":[-102.08113861083985,1018.7188720703125,-305.24468994140627,-0.430467426776886,-0.0000039576930248585999,-0.9026061296463013,-0.000004587338025885401,1,-0.0000021969642602925889,0.9026061296463013,0.0000031948377454682488,-0.430467426776886]},{"pos":[-102.08078002929688,1018.7188720703125,-304.91156005859377,-0.5946019291877747,4.828719397664827e-7,-0.8040202260017395,9.37898008146476e-8,1,5.312109010446875e-7,0.8040202260017395,2.4045013446993837e-7,-0.5946019291877747]},{"pos":[-102.09264373779297,1018.7188720703125,-304.71197509765627,-0.6759642958641052,5.120305104355793e-7,-0.7369343638420105,4.921986942463263e-7,1,2.433347958685772e-7,0.7369343638420105,-1.9823251307116153e-7,-0.6759642958641052]},{"pos":[-102.1249008178711,1018.7188720703125,-304.3802185058594,-0.7842860817909241,5.4862425713508858e-8,-0.6203993558883667,9.876637818706513e-8,1,-3.642599821773729e-8,0.6203993558883667,-8.984299881831248e-8,-0.7842860817909241]},{"pos":[-102.14875793457031,1018.7120361328125,-304.181640625,-0.8329813480377197,-4.1290373786750936e-8,-0.5533010959625244,-3.1378871057086147e-8,1,-2.7385379297584224e-8,0.5533010959625244,-5.4495457035841358e-9,-0.8329813480377197]},{"pos":[-102.18364715576172,1018.7120971679688,-303.9172668457031,-0.8825875520706177,-8.499888082269536e-8,-0.47014811635017397,-1.0206944978108368e-7,1,1.0818603790596626e-8,0.47014811635017397,5.7536126973900539e-8,-0.8825875520706177]},{"pos":[-102.21851348876953,1018.7146606445313,-303.6528625488281,-0.918916642665863,-7.0306278132648e-8,-0.3944517970085144,-9.086686958426071e-8,1,3.3445903824258497e-8,0.3944517970085144,6.657659668007909e-8,-0.918916642665863]},{"pos":[-102.25336456298828,1018.7164916992188,-303.3884582519531,-0.9451148509979248,-5.6344230614513438e-8,-0.32673826813697817,-7.809309465756087e-8,1,5.3445578629407467e-8,0.32673826813697817,7.602821483487787e-8,-0.9451148509979248]},{"pos":[-102.28821563720703,1018.717529296875,-303.1240539550781,-0.9637551307678223,-4.3009592332055038e-8,-0.2667883038520813,-6.433566568375682e-8,1,7.11959202703838e-8,0.2667883038520813,8.577944043963726e-8,-0.9637551307678223]},{"pos":[-102.32306671142578,1018.7180786132813,-302.8596496582031,-0.9768125414848328,-3.0210841828193227e-8,-0.21409647166728974,-5.0009912655468727e-8,1,8.706108189926454e-8,0.21409647166728974,9.574930004419002e-8,-0.9768125414848328]},{"pos":[-102.3753433227539,1018.718505859375,-302.4630432128906,-0.9894050359725952,-1.1849527581375696e-8,-0.1451815813779831,-2.7837440796929515e-8,1,1.0809205974737779e-7,0.1451815813779831,1.1098831009803689e-7,-0.9894050359725952]},{"pos":[-102.41019439697266,1018.7186279296875,-302.1986389160156,-0.9941837191581726,-8.528138611962888e-11,-0.107697494328022,-1.3146962629662085e-8,1,1.2057118681241264e-7,0.107697494328022,1.21285808063476e-7,-0.9941837191581726]},{"pos":[-102.42761993408203,1018.7186889648438,-302.0664367675781,-0.9958127737045288,5.679239745148834e-9,-0.09141630679368973,-5.905398836603126e-9,1,1.2645350011553092e-7,0.09141630679368973,1.264638598286183e-7,-0.9958127737045288]},{"pos":[-102.46247100830078,1018.7186889648438,-301.8020324707031,-0.9981043934822083,1.7009700314929434e-8,-0.06154392659664154,8.554454034026549e-9,1,1.376490530446972e-7,0.06154392659664154,1.3686164379578259e-7,-0.9981043934822083]},{"pos":[-102.49732208251953,1018.7186889648438,-301.5376281738281,-0.9993693828582764,1.5846016054865687e-8,-0.03550826758146286,1.3123307773810211e-8,1,7.691122760888902e-8,0.03550826758146286,7.639673782477985e-8,-0.9993693828582764]},{"pos":[-102.54959869384766,1018.7186889648438,-301.1410217285156,-0.9999982714653015,1.6105953903888804e-8,-0.0018628948600962759,1.6132492675069444e-8,1,-1.4230665534853415e-8,0.0018628948600962759,-1.4260693959045057e-8,-0.9999982714653015]},{"pos":[-102.5844497680664,1018.7186889648438,-300.8766174316406,-0.9998673796653748,1.7444424571522178e-8,0.016285374760627748,1.622660050770719e-8,1,-7.49113908682375e-8,-0.016285374760627748,-7.463719953193504e-8,-0.9998673796653748]},{"pos":[-102.59514617919922,1018.7186889648438,-300.7955017089844,-0.9998421669006348,1.83835489053763e-8,0.017767807468771936,1.651854297790578e-8,1,-1.0511215720043765e-7,-0.017767807468771936,-1.0480206924512459e-7,-0.9998421669006348]},{"pos":[-102.59966278076172,1018.7186889648438,-300.7611999511719,-0.9998369812965393,1.0578509623826449e-8,0.018055209890007974,8.96940210992625e-9,1,-8.920248006916154e-8,-0.018055209890007974,-8.902599546445345e-8,-0.9998369812965393]},{"pos":[-102.59974670410156,1018.7186889648438,-300.7605285644531,-0.9998368620872498,2.77846412544136e-9,0.018063152208924295,1.4546359672351628e-9,1,-7.330201867716824e-8,-0.018063152208924295,-7.326378437255699e-8,-0.9998368620872498]},{"pos":[-102.59974670410156,1018.7186889648438,-300.7605285644531,-0.9998368620872498,-8.909180060356903e-9,0.01806337758898735,-9.804495881837738e-9,1,-4.947670362298595e-8,-0.01806337758898735,-4.964573108168224e-8,-0.9998368620872498]},{"pos":[-102.59974670410156,1018.7186889648438,-300.7605285644531,-0.9998368620872498,-1.2801733006995164e-8,0.01806337758898735,-1.3554328326392806e-8,1,-4.1541714068671357e-8,-0.01806337758898735,-4.177977430686042e-8,-0.9998368620872498]},{"pos":[-102.59974670410156,1018.7186889648438,-300.7605285644531,-0.9998368620872498,-2.058184911390981e-8,0.01806337758898735,-2.1049185505717106e-8,1,-2.5681908155661405e-8,-0.01806337758898735,-2.6057936253209847e-8,-0.9998368620872498]},{"pos":[-102.59974670410156,1018.7186889648438,-300.7605285644531,-0.9998368620872498,-3.223956213105339e-8,0.01806337758898735,-3.2279469763807359e-8,1,-1.9175976362362236e-9,-0.01806337758898735,-2.5003608072893259e-9,-0.9998368620872498]},{"pos":[-102.59974670410156,1018.7186889648438,-300.7605285644531,-0.9998368620872498,-4.0003076406947e-8,0.01806337758898735,-3.9758329961614439e-8,1,1.3908359797198955e-8,-0.01806337758898735,1.3187920977486556e-8,-0.9998368620872498]},{"pos":[-102.59974670410156,1018.7186889648438,-300.7605285644531,-0.9998368620872498,-4.7759954213688619e-8,0.01806337758898735,-4.723080238022703e-8,1,2.9720800043264718e-8,-0.01806337758898735,2.886280370262284e-8,-0.9998368620872498]},{"pos":[-102.59974670410156,1018.7186889648438,-300.7605285644531,-0.9998368620872498,-5.16359079938411e-8,0.01806337758898735,-5.096464406051382e-8,1,3.762195532885926e-8,-0.01806337758898735,3.669522286031679e-8,-0.9998368620872498]},{"pos":[-102.59974670410156,1018.7186889648438,-300.7605285644531,-0.9998368620872498,-5.938284886042311e-8,0.01806337758898735,-5.842754191576205e-8,1,5.341413711335008e-8,-0.01806337758898735,5.2350024759562078e-8,-0.9998368620872498]},{"pos":[-102.59974670410156,1018.7186889648438,-300.7605285644531,-0.9998368620872498,-6.712316746870784e-8,0.01806337758898735,-6.588406620267051e-8,1,6.919283634942986e-8,-0.01806337758898735,6.799145779723404e-8,-0.9998368620872498]},{"pos":[-102.59974670410156,1018.7186889648438,-300.7605285644531,-0.9998368620872498,-7.872125706853694e-8,0.01806337758898735,-7.705690308057456e-8,1,9.283562008022273e-8,-0.01806337758898735,9.142856072230643e-8,-0.9998368620872498]},{"pos":[-102.59974670410156,1018.7186889648438,-300.7605285644531,-0.9998368620872498,-6.476308556102595e-8,0.01806337758898735,-6.331350732580177e-8,1,8.082164271172587e-8,-0.01806337758898735,7.966479387278014e-8,-0.9998368620872498]},{"pos":[-102.59974670410156,1018.7186889648438,-300.7605285644531,-0.9998368620872498,-4.6949811149943346e-8,0.01806337758898735,-4.5856474173433529e-8,1,6.094196436379207e-8,-0.01806337758898735,6.010370157127909e-8,-0.9998368620872498]},{"pos":[-102.59974670410156,1018.7186889648438,-300.7605285644531,-0.9998368620872498,-1.1346085848629173e-8,0.01806337758898735,-1.0964784635802971e-8,1,2.120809838856985e-8,-0.01806337758898735,2.100657603421041e-8,-0.9998368620872498]},{"pos":[-102.59974670410156,1018.7186889648438,-300.7605285644531,-0.9998368620872498,2.422721756545343e-8,0.01806337758898735,2.389709230499193e-8,1,-1.8491824960165105e-8,-0.01806337758898735,-1.8057146888850185e-8,-0.9998368620872498]},{"pos":[-102.59974670410156,1018.7186889648438,-300.7605285644531,-0.9998368620872498,7.7530188491437e-8,0.01806337758898735,7.613406438622406e-8,1,-7.797812884291489e-8,-0.01806337758898735,-7.659016887373582e-8,-0.9998368620872498]},{"pos":[-102.59974670410156,1018.7186889648438,-300.7605285644531,-0.9998368620872498,6.055041978925147e-8,0.01806337758898735,5.941883784998936e-8,1,-6.318197875998522e-8,-0.01806337758898735,-6.209836556081427e-8,-0.9998368620872498]},{"pos":[-102.46592712402344,1018.7186889648438,-300.68328857421877,-0.9939393401145935,4.39673790708639e-8,-0.1099298894405365,4.895350258493636e-8,1,-4.2658413690332966e-8,0.1099298894405365,-4.778132733918028e-8,-0.9939393401145935]},{"pos":[-102.3543701171875,1018.7186889648438,-300.6183776855469,-0.9849916696548462,3.6148723125961627e-8,-0.1726018339395523,4.2608238715047267e-8,1,-3.371944501395774e-8,0.1726018339395523,-4.056763103221783e-8,-0.9849916696548462]},{"pos":[-102.12382507324219,1018.7186889648438,-300.4857482910156,-0.9579229354858398,2.130320986282186e-8,-0.287025511264801,2.789583142259744e-8,1,-1.8879321217468715e-8,0.287025511264801,-2.609175098200467e-8,-0.9579229354858398]},{"pos":[-101.89373779296875,1018.7186889648438,-300.3509826660156,-0.9239155054092407,7.315856809242405e-9,-0.38259661197662356,1.1197927918260575e-8,1,-7.919782163412492e-9,0.38259661197662356,-1.1601499316782338e-8,-0.9239155054092407]},{"pos":[-101.54874420166016,1018.7186889648438,-300.1485595703125,-0.8661031723022461,-1.2528056814176125e-8,-0.49986526370048525,-1.5893528271249126e-8,1,2.475424754067035e-9,0.49986526370048525,1.0088595736590378e-8,-0.8661031723022461]},{"pos":[-101.43444061279297,1018.7186889648438,-300.0799255371094,-0.8479622602462769,-1.8906069598756404e-8,-0.5300565958023071,-2.520666164684826e-8,1,4.656538710179348e-9,0.5300565958023071,1.7309526256781284e-8,-0.8479622602462769]},{"pos":[-101.2091293334961,1018.7186889648438,-299.93731689453127,-0.8143771290779114,-3.1422047186424609e-8,-0.5803360342979431,-4.4010548094775007e-8,1,7.614790575871666e-9,0.5803360342979431,3.174221774315811e-8,-0.8143771290779114]},{"pos":[-100.98410034179688,1018.7186889648438,-299.79425048828127,-0.7830160856246948,-4.3689482254194448e-8,-0.6220014691352844,-6.29236325266902e-8,1,8.972212306446181e-9,0.6220014691352844,4.61639793059021e-8,-0.7830160856246948]},{"pos":[-100.64860534667969,1018.7186889648438,-299.5764465332031,-0.7406682968139648,-6.174732902763935e-8,-0.6718708276748657,-9.128235944899643e-8,1,8.725812072896133e-9,0.6718708276748657,6.779288952429852e-8,-0.7406682968139648]},{"pos":[-100.42500305175781,1019.591796875,-299.4310607910156,-0.7110483050346375,-7.36147711677404e-8,-0.7031431198120117,-1.1015033152261822e-7,1,6.6948477872585958e-9,0.7031431198120117,8.221181246881315e-8,-0.7110483050346375]},{"pos":[-100.15084075927735,1020.6107788085938,-299.24151611328127,-0.6849353313446045,-8.830562592265778e-8,-0.7286038398742676,-1.3352176608805167e-7,1,4.320805935265071e-9,0.7286038398742676,1.0024395180607826e-7,-0.6849353313446045]},{"pos":[-100.04186248779297,1020.9945678710938,-299.1647033691406,-0.6769757866859436,-9.415177970595323e-8,-0.7360053062438965,-1.428290516969355e-7,1,3.4511096203004856e-9,0.7360053062438965,1.074592574923372e-7,-0.6769757866859436]},{"pos":[-99.82535552978516,1021.72119140625,-299.009033203125,-0.6640737652778626,-1.0580626508271962e-7,-0.7476670742034912,-1.613981481796145e-7,1,1.8377367405619794e-9,0.7476670742034912,1.2189246945126798e-7,-0.6640737652778626]},{"pos":[-99.50093841552735,1022.708984375,-298.7750244140625,-0.6480421423912048,-1.0042346332284069e-7,-0.7616044878959656,-1.5408318176923786e-7,1,-7.498329179789209e-10,0.7616044878959656,1.1686451983905499e-7,-0.6480421423912048]},{"pos":[-99.3392105102539,1023.1568603515625,-298.6573486328125,-0.6415319442749023,-7.496861087474827e-8,-0.7670962810516357,-1.1533866484114697e-7,1,-1.2712455532692957e-9,0.7670962810516357,8.766031811546782e-8,-0.6415319442749023]},{"pos":[-99.1252670288086,1023.7064208984375,-298.4981689453125,-0.6350734829902649,-4.1088753732765329e-8,-0.7724517583847046,-6.372303573698446e-8,1,-8.025713982284799e-10,0.7724517583847046,4.871327519140323e-8,-0.6350734829902649]},{"pos":[-98.9652328491211,1024.0828857421876,-298.37823486328127,-0.6312423944473267,-1.5717269263859636e-8,-0.7755855917930603,-2.5047274476719396e-8,1,1.207229594069048e-10,0.7755855917930603,1.9502509829294469e-8,-0.6312423944473267]},{"pos":[-98.6985855102539,1024.64208984375,-298.1781921386719,-0.6258692145347595,2.6503990113724286e-8,-0.7799280285835266,3.9342552327070737e-8,1,2.4113731011965457e-9,0.7799280285835266,-2.9175156512906143e-8,-0.6258692145347595]},{"pos":[-98.48651885986328,1025.0281982421876,-298.0165100097656,-0.6228906512260437,6.022830945084934e-8,-0.7823088765144348,9.079533214162439e-8,1,4.694743260813539e-9,0.7823088765144348,-6.810568464743483e-8,-0.6228906512260437]},{"pos":[-98.2761001586914,1025.3597412109376,-297.8526916503906,-0.6213953495025635,9.391329314212271e-8,-0.783497154712677,1.422046977950231e-7,1,7.081013109200285e-9,0.783497154712677,-1.0701687358505296e-7,-0.6213953495025635]},{"pos":[-98.06616973876953,1025.6365966796876,-297.68829345703127,-0.6206132173538208,8.09435718451823e-8,-0.784116804599762,1.228021631050069e-7,1,6.033439525765516e-9,0.784116804599762,-9.254681287984568e-8,-0.6206132173538208]},{"pos":[-97.85714721679688,1025.8592529296876,-297.5226745605469,-0.6205050945281982,6.798565266308288e-8,-0.7842023968696594,1.0342218104142376e-7,1,4.8605586222549849e-9,0.7842023968696594,-7.808792901187189e-8,-0.6205050945281982]},{"pos":[-97.64863586425781,1026.0272216796876,-297.3564453125,-0.6208126544952393,5.5038622548408969e-8,-0.7839589715003967,8.406117046888539e-8,1,3.6384362189778587e-9,0.7839589715003967,-6.364172122630407e-8,-0.6208126544952393]},{"pos":[-97.440185546875,1026.1407470703126,-297.190185546875,-0.6211936473846436,4.2102090702655917e-8,-0.7836570739746094,6.471637448157708e-8,1,2.4254038777371535e-9,0.7836570739746094,-4.920880058989496e-8,-0.6211936473846436]},{"pos":[-97.23209381103516,1026.1998291015626,-297.0234069824219,-0.6217228174209595,2.917593100448812e-8,-0.7832373380661011,4.538769005080212e-8,1,1.2223241308007005e-9,0.7832373380661011,-3.4789387370892658e-8,-0.6217228174209595]},{"pos":[-97.0246353149414,1026.2042236328126,-296.8558654785156,-0.6225497126579285,1.6259781077110348e-8,-0.7825802564620972,2.6074669534636997e-8,1,3.450458321840877e-11,0.7825802564620972,-2.0384041121701558e-8,-0.6225497126579285]},{"pos":[-96.81726837158203,1026.154296875,-296.68817138671877,-0.6233997344970703,3.3533302801203037e-9,-0.7819032669067383,6.776597949453844e-9,1,-1.1142035072353452e-9,0.7819032669067383,-5.993238350043839e-9,-0.6233997344970703]},{"pos":[-96.66201782226563,1026.0810546875,-296.5621032714844,-0.6240991353988648,-6.320164835926789e-9,-0.7813451290130615,-7.687289915736529e-9,1,-1.948605943269399e-9,0.7813451290130615,4.790303265167495e-9,-0.6240991353988648]},{"pos":[-96.4551010131836,1025.935546875,-296.3938903808594,-0.6250147819519043,-1.920978753844338e-8,-0.7806128859519959,-2.6959433796491795e-8,1,-3.022936345686844e-9,0.7806128859519959,1.9155502073431309e-8,-0.6250147819519043]},{"pos":[-96.19646453857422,1025.6773681640626,-296.1836242675781,-0.6260237693786621,-3.5308236334685719e-8,-0.779803991317749,-5.1028006708975229e-8,1,-4.313253310073151e-9,0.779803991317749,3.709164175802471e-8,-0.6260237693786621]},{"pos":[-95.98944091796875,1025.4093017578126,-296.0155334472656,-0.6266574859619141,-4.817592724748465e-8,-0.7792948484420776,-7.026478243687962e-8,1,-5.317598361642695e-9,0.7792948484420776,5.14246671912133e-8,-0.6266574859619141]},{"pos":[-95.78229522705078,1025.0869140625,-295.8475646972656,-0.6271186470985413,-6.103349647901268e-8,-0.778923749923706,-8.948485685777996e-8,1,-6.311112965562415e-9,0.778923749923706,6.574406086201634e-8,-0.6271186470985413]},{"pos":[-95.57514190673828,1024.7099609375,-295.6795959472656,-0.627485454082489,-7.388073441916277e-8,-0.7786282896995544,-1.0868843247635596e-7,1,-7.295303916521334e-9,0.7786282896995544,8.005019225265642e-8,-0.627485454082489]},{"pos":[-95.36798858642578,1024.2783203125,-295.5116271972656,-0.6277955174446106,-8.671753448652453e-8,-0.7783783078193665,-1.2787562297944533e-7,1,-8.270777840380106e-9,0.7783783078193665,9.43432496569585e-8,-0.6277955174446106]},{"pos":[-95.16083526611328,1023.7923583984375,-295.3436584472656,-0.628061056137085,-9.95438256268244e-8,-0.7781640887260437,-1.47046407050766e-7,1,-9.239326637100476e-9,0.7781640887260437,1.086233680780424e-7,-0.628061056137085]},{"pos":[-94.95368194580078,1023.2518310546875,-295.1756896972656,-0.6282889246940613,-1.1235955810207088e-7,-0.7779800891876221,-1.6620074916318118e-7,1,-1.0202657385605108e-8,0.7779800891876221,1.228906683081732e-7,-0.6282889246940613]},{"pos":[-94.74641418457031,1022.6568603515625,-295.0079345703125,-0.628429651260376,-1.1324370063903189e-7,-0.7778664231300354,-1.6767162946962345e-7,1,-1.0122409577206782e-8,0.7778664231300354,1.2406491123329034e-7,-0.628429651260376]},{"pos":[-94.53911590576172,1022.0073852539063,-294.8402099609375,-0.6285260319709778,-7.837940074750805e-8,-0.7777885794639587,-1.1616427286753606e-7,1,-6.9005023917156908e-9,0.7777885794639587,8.601409717812203e-8,-0.6285260319709778]},{"pos":[-94.3318099975586,1021.3034057617188,-294.6724853515625,-0.6286047697067261,-4.354453864152674e-8,-0.7777249217033386,-6.470030911032154e-8,1,-3.6948979431628006e-9,0.7777249217033386,4.799641573072222e-8,-0.6286047697067261]},{"pos":[-94.12450408935547,1020.544921875,-294.5047607421875,-0.6286717653274536,-8.739162282722646e-9,-0.7776707410812378,-1.3279906951879639e-8,1,-5.020885929241103e-10,0.7776707410812378,1.0011746987004244e-8,-0.6286717653274536]},{"pos":[-93.91719818115235,1019.73193359375,-294.3370361328125,-0.6287291646003723,2.6036710565335853e-8,-0.7776243686676025,3.809687498801395e-8,1,2.680080601891177e-9,0.7776243686676025,-2.7940012969907003e-8,-0.6287291646003723]},{"pos":[-93.70989227294922,1018.864501953125,-294.1693115234375,-0.6287783980369568,6.078307990264875e-8,-0.7775845527648926,8.942999585315192e-8,1,5.853296958235887e-9,0.7775845527648926,-6.585895562238875e-8,-0.6287783980369568]},{"pos":[-93.5025863647461,1017.9425048828125,-294.0015869140625,-0.6288206577301025,9.549992796564766e-8,-0.7775503396987915,1.4071942189275433e-7,1,9.01889585236404e-9,0.7775503396987915,-1.0374517245281823e-7,-0.6288206577301025]},{"pos":[-93.31580352783203,1017.8038940429688,-293.85064697265627,-0.628802478313446,7.323553319338316e-8,-0.777565062046051,1.0801821304085024e-7,1,6.833397847572087e-9,0.777565062046051,-7.969433113430569e-8,-0.628802478313446]},{"pos":[-93.12223052978516,1017.8010864257813,-293.6942138671875,-0.6287626028060913,5.099025557342429e-8,-0.7775973081588745,7.534487167504267e-8,1,4.650502205549856e-9,0.7775973081588745,-5.566390726130521e-8,-0.6287626028060913]},{"pos":[-92.97374725341797,1017.801025390625,-293.5745544433594,-0.628660261631012,3.4318901498409107e-8,-0.7776800394058228,5.08579631741668e-8,1,3.01733527052761e-9,0.7776800394058228,-3.765434541946888e-8,-0.628660261631012]},{"pos":[-92.73348999023438,1017.801025390625,-293.38128662109377,-0.6283696293830872,6.557667742157491e-9,-0.7779149413108826,1.0081751433688169e-8,1,2.861521852803861e-10,0.7779149413108826,-7.662935175289931e-9,-0.6283696293830872]},{"pos":[-92.53921508789063,1017.7005004882813,-293.22503662109377,-0.6281412243843079,-1.562931828402725e-8,-0.7780993580818176,-2.2506942087829885e-8,1,-1.9172088361329999e-9,0.7780993580818176,1.6308359107597427e-8,-0.6281412243843079]},{"pos":[-92.36604309082031,1017.681640625,-293.0862121582031,-0.627810537815094,-3.7796684893010027e-8,-0.778366208076477,-5.506650779807387e-8,1,-4.1437453468518019e-9,0.778366208076477,4.0260420774984598e-8,-0.627810537815094]},{"pos":[-92.19609069824219,1018.5547485351563,-292.9499816894531,-0.6274495124816895,-5.994424157051981e-8,-0.7786572575569153,-8.759683822745501e-8,1,-6.397748553155225e-9,0.7786572575569153,6.419364950716045e-8,-0.6274495124816895]},{"pos":[-92.00654602050781,1019.3767700195313,-292.7984924316406,-0.6269623041152954,-8.20718710770052e-8,-0.7790495753288269,-1.200967432168909e-7,1,-8.69744809506301e-9,0.7790495753288269,8.810835083750135e-8,-0.6269623041152954]},{"pos":[-91.79893493652344,1020.144287109375,-292.6332702636719,-0.626391589641571,-1.0417929985351293e-7,-0.7795085310935974,-1.525659598655693e-7,1,-1.1049611892133271e-8,0.7795085310935974,1.1200508254205488e-7,-0.626391589641571]},{"pos":[-91.5901107788086,1020.8572998046875,-292.4674987792969,-0.62577885389328,-9.080182650222923e-8,-0.7800005078315735,-1.330303831537094e-7,1,-9.684898216733018e-9,0.7800005078315735,9.77031575644105e-8,-0.62577885389328]},{"pos":[-91.38108825683594,1021.5158081054688,-292.3019104003906,-0.6251359581947327,-6.562058274539595e-8,-0.7805159091949463,-9.619589036446996e-8,1,-7.0274999153241428e-9,0.7805159091949463,7.068927487807741e-8,-0.6251359581947327]},{"pos":[-91.17194366455078,1022.1198120117188,-292.136474609375,-0.6244900226593018,-4.046255241973995e-8,-0.7810327410697937,-5.939568126223094e-8,1,-4.315494184226054e-9,0.7810327410697937,4.3694988960396589e-8,-0.6244900226593018]},{"pos":[-90.96272277832031,1022.6693725585938,-291.97113037109377,-0.6238799691200256,-1.5327675129128694e-8,-0.7815201878547669,-2.2629947693530995e-8,1,-1.5473757830619662e-9,0.7815201878547669,1.6720383300139475e-8,-0.6238799691200256]},{"pos":[-90.75341033935547,1023.1644287109375,-291.8059387207031,-0.6232903003692627,9.784165477810803e-9,-0.7819905281066895,1.4101577683334199e-8,1,1.2721238507040767e-9,0.7819905281066895,-1.0234397329611511e-8,-0.6232903003692627]},{"pos":[-90.5440673828125,1023.6049194335938,-291.6407775878906,-0.6227589249610901,3.4873085752451519e-8,-0.7824137806892395,5.079921550077415e-8,1,4.137733267128851e-9,0.7824137806892395,-3.716919394491924e-8,-0.6227589249610901]},{"pos":[-90.334716796875,1023.9909057617188,-291.4756164550781,-0.6222982406616211,5.993928908765156e-8,-0.7827802300453186,8.746353330479906e-8,1,7.040141802860944e-9,0.7827802300453186,-6.408365749166478e-8,-0.6222982406616211]},{"pos":[-90.1253662109375,1024.3226318359376,-291.3104553222656,-0.6219017505645752,8.498296466541433e-8,-0.7830952405929565,1.2409505245614128e-7,1,9.970731795760912e-9,0.7830952405929565,-9.097743713937234e-8,-0.6219017505645752]},{"pos":[-89.916015625,1024.5994873046876,-291.1452941894531,-0.6215609908103943,1.100043007795648e-7,-0.783365786075592,1.606942277021517e-7,1,1.2922495074008112e-8,0.783365786075592,-1.178502344600929e-7,-0.6215609908103943]},{"pos":[-89.7066650390625,1024.8221435546876,-290.9801330566406,-0.6212682127952576,8.64017764001801e-8,-0.783598005771637,1.26242127862497e-7,1,1.0173022424453393e-8,0.783598005771637,-9.260289601797922e-8,-0.6212682127952576]},{"pos":[-89.497314453125,1024.9901123046876,-290.8149719238281,-0.6210166215896606,6.2820