{"data":[{"pos":[-107.33302307128906,1018.7186889648438,-301.5423583984375,1,0,0,0,1,0,0,0,1]},{"pos":[-107.33302307128906,1018.7186889648438,-301.5423583984375,1,0,0,0,1,0,0,0,1]},{"pos":[-107.33302307128906,1018.7186889648438,-301.5423583984375,1,0,0,0,1,0,0,0,1]},{"pos":[-107.33302307128906,1018.7186889648438,-301.5423583984375,1,0,0,0,1,0,0,0,1]},{"pos":[-107.33302307128906,1018.7186889648438,-301.5423583984375,1,0,0,0,1,0,0,0,1]},{"pos":[-107.33302307128906,1018.7186889648438,-301.5423583984375,1,0,0,0,1,0,0,0,1]},{"pos":[-107.33302307128906,1018.7186889648438,-301.5423583984375,1,0,0,0,1,0,0,0,1]},{"pos":[-107.33302307128906,1018.7186889648438,-301.5423583984375,1,0,0,0,1,0,0,0,1]},{"pos":[-107.33302307128906,1018.7186889648438,-301.5423583984375,1,0,0,0,1,0,0,0,1]},{"pos":[-107.33302307128906,1018.7186889648438,-301.5423583984375,1,0,0,0,1,0,0,0,1]},{"pos":[-107.33302307128906,1018.7186889648438,-301.5423583984375,1,0,0,0,1,0,0,0,1]},{"pos":[-107.33302307128906,1018.7186889648438,-301.5423583984375,1,0,0,0,1,0,0,0,1]},{"pos":[-107.33302307128906,1018.7186889648438,-301.5423583984375,1,0,0,0,1,0,0,0,1]},{"pos":[-107.33302307128906,1018.7186889648438,-301.5423583984375,1,0,0,0,1,0,0,0,1]},{"pos":[-107.33302307128906,1018.7186889648438,-301.5423583984375,1,0,0,0,1,0,0,0,1]},{"pos":[-107.33302307128906,1018.7186889648438,-301.5423583984375,1,0,0,0,1,0,0,0,1]},{"pos":[-107.33302307128906,1018.7186889648438,-301.5423583984375,1,0,0,0,1,0,0,0,1]},{"pos":[-107.33302307128906,1018.7186889648438,-301.5423583984375,1,0,0,0,1,0,0,0,1]},{"pos":[-107.33302307128906,1018.7186889648438,-301.5423583984375,1,0,0,0,1,0,0,0,1]},{"pos":[-107.33302307128906,1018.7186889648438,-301.5423583984375,1,0,0,0,1,0,0,0,1]},{"pos":[-107.33302307128906,1018.7186889648438,-301.5423583984375,1,0,0,0,1,0,0,0,1]},{"pos":[-107.33302307128906,1018.7186889648438,-301.5423583984375,1,0,0,0,1,0,0,0,1]},{"pos":[-107.33302307128906,1018.7186889648438,-301.5423583984375,1,0,0,0,1,0,0,0,1]},{"pos":[-107.33302307128906,1018.7186889648438,-301.5423583984375,1,0,0,0,1,0,0,0,1]},{"pos":[-107.33302307128906,1018.7186889648438,-301.5423583984375,1,0,0,0,1,0,0,0,1]},{"pos":[-107.33302307128906,1018.7186889648438,-301.5423583984375,1,0,0,0,1,0,0,0,1]},{"pos":[-107.33302307128906,1018.7186889648438,-301.5423583984375,1,0,0,0,1,0,0,0,1]},{"pos":[-107.33302307128906,1018.7186889648438,-301.5423583984375,1,0,0,0,1,0,0,0,1]},{"pos":[-107.33302307128906,1018.7186889648438,-301.5423583984375,1,0,0,0,1,0,0,0,1]},{"pos":[-107.33302307128906,1018.7186889648438,-301.5423583984375,1,0,0,0,1,0,0,0,1]},{"pos":[-107.33302307128906,1018.7186889648438,-301.5423583984375,1,0,0,0,1,0,0,0,1]},{"pos":[-107.33302307128906,1018.7186889648438,-301.5423583984375,1,0,0,0,1,0,0,0,1]},{"pos":[-107.33302307128906,1018.7186889648438,-301.5423583984375,1,0,0,0,1,0,0,0,1]},{"pos":[-107.33302307128906,1018.7186889648438,-301.5423583984375,1,0,0,0,1,0,0,0,1]},{"pos":[-107.33302307128906,1018.7186889648438,-301.5423583984375,1,0,0,0,1,0,0,0,1]},{"pos":[-107.33302307128906,1018.7186889648438,-301.5423583984375,1,0,0,0,1,0,0,0,1]},{"pos":[-107.33302307128906,1018.7186889648438,-301.5423583984375,1,0,0,0,1,0,0,0,1]},{"pos":[-107.33302307128906,1018.7186889648438,-301.5423583984375,1,0,0,0,1,0,0,0,1]},{"pos":[-107.33302307128906,1018.7186889648438,-301.5423583984375,1,0,0,0,1,0,0,0,1]},{"pos":[-107.33302307128906,1018.7186889648438,-301.5423583984375,1,0,0,0,1,0,0,0,1]},{"pos":[-107.33302307128906,1018.7186889648438,-301.5423583984375,1,0,0,0,1,0,0,0,1]},{"pos":[-107.33302307128906,1018.7186889648438,-301.5423583984375,1,0,0,0,1,0,0,0,1]},{"pos":[-107.33302307128906,1018.7186889648438,-301.5423583984375,1,0,0,0,1,0,0,0,1]},{"pos":[-107.33302307128906,1018.7186889648438,-301.5423583984375,1,0,0,0,1,0,0,0,1]},{"pos":[-107.33302307128906,1018.7186889648438,-301.5423583984375,1,0,0,0,1,0,0,0,1]},{"pos":[-107.33302307128906,1018.7186889648438,-301.5423583984375,1,0,0,0,1,0,0,0,1]},{"pos":[-107.33302307128906,1018.7186889648438,-301.5423583984375,1,0,0,0,1,0,0,0,1]},{"pos":[-107.33302307128906,1018.7186889648438,-301.5423583984375,1,0,0,0,1,0,0,0,1]},{"pos":[-107.33302307128906,1018.7186889648438,-301.5423583984375,1,0,0,0,1,0,0,0,1]},{"pos":[-107.33302307128906,1018.7186889648438,-301.5423583984375,1,0,0,0,1,0,0,0,1]},{"pos":[-107.33302307128906,1018.7186889648438,-301.5423583984375,1,0,0,0,1,0,0,0,1]},{"pos":[-107.33302307128906,1018.7186889648438,-301.5423583984375,1,0,0,0,1,0,0,0,1]},{"pos":[-107.33302307128906,1018.7186889648438,-301.5423583984375,1,0,0,0,1,0,0,0,1]},{"pos":[-107.33302307128906,1018.7186889648438,-301.5423583984375,1,0,0,0,1,0,0,0,1]},{"pos":[-107.33302307128906,1018.7186889648438,-301.5423583984375,1,0,0,0,1,0,0,0,1]},{"pos":[-107.33302307128906,1018.7186889648438,-301.5423583984375,1,0,0,0,1,0,0,0,1]},{"pos":[-107.33302307128906,1018.7186889648438,-301.5423583984375,1,0,0,0,1,0,0,0,1]},{"pos":[-107.33302307128906,1018.7186889648438,-301.5423583984375,1,0,0,0,1,0,0,0,1]},{"pos":[-107.33302307128906,1018.7186889648438,-301.5423583984375,1,0,0,0,1,0,0,0,1]},{"pos":[-107.33302307128906,1018.7186889648438,-301.5423583984375,1,0,0,0,1,0,0,0,1]},{"pos":[-107.33302307128906,1018.7186889648438,-301.5423583984375,1,0,0,0,1,0,0,0,1]},{"pos":[-107.33302307128906,1018.7186889648438,-301.5423583984375,1,0,0,0,1,0,0,0,1]},{"pos":[-107.33302307128906,1018.7186889648438,-301.5423583984375,1,0,0,0,1,0,0,0,1]},{"pos":[-107.33302307128906,1018.7186889648438,-301.5423583984375,1,0,0,0,1,0,0,0,1]},{"pos":[-107.33302307128906,1018.7186889648438,-301.5423583984375,1,0,0,0,1,0,0,0,1]},{"pos":[-107.33302307128906,1018.7186889648438,-301.5423583984375,1,0,0,0,1,0,0,0,1]},{"pos":[-107.33302307128906,1018.7186889648438,-301.5423583984375,1,0,0,0,1,0,0,0,1]},{"pos":[-107.33302307128906,1018.7186889648438,-301.5423583984375,1,0,0,0,1,0,0,0,1]},{"pos":[-107.33302307128906,1018.7186889648438,-301.5423583984375,1,0,0,0,1,0,0,0,1]},{"pos":[-107.33302307128906,1018.7186889648438,-301.5423583984375,1,0,0,0,1,0,0,0,1]},{"pos":[-107.33302307128906,1018.7186889648438,-301.5423583984375,1,0,0,0,1,0,0,0,1]},{"pos":[-107.33302307128906,1018.7186889648438,-301.5423583984375,1,0,0,0,1,0,0,0,1]},{"pos":[-107.33302307128906,1018.7186889648438,-301.5423583984375,1,0,0,0,1,0,0,0,1]},{"pos":[-107.33302307128906,1018.7186889648438,-301.5423583984375,1,0,0,0,1,0,0,0,1]},{"pos":[-107.33302307128906,1018.7186889648438,-301.5423583984375,1,0,0,0,1,0,0,0,1]},{"pos":[-107.33302307128906,1018.7186889648438,-301.5423583984375,1,0,0,0,1,0,0,0,1]},{"pos":[-107.33302307128906,1018.7186889648438,-301.5423583984375,1,0,0,0,1,0,0,0,1]},{"pos":[-107.33302307128906,1018.7186889648438,-301.5423583984375,1,0,0,0,1,0,0,0,1]},{"pos":[-107.33302307128906,1018.7186889648438,-301.5423583984375,1,0,0,0,1,0,0,0,1]},{"pos":[-107.33302307128906,1018.7186889648438,-301.5423583984375,1,0,0,0,1,0,0,0,1]},{"pos":[-107.33302307128906,1018.7186889648438,-301.5423583984375,1,0,0,0,1,0,0,0,1]},{"pos":[-107.33302307128906,1018.7186889648438,-301.5423583984375,1,0,0,0,1,0,0,0,1]},{"pos":[-107.33302307128906,1018.7186889648438,-301.5423583984375,1,0,0,0,1,0,0,0,1]},{"pos":[-107.33302307128906,1018.7186889648438,-301.5423583984375,1,0,0,0,1,0,0,0,1]},{"pos":[-107.33302307128906,1018.7186889648438,-301.5423583984375,1,0,0,0,1,0,0,0,1]},{"pos":[-107.33302307128906,1018.7186889648438,-301.5423583984375,1,0,0,0,1,0,0,0,1]},{"pos":[-107.33302307128906,1018.7186889648438,-301.5423583984375,1,0,0,0,1,0,0,0,1]},{"pos":[-107.33302307128906,1018.7186889648438,-301.5423583984375,1,0,0,0,1,0,0,0,1]},{"pos":[-107.33302307128906,1018.7186889648438,-301.5423583984375,1,0,0,0,1,0,0,0,1]},{"pos":[-107.33302307128906,1018.7186889648438,-301.5423583984375,1,0,0,0,1,0,0,0,1]},{"pos":[-107.33302307128906,1018.7186889648438,-301.5423583984375,1,0,0,0,1,0,0,0,1]},{"pos":[-107.33302307128906,1018.7186889648438,-301.5423583984375,1,0,0,0,1,0,0,0,1]},{"pos":[-107.33302307128906,1018.7186889648438,-301.5423583984375,1,0,0,0,1,0,0,0,1]},{"pos":[-107.33302307128906,1018.7186889648438,-301.5423583984375,1,0,0,0,1,0,0,0,1]},{"pos":[-107.33302307128906,1018.7186889648438,-301.5423583984375,1,0,0,0,1,0,0,0,1]},{"pos":[-107.33302307128906,1018.7186889648438,-301.5423583984375,1,0,0,0,1,0,0,0,1]},{"pos":[-107.33302307128906,1018.7186889648438,-301.5423583984375,1,0,0,0,1,0,0,0,1]},{"pos":[-107.33302307128906,1018.7186889648438,-301.5423583984375,1,0,0,0,1,0,0,0,1]},{"pos":[-107.33302307128906,1018.7186889648438,-301.5423583984375,1,0,0,0,1,0,0,0,1]},{"pos":[-107.33302307128906,1018.7186889648438,-301.5423583984375,1,0,0,0,1,0,0,0,1]},{"pos":[-107.33302307128906,1018.7186889648438,-301.5423583984375,1,0,0,0,1,0,0,0,1]},{"pos":[-107.33302307128906,1018.7186889648438,-301.5423583984375,1,0,0,0,1,0,0,0,1]},{"pos":[-107.33302307128906,1018.7186889648438,-301.5423583984375,1,0,0,0,1,0,0,0,1]},{"pos":[-107.33302307128906,1018.7186889648438,-301.5423583984375,1,0,0,0,1,0,0,0,1]},{"pos":[-107.33302307128906,1018.7186889648438,-301.5423583984375,1,0,0,0,1,0,0,0,1]},{"pos":[-107.33302307128906,1018.7186889648438,-301.5423583984375,1,0,0,0,1,0,0,0,1]},{"pos":[-107.33302307128906,1018.7186889648438,-301.5423583984375,1,0,0,0,1,0,0,0,1]},{"pos":[-107.33302307128906,1018.7186889648438,-301.5423583984375,1,0,0,0,1,0,0,0,1]},{"pos":[-107.33302307128906,1018.7186889648438,-301.5423583984375,1,0,0,0,1,0,0,0,1]},{"pos":[-107.33302307128906,1018.7186889648438,-301.5423583984375,1,0,0,0,1,0,0,0,1]},{"pos":[-107.33302307128906,1018.7186889648438,-301.5423583984375,1,0,0,0,1,0,0,0,1]},{"pos":[-107.33302307128906,1018.7186889648438,-301.5423583984375,1,0,0,0,1,0,0,0,1]},{"pos":[-107.33302307128906,1018.7186889648438,-301.5423583984375,1,0,0,0,1,0,0,0,1]},{"pos":[-107.33302307128906,1018.7186889648438,-301.5423583984375,1,0,0,0,1,0,0,0,1]},{"pos":[-107.33302307128906,1018.7186889648438,-301.5423583984375,1,0,0,0,1,0,0,0,1]},{"pos":[-107.33302307128906,1018.7186889648438,-301.5423583984375,1,0,0,0,1,0,0,0,1]},{"pos":[-107.33302307128906,1018.7186889648438,-301.5423583984375,1,0,0,0,1,0,0,0,1]},{"pos":[-107.2220230102539,1018.7186889648438,-301.5444030761719,0.9825971722602844,0,-0.18574941158294679,0,1,0,0.18574941158294679,0,0.9825971722602844]},{"pos":[-107.0054702758789,1018.7186889648438,-301.5494689941406,0.9323168992996216,0,-0.36164233088493349,0,1,0,0.36164233088493349,0,0.9323168992996216]},{"pos":[-106.74214172363281,1018.7186889648438,-301.551513671875,0.862117350101471,0,-0.5067087411880493,0,1,0,0.5067087411880493,0,0.862117350101471]},{"pos":[-106.47586059570313,1018.7186889648438,-301.5390930175781,0.7787622809410095,0,-0.6273191571235657,0,1,0,0.6273191571235657,0,0.7787622809410095]},{"pos":[-106.21046447753906,1018.7186889648438,-301.513427734375,0.688226580619812,0,-0.7254958152770996,0,1,0,0.7254958152770996,0,0.688226580619812]},{"pos":[-105.9461441040039,1018.7186889648438,-301.4781799316406,0.5960160493850708,0,-0.8029724955558777,0,1,0,0.8029724955558777,0,0.5960160493850708]},{"pos":[-105.68223571777344,1018.7186889648438,-301.43988037109377,0.5078194737434387,0,-0.8614634871482849,0,1,0,0.8614634871482849,0,0.5078194737434387]},{"pos":[-105.4186782836914,1018.7186889648438,-301.3992614746094,0.4258497655391693,0,-0.904793918132782,0,1,0,0.904793918132782,0,0.4258497655391693]},{"pos":[-105.15641784667969,1018.7186889648438,-301.3509826660156,0.34839528799057009,0,-0.9373477101325989,0,1,0,0.9373477101325989,0,0.34839528799057009]},{"pos":[-104.9013442993164,1018.7186889648438,-301.2737121582031,0.26518017053604128,0,-0.964198887348175,0,1,0,0.964198887348175,0,0.26518017053604128]},{"pos":[-104.65289306640625,1018.7186889648438,-301.177001953125,0.18116967380046845,0,-0.9834518432617188,0,1,0,0.9834518432617188,0,0.18116967380046845]},{"pos":[-104.40641784667969,1018.7186889648438,-301.0752258300781,0.10441680252552033,0,-0.9945335984230042,0,1,0,0.9945335984230042,0,0.10441680252552033]},{"pos":[-104.16613006591797,1018.7186889648438,-300.95965576171877,0.030029509216547014,0,-0.9995490312576294,0,1,0,0.9995490312576294,0,0.030029509216547014]},{"pos":[-103.94855499267578,1018.7186889648438,-300.8060302734375,-0.056463539600372317,0,-0.9984046816825867,0,1,0,0.9984046816825867,0,-0.056463539600372317]},{"pos":[-103.75749206542969,1018.7186889648438,-300.620361328125,-0.15190142393112184,0,-0.988395631313324,0,1,0,0.988395631313324,0,-0.15190142393112184]},{"pos":[-103.59520721435547,1018.7186889648438,-300.4090270996094,-0.2523919939994812,0,-0.967625081539154,0,1,0,0.967625081539154,0,-0.2523919939994812]},{"pos":[-103.4571533203125,1018.7186889648438,-300.1810302734375,-0.3513616621494293,0,-0.9362398386001587,0,1,0,0.9362398386001587,0,-0.3513616621494293]},{"pos":[-103.33971405029297,1018.7186889648438,-299.94171142578127,-0.44474074244499209,0,-0.895659327507019,0,1,0,0.895659327507019,0,-0.44474074244499209]},{"pos":[-103.23611450195313,1018.7186889648438,-299.696044921875,-0.5285040736198425,0,-0.8489307761192322,0,1,0,0.8489307761192322,0,-0.5285040736198425]},{"pos":[-103.14228057861328,1018.7186889648438,-299.4464416503906,-0.601375162601471,0,-0.7989668250083923,0,1,0,0.7989668250083923,0,-0.601375162601471]},{"pos":[-103.06067657470703,1018.7186889648438,-299.1925964355469,-0.6655091047286987,0,-0.7463896870613098,0,1,0,0.7463896870613098,0,-0.6655091047286987]},{"pos":[-102.9896011352539,1018.7186889648438,-298.9355773925781,-0.7211873531341553,0,-0.6927400827407837,0,1,0,0.6927400827407837,0,-0.7211873531341553]},{"pos":[-102.92605590820313,1018.7186889648438,-298.6766052246094,-0.7684357762336731,0,-0.6399269700050354,0,1,0,0.6399269700050354,0,-0.7684357762336731]},{"pos":[-102.86727142333985,1018.7186889648438,-298.41650390625,-0.807684600353241,0,-0.5896148085594177,0,1,0,0.5896148085594177,0,-0.807684600353241]},{"pos":[-102.81177520751953,1018.7186889648438,-298.1556701660156,-0.8399162888526917,0,-0.5427160263061523,0,1,0,0.5427160263061523,0,-0.8399162888526917]},{"pos":[-102.75653076171875,1018.7186889648438,-297.8948059082031,-0.8656892776489258,0,-0.500581681728363,0,1,0,0.500581681728363,0,-0.8656892776489258]},{"pos":[-102.7332992553711,1018.7186889648438,-297.78509521484377,-0.8680503964424133,0,-0.49647611379623415,0,1,0,0.49647611379623415,0,-0.8680503964424133]},{"pos":[-102.73229217529297,1018.7186889648438,-297.78033447265627,-0.8681153655052185,0,-0.49636247754096987,0,1,0,0.49636247754096987,0,-0.8681153655052185]},{"pos":[-102.7322769165039,1018.7186889648438,-297.7802429199219,-0.8681171536445618,0,-0.49635934829711916,0,1,0,0.49635934829711916,0,-0.8681171536445618]},{"pos":[-102.7322769165039,1018.7186889648438,-297.7802429199219,-0.8681172132492065,0,-0.496359258890152,0,1,0,0.496359258890152,0,-0.8681172132492065]},{"pos":[-102.7322769165039,1018.7186889648438,-297.7802429199219,-0.8681172132492065,0,-0.496359258890152,0,1,0,0.496359258890152,0,-0.8681172132492065]},{"pos":[-102.7322769165039,1018.7186889648438,-297.7802429199219,-0.8681172132492065,0,-0.496359258890152,0,1,0,0.496359258890152,0,-0.8681172132492065]},{"pos":[-102.7322769165039,1018.7186889648438,-297.7802429199219,-0.8681172132492065,0,-0.496359258890152,0,1,0,0.496359258890152,0,-0.8681172132492065]},{"pos":[-102.7322769165039,1018.7186889648438,-297.7802429199219,-0.8681172132492065,0,-0.496359258890152,0,1,0,0.496359258890152,0,-0.8681172132492065]},{"pos":[-102.7322769165039,1018.7186889648438,-297.7802429199219,-0.8681172132492065,0,-0.496359258890152,0,1,0,0.496359258890152,0,-0.8681172132492065]},{"pos":[-102.7322769165039,1018.7186889648438,-297.7802429199219,-0.8681172132492065,0,-0.496359258890152,0,1,0,0.496359258890152,0,-0.8681172132492065]},{"pos":[-102.7322769165039,1018.7186889648438,-297.7802429199219,-0.8681172132492065,0,-0.496359258890152,0,1,0,0.496359258890152,0,-0.8681172132492065]},{"pos":[-102.7322769165039,1018.7186889648438,-297.7802429199219,-0.8681172132492065,0,-0.496359258890152,0,1,0,0.496359258890152,0,-0.8681172132492065]},{"pos":[-102.7322769165039,1018.7186889648438,-297.7802429199219,-0.8681172132492065,0,-0.496359258890152,0,1,0,0.496359258890152,0,-0.8681172132492065]},{"pos":[-102.7322769165039,1018.7186889648438,-297.7802429199219,-0.8681172132492065,0,-0.496359258890152,0,1,0,0.496359258890152,0,-0.8681172132492065]},{"pos":[-102.7322769165039,1018.7186889648438,-297.7802429199219,-0.8681172132492065,0,-0.496359258890152,0,1,0,0.496359258890152,0,-0.8681172132492065]},{"pos":[-102.7322769165039,1018.7186889648438,-297.7802429199219,-0.8681172132492065,0,-0.496359258890152,0,1,0,0.496359258890152,0,-0.8681172132492065]},{"pos":[-102.7322769165039,1018.7186889648438,-297.7802429199219,-0.8681172132492065,0,-0.496359258890152,0,1,0,0.496359258890152,0,-0.8681172132492065]},{"pos":[-102.7322769165039,1018.7186889648438,-297.7802429199219,-0.8681172132492065,0,-0.496359258890152,0,1,0,0.496359258890152,0,-0.8681172132492065]},{"pos":[-102.7322769165039,1018.7186889648438,-297.7802429199219,-0.8681172132492065,0,-0.496359258890152,0,1,0,0.496359258890152,0,-0.8681172132492065]},{"pos":[-102.7322769165039,1018.7186889648438,-297.7802429199219,-0.8681172132492065,0,-0.496359258890152,0,1,0,0.496359258890152,0,-0.8681172132492065]},{"pos":[-102.7322769165039,1018.7186889648438,-297.7802429199219,-0.8681172132492065,0,-0.496359258890152,0,1,0,0.496359258890152,0,-0.8681172132492065]},{"pos":[-102.76214599609375,1018.7186889648438,-297.6391296386719,-0.9082188010215759,0,-0.41849568486213686,0,1,0,0.41849568486213686,0,-0.9082188010215759]},{"pos":[-102.83551025390625,1018.7186889648438,-297.38970947265627,-0.9441866278648377,0,-0.32941102981567385,0,1,0,0.32941102981567385,0,-0.9441866278648377]},{"pos":[-102.91191101074219,1018.7186889648438,-297.1343688964844,-0.9686763882637024,0,-0.24832658469676972,0,1,0,0.24832658469676972,0,-0.9686763882637024]},{"pos":[-103.00025939941406,1018.7186889648438,-296.8827819824219,-0.9853319525718689,0,-0.17064853012561799,0,1,0,0.17064853012561799,0,-0.9853319525718689]},{"pos":[-103.08963012695313,1018.7186889648438,-296.63153076171877,-0.9947980642318726,0,-0.1018667072057724,0,1,0,0.1018667072057724,0,-0.9947980642318726]},{"pos":[-103.1806869506836,1018.7186889648438,-296.3808898925781,-0.9991556406021118,0,-0.04108487442135811,0,1,0,0.04108487442135811,0,-0.9991556406021118]},{"pos":[-103.27571105957031,1018.7186889648438,-296.1317138671875,-0.999906063079834,0,0.013706692494452,0,1,0,-0.013706692494452,0,-0.999906063079834]},{"pos":[-103.37535095214844,1018.7186889648438,-295.8843688964844,-0.9979783296585083,0,0.06355523318052292,0,1,0,-0.06355523318052292,0,-0.9979783296585083]},{"pos":[-103.47880554199219,1018.7186889648438,-295.63861083984377,-0.9940822124481201,0,0.10863058269023895,0,1,0,-0.10863058269023895,0,-0.9940822124481201]},{"pos":[-103.58344268798828,1018.7186889648438,-295.3933410644531,-0.9889691472053528,0,0.1481216698884964,0,1,0,-0.1481216698884964,0,-0.9889691472053528]},{"pos":[-103.69005584716797,1018.7186889648438,-295.1488952636719,-0.9830870032310486,0,0.18313910067081452,0,1,0,-0.18313910067081452,0,-0.9830870032310486]},{"pos":[-103.79914093017578,1018.7186889648438,-294.9055480957031,-0.9767105579376221,0,0.21456128358840943,0,1,0,-0.21456128358840943,0,-0.9767105579376221]},{"pos":[-103.9113998413086,1018.7186889648438,-294.66363525390627,-0.9699611067771912,0,0.24326001107692719,0,1,0,-0.24326001107692719,0,-0.9699611067771912]},{"pos":[-104.02657318115235,1018.7186889648438,-294.4231262207031,-0.9630045890808106,0,0.2694849371910095,0,1,0,-0.2694849371910095,0,-0.9630045890808106]},{"pos":[-104.14511108398438,1018.7186889648438,-294.18426513671877,-0.9558632373809815,0,0.2938119173049927,0,1,0,-0.2938119173049927,0,-0.9558632373809815]},{"pos":[-104.26537322998047,1018.7186889648438,-293.9462585449219,-0.9488748908042908,0,0.3156524896621704,0,1,0,-0.3156524896621704,0,-0.9488748908042908]},{"pos":[-104.38703918457031,1018.7186889648438,-293.708984375,-0.9421600699424744,0,0.3351632058620453,0,1,0,-0.3351632058620453,0,-0.9421600699424744]},{"pos":[-104.53923797607422,1019.8024291992188,-293.4123840332031,-0.9332823157310486,0,0.35914361476898196,0,1,0,-0.35914361476898196,0,-0.9332823157310486]},{"pos":[-104.66233825683594,1020.6107788085938,-293.17584228515627,-0.9271293878555298,0,0.3747413456439972,0,1,0,-0.3747413456439972,0,-0.9271293878555298]},{"pos":[-104.78584289550781,1021.3646850585938,-292.93951416015627,-0.9218507409095764,0,0.3875451683998108,0,1,0,-0.3875451683998108,0,-0.9218507409095764]},{"pos":[-104.9090805053711,1022.0640869140625,-292.70306396484377,-0.9172588586807251,0,0.39829158782958987,0,1,0,-0.39829158782958987,0,-0.9172588586807251]},{"pos":[-105.0322494506836,1022.708984375,-292.46661376953127,-0.9132449626922607,0,0.4074108302593231,0,1,0,-0.4074108302593231,0,-0.9132449626922607]},{"pos":[-105.18577575683594,1023.4384765625,-292.1707458496094,-0.9089680910110474,0,0.41686567664146426,0,1,0,-0.41686567664146426,0,-0.9089680910110474]},{"pos":[-105.27775573730469,1023.8352661132813,-291.9931335449219,-0.9067803621292114,0,0.42160335183143618,0,1,0,-0.42160335183143618,0,-0.9067803621292114]},{"pos":[-105.39959716796875,1024.31689453125,-291.75592041015627,-0.9043926000595093,0,0.4267013669013977,0,1,0,-0.4267013669013977,0,-0.9043926000595093]},{"pos":[-105.52056884765625,1024.74365234375,-291.5182800292969,-0.9025232195854187,0,0.430641233921051,0,1,0,-0.430641233921051,0,-0.9025232195854187]},{"pos":[-105.64141845703125,1025.1162109375,-291.2806091308594,-0.9009785652160645,0,0.4338635802268982,0,1,0,-0.4338635802268982,0,-0.9009785652160645]},{"pos":[-105.76103210449219,1025.43408203125,-291.04229736328127,-0.8998969793319702,0,0.4361025094985962,0,1,0,-0.4361025094985962,0,-0.8998969793319702]},{"pos":[-105.87811279296875,1025.6973876953126,-290.8027038574219,-0.8995317220687866,0,0.4368554651737213,0,1,0,-0.4368554651737213,0,-0.8995317220687866]},{"pos":[-105.99369049072266,1025.9063720703126,-290.5624084472656,-0.8996583819389343,0,0.4365946054458618,0,1,0,-0.4365946054458618,0,-0.8996583819389343]},{"pos":[-106.10797882080078,1026.0606689453126,-290.32147216796877,-0.900114893913269,0,0.4356525242328644,0,1,0,-0.4356525242328644,0,-0.900114893913269]},{"pos":[-106.22151947021485,1026.16064453125,-290.0801696777344,-0.9007307887077332,0,0.4343777894973755,0,1,0,-0.4343777894973755,0,-0.9007307887077332]},{"pos":[-106.33495330810547,1026.2060546875,-289.8388366699219,-0.9013252258300781,0,0.4331429898738861,0,1,0,-0.4331429898738861,0,-0.9013252258300781]},{"pos":[-106.44759368896485,1026.19677734375,-289.5971374511719,-0.9020009636878967,0,0.43173402547836306,0,1,0,-0.43173402547836306,0,-0.9020009636878967]},{"pos":[-106.55926513671875,1026.13330078125,-289.35498046875,-0.9028084874153137,0,0.4300428032875061,0,1,0,-0.4300428032875061,0,-0.9028084874153137]},{"pos":[-106.67025756835938,1026.01513671875,-289.11248779296877,-0.9036844968795776,0,0.4281989336013794,0,1,0,-0.4281989336013794,0,-0.9036844968795776]},{"pos":[-106.78115844726563,1025.842529296875,-288.86993408203127,-0.9044930338859558,0,0.42648839950561526,0,1,0,-0.42648839950561526,0,-0.9044930338859558]},{"pos":[-106.89205932617188,1025.615478515625,-288.62738037109377,-0.9051946401596069,0,0.4249972999095917,0,1,0,-0.4249972999095917,0,-0.9051946401596069]},{"pos":[-107.00243377685547,1025.333740234375,-288.3846130371094,-0.9058946967124939,0,0.42350301146507265,0,1,0,-0.42350301146507265,0,-0.9058946967124939]},{"pos":[-107.10456848144531,1025.289306640625,-288.1597595214844,-0.906537652015686,0,0.4221249222755432,0,1,0,-0.4221249222755432,0,-0.906537652015686]},{"pos":[-107.20852661132813,1025.288330078125,-287.930908203125,-0.9070954322814941,0,0.42092499136924746,0,1,0,-0.42092499136924746,0,-0.9070954322814941]},{"pos":[-107.3154067993164,1025.1844482421876,-287.6956481933594,-0.9075701832771301,0,0.41990044713020327,0,1,0,-0.41990044713020327,0,-0.9075701832771301]},{"pos":[-107.42443084716797,1025.0152587890626,-287.4556579589844,-0.9079653024673462,0,0.41904541850090029,0,1,0,-0.41904541850090029,0,-0.9079653024673462]},{"pos":[-107.53450775146485,1024.79150390625,-287.2133483886719,-0.9083057641983032,0,0.418306827545166,0,1,0,-0.418306827545166,0,-0.9083057641983032]},{"pos":[-107.6441421508789,1024.5133056640626,-286.97052001953127,-0.9087233543395996,0,0.41739892959594729,0,1,0,-0.41739892959594729,0,-0.9087233543395996]},{"pos":[-107.690185546875,1024.4659423828126,-286.8685302734375,-0.9087643623352051,0,0.41730958223342898,0,1,0,-0.41730958223342898,0,-0.9087643623352051]},{"pos":[-107.69217681884766,1024.4779052734376,-286.8641052246094,-0.9087654948234558,0,0.4173071086406708,0,1,0,-0.4173071086406708,0,-0.9087654948234558]},{"pos":[-107.69222259521485,1024.4903564453126,-286.864013671875,-0.9087655544281006,0,0.417307049036026,0,1,0,-0.417307049036026,0,-0.9087655544281006]},{"pos":[-107.69222259521485,1024.4979248046876,-286.864013671875,-0.9087655544281006,0,0.417307049036026,0,1,0,-0.417307049036026,0,-0.9087655544281006]},{"pos":[-107.69222259521485,1024.502197265625,-286.864013671875,-0.9087655544281006,0,0.417307049036026,0,1,0,-0.417307049036026,0,-0.9087655544281006]},{"pos":[-107.69222259521485,1024.5045166015626,-286.864013671875,-0.9087655544281006,0,0.417307049036026,0,1,0,-0.417307049036026,0,-0.9087655544281006]},{"pos":[-107.69222259521485,1024.5057373046876,-286.864013671875,-0.9087655544281006,0,0.417307049036026,0,1,0,-0.417307049036026,0,-0.9087655544281006]},{"pos":[-107.69222259521485,1024.50634765625,-286.864013671875,-0.9087655544281006,0,0.417307049036026,0,1,0,-0.417307049036026,0,-0.9087655544281006]},{"pos":[-107.69222259521485,1024.5067138671876,-286.864013671875,-0.9087655544281006,0,0.417307049036026,0,1,0,-0.417307049036026,0,-0.9087655544281006]},{"pos":[-107.69222259521485,1024.5069580078126,-286.864013671875,-0.9087655544281006,0,0.417307049036026,0,1,0,-0.417307049036026,0,-0.9087655544281006]},{"pos":[-107.69222259521485,1024.5069580078126,-286.864013671875,-0.9087655544281006,0,0.417307049036026,0,1,0,-0.417307049036026,0,-0.9087655544281006]},{"pos":[-107.69222259521485,1024.5069580078126,-286.864013671875,-0.9087655544281006,0,0.417307049036026,0,1,0,-0.417307049036026,0,-0.9087655544281006]},{"pos":[-107.69222259521485,1024.5069580078126,-286.864013671875,-0.9087655544281006,0,0.417307049036026,0,1,0,-0.417307049036026,0,-0.9087655544281006]},{"pos":[-107.69222259521485,1024.5069580078126,-286.864013671875,-0.9087655544281006,0,0.417307049036026,0,1,0,-0.417307049036026,0,-0.9087655544281006]},{"pos":[-107.69222259521485,1024.5069580078126,-286.864013671875,-0.9087655544281006,0,0.417307049036026,0,1,0,-0.417307049036026,0,-0.9087655544281006]},{"pos":[-107.69222259521485,1024.5069580078126,-286.864013671875,-0.9087655544281006,0,0.417307049036026,0,1,0,-0.417307049036026,0,-0.9087655544281006]},{"pos":[-107.69222259521485,1024.5069580078126,-286.864013671875,-0.9087655544281006,0,0.417307049036026,0,1,0,-0.417307049036026,0,-0.9087655544281006]},{"pos":[-107.69222259521485,1024.5069580078126,-286.864013671875,-0.9087655544281006,0,0.417307049036026,0,1,0,-0.417307049036026,0,-0.9087655544281006]},{"pos":[-107.69222259521485,1024.5069580078126,-286.864013671875,-0.9087655544281006,0,0.417307049036026,0,1,0,-0.417307049036026,0,-0.9087655544281006]},{"pos":[-107.69222259521485,1024.5069580078126,-286.864013671875,-0.9087655544281006,0,0.417307049036026,0,1,0,-0.417307049036026,0,-0.9087655544281006]},{"pos":[-107.69222259521485,1024.5069580078126,-286.864013671875,-0.9087655544281006,0,0.417307049036026,0,1,0,-0.417307049036026,0,-0.9087655544281006]},{"pos":[-107.9587173461914,1024.4661865234376,-286.823974609375,-0.8164733648300171,0,0.5773831605911255,0,1,0,-0.5773831605911255,0,-0.8164733648300171]},{"pos":[-108.08104705810547,1024.42529296875,-286.8040466308594,-0.7835448384284973,0,0.6213352680206299,0,1,0,-0.6213352680206299,0,-0.7835448384284973]},{"pos":[-108.44613647460938,1024.2384033203126,-286.7472229003906,-0.681728184223175,0,0.7316055297851563,0,1,0,-0.7316055297851563,0,-0.681728184223175]},{"pos":[-108.6183853149414,1024.12158203125,-286.7213439941406,-0.6323046088218689,0,0.7747198343276978,0,1,0,-0.7747198343276978,0,-0.6323046088218689]},{"pos":[-108.89033508300781,1023.902099609375,-286.682861328125,-0.5563644766807556,0,0.8309383392333984,0,1,0,-0.8309383392333984,0,-0.5563644766807556]},{"pos":[-109.05256652832031,1024.554443359375,-286.6600646972656,-0.5098225474357605,0,0.8602796196937561,0,1,0,-0.8602796196937561,0,-0.5098225474357605]},{"pos":[-109.29338836669922,1025.37646484375,-286.6257019042969,-0.4584409296512604,0,0.8887248635292053,0,1,0,-0.8887248635292053,0,-0.4584409296512604]},{"pos":[-109.5560302734375,1026.14404296875,-286.58740234375,-0.41584038734436037,0,0.9094375967979431,0,1,0,-0.9094375967979431,0,-0.41584038734436037]},{"pos":[-109.81965637207031,1026.85693359375,-286.5474548339844,-0.37954187393188479,0,0.9251745343208313,0,1,0,-0.9251745343208313,0,-0.37954187393188479]},{"pos":[-110.08326721191406,1027.515625,-286.5072937011719,-0.3482109010219574,0,0.9374161958694458,0,1,0,-0.9374161958694458,0,-0.3482109010219574]},{"pos":[-110.34664916992188,1028.11962890625,-286.465576171875,-0.32162144780158999,0,0.946868360042572,0,1,0,-0.946868360042572,0,-0.32162144780158999]},{"pos":[-110.67523193359375,1028.7979736328126,-286.40948486328127,-0.29485541582107546,0,0.9555418491363525,0,1,0,-0.9555418491363525,0,-0.29485541582107546]},{"pos":[-110.93740844726563,1029.2794189453126,-286.3608093261719,-0.2785448133945465,0,0.9604232311248779,0,1,0,-0.9604232311248779,0,-0.2785448133945465]},{"pos":[-111.1328125,1029.6046142578126,-286.31829833984377,-0.27058959007263186,0,0.9626948237419128,0,1,0,-0.9626948237419128,0,-0.27058959007263186]},{"pos":[-111.45691680908203,1030.0787353515626,-286.2404479980469,-0.2632763087749481,0,0.9647204875946045,0,1,0,-0.9647204875946045,0,-0.2632763087749481]},{"pos":[-111.71607208251953,1030.3966064453126,-286.1775817871094,-0.2592245042324066,0,0.9658170938491821,0,1,0,-0.9658170938491821,0,-0.2592245042324066]},{"pos":[-111.90910339355469,1030.59912109375,-286.12530517578127,-0.2586706578731537,0,0.9659655690193176,0,1,0,-0.9659655690193176,0,-0.2586706578731537]},{"pos":[-112.16500854492188,1030.82177734375,-286.0503234863281,-0.2610373795032501,0,0.9653286933898926,0,1,0,-0.9653286933898926,0,-0.2610373795032501]},{"pos":[-112.4846420288086,1031.023193359375,-285.9557189941406,-0.2648354768753052,0,0.9642935991287231,0,1,0,-0.9642935991287231,0,-0.2648354768753052]},{"pos":[-112.73934173583985,1031.1231689453126,-285.8767395019531,-0.26886993646621706,0,0.9631764888763428,0,1,0,-0.9631764888763428,0,-0.26886993646621706]},{"pos":[-112.9930419921875,1031.1685791015626,-285.79461669921877,-0.27398401498794558,0,0.9617342352867127,0,1,0,-0.9617342352867127,0,-0.27398401498794558]},{"pos":[-113.18160247802735,1031.166748046875,-285.7279968261719,-0.279565691947937,0,0.9601265788078308,0,1,0,-0.9601265788078308,0,-0.279565691947937]},{"pos":[-113.43126678466797,1031.1168212890626,-285.6343078613281,-0.28894442319869997,0,0.9573458433151245,0,1,0,-0.9573458433151245,0,-0.28894442319869997]},{"pos":[-113.74304962158203,1030.9776611328126,-285.5163879394531,-0.30016517639160159,0,0.9538872241973877,0,1,0,-0.9538872241973877,0,-0.30016517639160159]},{"pos":[-113.99117279052735,1030.8050537109376,-285.418701171875,-0.30923542380332949,0,0.9509854912757874,0,1,0,-0.9509854912757874,0,-0.30923542380332949]},{"pos":[-114.23670959472656,1030.5780029296876,-285.3147277832031,-0.319953054189682,0,0.9474334120750427,0,1,0,-0.9474334120750427,0,-0.319953054189682]},{"pos":[-114.48117065429688,1030.2962646484376,-285.20819091796877,-0.3309192955493927,0,0.9436590671539307,0,1,0,-0.9436590671539307,0,-0.3309192955493927]},{"pos":[-114.72494506835938,1029.9603271484376,-285.1000671386719,-0.3413095474243164,0,0.9399509429931641,0,1,0,-0.9399509429931641,0,-0.3413095474243164]},{"pos":[-114.90734100341797,1029.6724853515626,-285.01800537109377,-0.3486104905605316,0,0.9372676610946655,0,1,0,-0.9372676610946655,0,-0.3486104905605316]},{"pos":[-115.14899444580078,1029.2408447265626,-284.9052734375,-0.3586847484111786,0,0.9334587454795837,0,1,0,-0.9334587454795837,0,-0.3586847484111786]},{"pos":[-115.36795806884766,1028.7550048828126,-284.8026123046875,-0.36183589696884158,0,0.9322417974472046,0,1,0,-0.9322417974472046,0,-0.36183589696884158]},{"pos":[-115.45826721191406,1028.2144775390626,-284.7602844238281,-0.36219996213912966,0,0.9321004152297974,0,1,0,-0.9321004152297974,0,-0.36219996213912966]},{"pos":[-115.46187591552735,1027.6195068359376,-284.75860595703127,-0.36224207282066347,0,0.9320840239524841,0,1,0,-0.9320840239524841,0,-0.36224207282066347]},{"pos":[-115.46194458007813,1027.3946533203126,-284.7585754394531,-0.36224621534347536,0,0.9320824146270752,0,1,0,-0.9320824146270752,0,-0.36224621534347536]},{"pos":[-115.46194458007813,1027.44580078125,-284.7585754394531,-0.3622462749481201,0,0.9320824146270752,0,1,0,-0.9320824146270752,0,-0.3622462749481201]},{"pos":[-115.46194458007813,1027.499755859375,-284.7585754394531,-0.3622462749481201,0,0.9320824146270752,0,1,0,-0.9320824146270752,0,-0.3622462749481201]},{"pos":[-115.46194458007813,1027.531982421875,-284.7585754394531,-0.3622462749481201,0,0.9320824146270752,0,1,0,-0.9320824146270752,0,-0.3622462749481201]},{"pos":[-115.46194458007813,1027.5499267578126,-284.7585754394531,-0.3622462749481201,0,0.9320824146270752,0,1,0,-0.9320824146270752,0,-0.3622462749481201]},{"pos":[-115.46194458007813,1027.559814453125,-284.7585754394531,-0.3622462749481201,0,0.9320824146270752,0,1,0,-0.9320824146270752,0,-0.3622462749481201]},{"pos":[-115.46194458007813,1027.5653076171876,-284.7585754394531,-0.3622462749481201,0,0.9320824146270752,0,1,0,-0.9320824146270752,0,-0.3622462749481201]},{"pos":[-115.46194458007813,1027.568115234375,-284.7585754394531,-0.3622462749481201,0,0.9320824146270752,0,1,0,-0.9320824146270752,0,-0.3622462749481201]},{"pos":[-115.46194458007813,1027.56982421875,-284.7585754394531,-0.3622462749481201,0,0.9320824146270752,0,1,0,-0.9320824146270752,0,-0.3622462749481201]},{"pos":[-115.46194458007813,1027.5706787109376,-284.7585754394531,-0.3622462749481201,0,0.9320824146270752,0,1,0,-0.9320824146270752,0,-0.3622462749481201]},{"pos":[-115.46194458007813,1027.5711669921876,-284.7585754394531,-0.3622462749481201,0,0.9320824146270752,0,1,0,-0.9320824146270752,0,-0.3622462749481201]},{"pos":[-115.46194458007813,1027.5712890625,-284.7585754394531,-0.3622462749481201,0,0.9320824146270752,0,1,0,-0.9320824146270752,0,-0.3622462749481201]},{"pos":[-115.46194458007813,1027.5712890625,-284.7585754394531,-0.3622462749481201,0,0.9320824146270752,0,1,0,-0.9320824146270752,0,-0.3622462749481201]},{"pos":[-115.46194458007813,1027.5712890625,-284.7585754394531,-0.3622462749481201,0,0.9320824146270752,0,1,0,-0.9320824146270752,0,-0.3622462749481201]},{"pos":[-115.56735229492188,1027.57373046875,-284.68463134765627,-0.38284146785736086,0,0.923814058303833,0,1,0,-0.923814058303833,0,-0.38284146785736086]},{"pos":[-115.7151107788086,1027.5859375,-284.5718994140625,-0.405485600233078,0,0.9141014218330383,0,1,0,-0.9141014218330383,0,-0.405485600233078]},{"pos":[-115.91796875,1027.6190185546876,-284.40875244140627,-0.43704551458358767,0,0.8994393944740295,0,1,0,-0.8994393944740295,0,-0.43704551458358767]},{"pos":[-116.22053527832031,1027.6766357421876,-284.1522216796875,-0.4819527864456177,0,0.8761972188949585,0,1,0,-0.8761972188949585,0,-0.4819527864456177]},{"pos":[-116.32054138183594,1027.6905517578126,-284.06427001953127,-0.4951188862323761,0,0.8688252568244934,0,1,0,-0.8688252568244934,0,-0.4951188862323761]},{"pos":[-116.61775970458985,1027.7099609375,-283.7969665527344,-0.532142162322998,0,0.846655011177063,0,1,0,-0.846655011177063,0,-0.532142162322998]},{"pos":[-116.71347045898438,1027.6998291015626,-283.7061767578125,-0.5436201691627502,0,0.839331328868866,0,1,0,-0.839331328868866,0,-0.5436201691627502]},{"pos":[-116.90040588378906,1027.638671875,-283.52301025390627,-0.5660296678543091,0,0.824384868144989,0,1,0,-0.824384868144989,0,-0.5660296678543091]},{"pos":[-117.07953643798828,1027.538818359375,-283.33892822265627,-0.5877591967582703,0,0.8090359568595886,0,1,0,-0.8090359568595886,0,-0.5877591967582703]},{"pos":[-117.25202178955078,1027.42822265625,-283.157470703125,-0.6075168251991272,0,0.7943068146705627,0,1,0,-0.7943068146705627,0,-0.6075168251991272]},{"pos":[-117.46034240722656,1027.2872314453126,-282.9369812011719,-0.6293805837631226,0,0.777097225189209,0,1,0,-0.777097225189209,0,-0.6293805837631226]},{"pos":[-117.61827087402344,1027.1463623046876,-282.7684631347656,-0.6443291902542114,0,0.764748215675354,0,1,0,-0.764748215675354,0,-0.6443291902542114]},{"pos":[-117.76554870605469,1026.969482421875,-282.60662841796877,-0.6581534147262573,0,0.7528838515281677,0,1,0,-0.7528838515281677,0,-0.6581534147262573]},{"pos":[-117.87495422363281,1027.6217041015626,-282.4858703613281,-0.6682909727096558,0,0.7439000010490418,0,1,0,-0.7439000010490418,0,-0.6682909727096558]},{"pos":[-118.03680419921875,1028.4437255859376,-282.3058776855469,-0.679862380027771,0,0.7333396673202515,0,1,0,-0.7333396673202515,0,-0.679862380027771]},{"pos":[-118.21318054199219,1029.2113037109376,-282.1077880859375,-0.6896984577178955,0,0.7240967154502869,0,1,0,-0.7240967154502869,0,-0.6896984577178955]},{"pos":[-118.43362426757813,1030.093994140625,-281.8578186035156,-0.7005208134651184,0,0.7136319875717163,0,1,0,-0.7136319875717163,0,-0.7005208134651184]},{"pos":[-118.6095962524414,1030.739013671875,-281.6574401855469,-0.7079604268074036,0,0.7062520980834961,0,1,0,-0.7062520980834961,0,-0.7079604268074036]},{"pos":[-118.78656005859375,1031.329345703125,-281.4579772949219,-0.7138940095901489,0,0.7002537250518799,0,1,0,-0.7002537250518799,0,-0.7138940095901489]},{"pos":[-118.96272277832031,1031.865234375,-281.2577819824219,-0.7191409468650818,0,0.6948642134666443,0,1,0,-0.6948642134666443,0,-0.7191409468650818]},{"pos":[-119.09428405761719,1032.2314453125,-281.1071472167969,-0.722792387008667,0,0.6910651922225952,0,1,0,-0.6910651922225952,0,-0.722792387008667]},{"pos":[-119.35887145996094,1032.8717041015626,-280.80712890625,-0.7286171317100525,0,0.6849212646484375,0,1,0,-0.6849212646484375,0,-0.7286171317100525]},{"pos":[-119.5347900390625,1033.2305908203126,-280.6067199707031,-0.7319210767745972,0,0.6813894510269165,0,1,0,-0.6813894510269165,0,-0.7319210767745972]},{"pos":[-119.66492462158203,1033.4638671875,-280.454833984375,-0.7346804141998291,0,0.6784133911132813,0,1,0,-0.6784133911132813,0,-0.7346804141998291]},{"pos":[-119.87848663330078,1033.7845458984376,-280.19891357421877,-0.7402159571647644,0,0.6723691821098328,0,1,0,-0.6723691821098328,0,-0.7402159571647644]},{"pos":[-120.04673767089844,1033.9798583984376,-279.99200439453127,-0.7451134920120239,0,0.6669377088546753,0,1,0,-0.6669377088546753,0,-0.7451134920120239]},{"pos":[-120.2118148803711,1034.1204833984376,-279.7825622558594,-0.7506093382835388,0,0.6607462167739868,0,1,0,-0.6607462167739868,0,-0.7506093382835388]},{"pos":[-120.37321472167969,1034.2069091796876,-279.5703125,-0.7568379640579224,0,0.6536025404930115,0,1,0,-0.6536025404930115,0,-0.7568379640579224]},{"pos":[-120.53062438964844,1034.2386474609376,-279.35504150390627,-0.7638047933578491,0,0.645447313785553,0,1,0,-0.645447313785553,0,-0.7638047933578491]},{"pos":[-120.68407440185547,1034.2158203125,-279.1369323730469,-0.7713642716407776,0,0.6363939046859741,0,1,0,-0.6363939046859741,0,-0.7713642716407776]},{"pos":[-120.83367156982422,1034.138671875,-278.91619873046877,-0.7793412208557129,0,0.6265997290611267,0,1,0,-0.6265997290611267,0,-0.7793412208557129]},{"pos":[-120.94349670410156,1034.044921875,-278.7490539550781,-0.7854226231575012,0,0.6189598441123962,0,1,0,-0.6189598441123962,0,-0.7854226231575012]},{"pos":[-121.12198638916016,1033.820