{"a":[{"p":[-103.25321197509766,1018.7186889648438,-296.7901306152344,-0.8537288904190064,0,0.5207177996635437,0,1,0,-0.5207177996635437,0,-0.8537288904190064]},{"p":[-103.25321197509766,1018.7186889648438,-296.7901306152344,-0.8537288904190064,0,0.5207177996635437,0,1,0,-0.5207177996635437,0,-0.8537288904190064]},{"p":[-103.25321197509766,1018.7186889648438,-296.7901306152344,-0.8537288904190064,0,0.5207177996635437,0,1,0,-0.5207177996635437,0,-0.8537288904190064]},{"p":[-103.25321197509766,1018.7186889648438,-296.7901306152344,-0.8537288904190064,0,0.5207177996635437,0,1,0,-0.5207177996635437,0,-0.8537288904190064]},{"p":[-103.25321197509766,1018.7186889648438,-296.7901306152344,-0.8537288904190064,0,0.5207177996635437,0,1,0,-0.5207177996635437,0,-0.8537288904190064]},{"p":[-103.25321197509766,1018.7186889648438,-296.7901306152344,-0.8537288904190064,0,0.5207177996635437,0,1,0,-0.5207177996635437,0,-0.8537288904190064]},{"p":[-103.25321197509766,1018.7186889648438,-296.7901306152344,-0.8537288904190064,0,0.5207177996635437,0,1,0,-0.5207177996635437,0,-0.8537288904190064]},{"p":[-103.25321197509766,1018.7186889648438,-296.7901306152344,-0.8537288904190064,0,0.5207177996635437,0,1,0,-0.5207177996635437,0,-0.8537288904190064]},{"p":[-103.25321197509766,1018.7186889648438,-296.7901306152344,-0.8537288904190064,0,0.5207177996635437,0,1,0,-0.5207177996635437,0,-0.8537288904190064]},{"p":[-103.25321197509766,1018.7186889648438,-296.7901306152344,-0.8537288904190064,0,0.5207177996635437,0,1,0,-0.5207177996635437,0,-0.8537288904190064]},{"p":[-103.25321197509766,1018.7186889648438,-296.7901306152344,-0.8537288904190064,0,0.5207177996635437,0,1,0,-0.5207177996635437,0,-0.8537288904190064]},{"p":[-103.25321197509766,1018.7186889648438,-296.7901306152344,-0.8537288904190064,0,0.5207177996635437,0,1,0,-0.5207177996635437,0,-0.8537288904190064]},{"p":[-103.25321197509766,1018.7186889648438,-296.7901306152344,-0.8537288904190064,0,0.5207177996635437,0,1,0,-0.5207177996635437,0,-0.8537288904190064]},{"p":[-103.25321197509766,1018.7186889648438,-296.7901306152344,-0.8537288904190064,0,0.5207177996635437,0,1,0,-0.5207177996635437,0,-0.8537288904190064]},{"p":[-103.25321197509766,1018.7186889648438,-296.7901306152344,-0.8537288904190064,0,0.5207177996635437,0,1,0,-0.5207177996635437,0,-0.8537288904190064]},{"p":[-103.25321197509766,1018.7186889648438,-296.7901306152344,-0.8537288904190064,0,0.5207177996635437,0,1,0,-0.5207177996635437,0,-0.8537288904190064]},{"p":[-103.25321197509766,1018.7186889648438,-296.7901306152344,-0.8537288904190064,0,0.5207177996635437,0,1,0,-0.5207177996635437,0,-0.8537288904190064]},{"p":[-103.25321197509766,1018.7186889648438,-296.7901306152344,-0.8537288904190064,0,0.5207177996635437,0,1,0,-0.5207177996635437,0,-0.8537288904190064]},{"p":[-103.25321197509766,1018.7186889648438,-296.7901306152344,-0.8537288904190064,0,0.5207177996635437,0,1,0,-0.5207177996635437,0,-0.8537288904190064]},{"p":[-103.25321197509766,1018.7186889648438,-296.7901306152344,-0.8537288904190064,0,0.5207177996635437,0,1,0,-0.5207177996635437,0,-0.8537288904190064]},{"p":[-103.25321197509766,1018.7186889648438,-296.7901306152344,-0.8537288904190064,0,0.5207177996635437,0,1,0,-0.5207177996635437,0,-0.8537288904190064]},{"p":[-103.25321197509766,1018.7186889648438,-296.7901306152344,-0.8537288904190064,0,0.5207177996635437,0,1,0,-0.5207177996635437,0,-0.8537288904190064]},{"p":[-103.25321197509766,1018.7186889648438,-296.7901306152344,-0.8537288904190064,0,0.5207177996635437,0,1,0,-0.5207177996635437,0,-0.8537288904190064]},{"p":[-103.25321197509766,1018.7186889648438,-296.7901306152344,-0.8537288904190064,0,0.5207177996635437,0,1,0,-0.5207177996635437,0,-0.8537288904190064]},{"p":[-103.25321197509766,1018.7186889648438,-296.7901306152344,-0.8537288904190064,0,0.5207177996635437,0,1,0,-0.5207177996635437,0,-0.8537288904190064]},{"p":[-103.25321197509766,1018.7186889648438,-296.7901306152344,-0.8537288904190064,0,0.5207177996635437,0,1,0,-0.5207177996635437,0,-0.8537288904190064]},{"p":[-103.25321197509766,1018.7186889648438,-296.7901306152344,-0.8537288904190064,0,0.5207177996635437,0,1,0,-0.5207177996635437,0,-0.8537288904190064]},{"p":[-103.25321197509766,1018.7186889648438,-296.7901306152344,-0.8537288904190064,0,0.5207177996635437,0,1,0,-0.5207177996635437,0,-0.8537288904190064]},{"p":[-103.32138061523438,1018.7186889648438,-296.8213806152344,-0.7501167058944702,0,0.6613054871559143,0,1,0,-0.6613054871559143,0,-0.7501167058944702]},{"p":[-103.49319458007813,1018.7186889648438,-296.910400390625,-0.6210263967514038,0,0.7837896347045898,0,1,0,-0.7837896347045898,0,-0.6210263967514038]},{"p":[-103.72422790527344,1018.7186889648438,-297.0335693359375,-0.4909570515155792,0,0.8711837530136108,0,1,0,-0.8711837530136108,0,-0.4909570515155792]},{"p":[-103.95986938476563,1018.7186889648438,-297.158203125,-0.368934690952301,0,0.9294553399085999,0,1,0,-0.9294553399085999,0,-0.368934690952301]},{"p":[-104.19641876220703,1018.7186889648438,-297.2812805175781,-0.25876301527023318,0,0.9659408330917358,0,1,0,-0.9659408330917358,0,-0.25876301527023318]},{"p":[-104.4334487915039,1018.7186889648438,-297.4034729003906,-0.1611749678850174,0,0.9869258403778076,0,1,0,-0.9869258403778076,0,-0.1611749678850174]},{"p":[-104.67036437988281,1018.7186889648438,-297.52587890625,-0.07536132633686066,0,0.9971562623977661,0,1,0,-0.9971562623977661,0,-0.07536132633686066]},{"p":[-104.7886962890625,1018.7186889648438,-297.5873107910156,-0.03750230371952057,0,0.9992965459823608,0,1,0,-0.9992965459823608,0,-0.03750230371952057]},{"p":[-105.14313507080078,1018.7186889648438,-297.772705078125,0.06696351617574692,0,0.9977554082870483,0,1,0,-0.9977554082870483,0,0.06696351617574692]},{"p":[-105.37987518310547,1018.7186889648438,-297.89544677734377,0.12286945432424545,0,0.9924228191375732,0,1,0,-0.9924228191375732,0,0.12286945432424545]},{"p":[-105.61609649658203,1018.7186889648438,-298.0191650390625,0.1709747612476349,0,0.985275387763977,0,1,0,-0.985275387763977,0,0.1709747612476349]},{"p":[-105.7335433959961,1018.7186889648438,-298.082275390625,0.1925511360168457,0,0.9812869429588318,0,1,0,-0.9812869429588318,0,0.1925511360168457]},{"p":[-106.07575988769531,1018.7186889648438,-298.289306640625,0.26099997758865359,0,0.9653388261795044,0,1,0,-0.9653388261795044,0,0.26099997758865359]},{"p":[-106.1456527709961,1018.7186889648438,-298.33184814453127,0.26477405428886416,0,0.9643104672431946,0,1,0,-0.9643104672431946,0,0.26477405428886416]},{"p":[-106.1751937866211,1018.7186889648438,-298.349853515625,0.26550528407096865,0,0.9641094207763672,0,1,0,-0.9641094207763672,0,0.26550528407096865]},{"p":[-106.17577362060547,1018.7186889648438,-298.3501892089844,0.2655254900455475,0,0.9641038179397583,0,1,0,-0.9641038179397583,0,0.2655254900455475]},{"p":[-106.17578125,1018.7186889648438,-298.3501892089844,0.26552605628967287,0,0.9641036987304688,0,1,0,-0.9641036987304688,0,0.26552605628967287]},{"p":[-106.17578125,1018.7186889648438,-298.3501892089844,0.26552605628967287,0,0.9641036987304688,0,1,0,-0.9641036987304688,0,0.26552605628967287]},{"p":[-106.17578125,1018.7186889648438,-298.3501892089844,0.26552605628967287,0,0.9641036987304688,0,1,0,-0.9641036987304688,0,0.26552605628967287]},{"p":[-106.17578125,1018.7186889648438,-298.3501892089844,0.26552605628967287,0,0.9641036987304688,0,1,0,-0.9641036987304688,0,0.26552605628967287]},{"p":[-106.17578125,1018.7186889648438,-298.3501892089844,0.26552605628967287,0,0.9641036987304688,0,1,0,-0.9641036987304688,0,0.26552605628967287]},{"p":[-106.17578125,1018.7186889648438,-298.3501892089844,0.26552605628967287,0,0.9641036987304688,0,1,0,-0.9641036987304688,0,0.26552605628967287]},{"p":[-106.17578125,1018.7186889648438,-298.3501892089844,0.26552605628967287,0,0.9641036987304688,0,1,0,-0.9641036987304688,0,0.26552605628967287]},{"p":[-106.17578125,1018.7186889648438,-298.3501892089844,0.26552605628967287,0,0.9641036987304688,0,1,0,-0.9641036987304688,0,0.26552605628967287]},{"p":[-106.17578125,1018.7186889648438,-298.3501892089844,0.26552605628967287,0,0.9641036987304688,0,1,0,-0.9641036987304688,0,0.26552605628967287]},{"p":[-106.17578125,1018.7186889648438,-298.3501892089844,0.26552605628967287,0,0.9641036987304688,0,1,0,-0.9641036987304688,0,0.26552605628967287]},{"p":[-106.17578125,1018.7186889648438,-298.3501892089844,0.26552605628967287,0,0.9641036987304688,0,1,0,-0.9641036987304688,0,0.26552605628967287]},{"p":[-106.17578125,1018.7186889648438,-298.3501892089844,0.26552605628967287,0,0.9641036987304688,0,1,0,-0.9641036987304688,0,0.26552605628967287]},{"p":[-106.17578125,1018.7186889648438,-298.3501892089844,0.26552605628967287,0,0.9641036987304688,0,1,0,-0.9641036987304688,0,0.26552605628967287]},{"p":[-106.17578125,1018.7186889648438,-298.3501892089844,0.26552605628967287,0,0.9641036987304688,0,1,0,-0.9641036987304688,0,0.26552605628967287]},{"p":[-106.17578125,1018.7186889648438,-298.3501892089844,0.26552605628967287,0,0.9641036987304688,0,1,0,-0.9641036987304688,0,0.26552605628967287]},{"p":[-106.17578125,1018.7186889648438,-298.3501892089844,0.26552605628967287,0,0.9641036987304688,0,1,0,-0.9641036987304688,0,0.26552605628967287]},{"p":[-106.17578125,1018.7186889648438,-298.3501892089844,0.26552605628967287,0,0.9641036987304688,0,1,0,-0.9641036987304688,0,0.26552605628967287]},{"p":[-106.17578125,1018.7186889648438,-298.3501892089844,0.26552605628967287,0,0.9641036987304688,0,1,0,-0.9641036987304688,0,0.26552605628967287]},{"p":[-106.17578125,1018.7186889648438,-298.3501892089844,0.26552605628967287,0,0.9641036987304688,0,1,0,-0.9641036987304688,0,0.26552605628967287]},{"p":[-106.17578125,1018.7186889648438,-298.3501892089844,0.26552605628967287,0,0.9641036987304688,0,1,0,-0.9641036987304688,0,0.26552605628967287]},{"p":[-106.17578125,1018.7186889648438,-298.3501892089844,0.26552605628967287,0,0.9641036987304688,0,1,0,-0.9641036987304688,0,0.26552605628967287]},{"p":[-106.17578125,1018.7186889648438,-298.3501892089844,0.26552605628967287,0,0.9641036987304688,0,1,0,-0.9641036987304688,0,0.26552605628967287]},{"p":[-106.17578125,1018.7186889648438,-298.3501892089844,0.26552605628967287,0,0.9641036987304688,0,1,0,-0.9641036987304688,0,0.26552605628967287]},{"p":[-106.17578125,1018.7186889648438,-298.3501892089844,0.26552605628967287,0,0.9641036987304688,0,1,0,-0.9641036987304688,0,0.26552605628967287]},{"p":[-106.17578125,1018.7186889648438,-298.3501892089844,0.26552605628967287,0,0.9641036987304688,0,1,0,-0.9641036987304688,0,0.26552605628967287]},{"p":[-106.17578125,1018.7186889648438,-298.3501892089844,0.26552605628967287,0,0.9641036987304688,0,1,0,-0.9641036987304688,0,0.26552605628967287]},{"p":[-106.27582550048828,1018.7186889648438,-298.42071533203127,0.3053574562072754,0,0.9522377848625183,0,1,0,-0.9522377848625183,0,0.3053574562072754]},{"p":[-106.58448028564453,1018.7186889648438,-298.6492004394531,0.3672012686729431,0,0.9301415085792542,0,1,0,-0.9301415085792542,0,0.3672012686729431]},{"p":[-106.69152069091797,1018.7186889648438,-298.7286376953125,0.38407909870147707,0,0.9233002066612244,0,1,0,-0.9233002066612244,0,0.38407909870147707]},{"p":[-106.90438842773438,1018.7186889648438,-298.88922119140627,0.41520625352859499,0,0.9097273349761963,0,1,0,-0.9097273349761963,0,0.41520625352859499]},{"p":[-107.11715698242188,1018.7186889648438,-299.04998779296877,0.44196194410324099,0,0.8970338106155396,0,1,0,-0.8970338106155396,0,0.44196194410324099]},{"p":[-107.32756042480469,1018.7186889648438,-299.2138366699219,0.4664783179759979,0,0.884532630443573,0,1,0,-0.884532630443573,0,0.4664783179759979]},{"p":[-107.5372543334961,1018.7186889648438,-299.3785705566406,0.4879396855831146,0,0.8728773593902588,0,1,0,-0.8728773593902588,0,0.4879396855831146]},{"p":[-107.7457504272461,1018.7186889648438,-299.5448303222656,0.5071014761924744,0,0.8618863821029663,0,1,0,-0.8618863821029663,0,0.5071014761924744]},{"p":[-107.95299530029297,1018.7186889648438,-299.712646484375,0.5243293046951294,0,0.8515155911445618,0,1,0,-0.8515155911445618,0,0.5243293046951294]},{"p":[-108.15973663330078,1018.7186889648438,-299.8810729980469,0.5394142270088196,0,0.8420405387878418,0,1,0,-0.8420405387878418,0,0.5394142270088196]},{"p":[-108.3652572631836,1018.7186889648438,-300.05096435546877,0.5531131625175476,0,0.8331061601638794,0,1,0,-0.8331061601638794,0,0.5531131625175476]},{"p":[-108.67155456542969,1018.7186889648438,-300.3082275390625,0.5718762278556824,0,0.8203399181365967,0,1,0,-0.8203399181365967,0,0.5718762278556824]},{"p":[-108.87415313720703,1018.7186889648438,-300.48162841796877,0.5828808546066284,0,0.8125576376914978,0,1,0,-0.8125576376914978,0,0.5828808546066284]},{"p":[-108.9593276977539,1018.7186889648438,-300.55462646484377,0.5839325189590454,0,0.8118022084236145,0,1,0,-0.8118022084236145,0,0.5839325189590454]},{"p":[-108.96302032470703,1018.7186889648438,-300.55780029296877,0.5839616060256958,0,0.8117812871932983,0,1,0,-0.8117812871932983,0,0.5839616060256958]},{"p":[-108.96308898925781,1018.7186889648438,-300.557861328125,0.5839623808860779,0,0.8117807507514954,0,1,0,-0.8117807507514954,0,0.5839623808860779]},{"p":[-108.96308898925781,1018.7186889648438,-300.557861328125,0.5839623808860779,0,0.8117806911468506,0,1,0,-0.8117806911468506,0,0.5839623808860779]},{"p":[-108.96308898925781,1018.7186889648438,-300.557861328125,0.5839623808860779,0,0.8117806911468506,0,1,0,-0.8117806911468506,0,0.5839623808860779]},{"p":[-108.96308898925781,1018.7186889648438,-300.557861328125,0.5839623808860779,0,0.8117806911468506,0,1,0,-0.8117806911468506,0,0.5839623808860779]},{"p":[-108.96308898925781,1018.7186889648438,-300.557861328125,0.5839623808860779,0,0.8117806911468506,0,1,0,-0.8117806911468506,0,0.5839623808860779]},{"p":[-108.96308898925781,1018.7186889648438,-300.557861328125,0.5839623808860779,0,0.8117806911468506,0,1,0,-0.8117806911468506,0,0.5839623808860779]},{"p":[-108.96308898925781,1018.7186889648438,-300.557861328125,0.5839623808860779,0,0.8117806911468506,0,1,0,-0.8117806911468506,0,0.5839623808860779]},{"p":[-108.96308898925781,1018.7186889648438,-300.557861328125,0.5839623808860779,0,0.8117806911468506,0,1,0,-0.8117806911468506,0,0.5839623808860779]},{"p":[-108.96308898925781,1018.7186889648438,-300.557861328125,0.5839623808860779,0,0.8117806911468506,0,1,0,-0.8117806911468506,0,0.5839623808860779]},{"p":[-108.96308898925781,1018.7186889648438,-300.557861328125,0.5839623808860779,0,0.8117806911468506,0,1,0,-0.8117806911468506,0,0.5839623808860779]},{"p":[-108.96308898925781,1018.7186889648438,-300.557861328125,0.5839623808860779,0,0.8117806911468506,0,1,0,-0.8117806911468506,0,0.5839623808860779]},{"p":[-108.96308898925781,1018.7186889648438,-300.557861328125,0.5839623808860779,0,0.8117806911468506,0,1,0,-0.8117806911468506,0,0.5839623808860779]},{"p":[-108.96308898925781,1018.7186889648438,-300.557861328125,0.5839623808860779,0,0.8117806911468506,0,1,0,-0.8117806911468506,0,0.5839623808860779]},{"p":[-108.96308898925781,1018.7186889648438,-300.557861328125,0.5839623808860779,0,0.8117806911468506,0,1,0,-0.8117806911468506,0,0.5839623808860779]},{"p":[-108.96308898925781,1018.7186889648438,-300.557861328125,0.5839623808860779,0,0.8117806911468506,0,1,0,-0.8117806911468506,0,0.5839623808860779]},{"p":[-108.96308898925781,1018.7186889648438,-300.557861328125,0.5839623808860779,0,0.8117806911468506,0,1,0,-0.8117806911468506,0,0.5839623808860779]},{"p":[-108.96308898925781,1018.7186889648438,-300.557861328125,0.5839623808860779,0,0.8117806911468506,0,1,0,-0.8117806911468506,0,0.5839623808860779]},{"p":[-108.96308898925781,1018.7186889648438,-300.557861328125,0.5839623808860779,0,0.8117806911468506,0,1,0,-0.8117806911468506,0,0.5839623808860779]},{"p":[-108.98654174804688,1018.7186889648438,-300.6563415527344,0.6514211297035217,0,0.758716344833374,0,1,0,-0.758716344833374,0,0.6514211297035217]},{"p":[-109.02059936523438,1018.7186889648438,-300.84722900390627,0.7182032465934753,0,0.6958333849906921,0,1,0,-0.6958333849906921,0,0.7182032465934753]},{"p":[-109.06075286865235,1018.7186889648438,-301.10546875,0.7734820246696472,0,0.6338182091712952,0,1,0,-0.6338182091712952,0,0.7734820246696472]},{"p":[-109.08560180664063,1018.7186889648438,-301.3708190917969,0.8216564655303955,0,0.5699830055236816,0,1,0,-0.5699830055236816,0,0.8216564655303955]},{"p":[-109.0971908569336,1018.7186889648438,-301.63720703125,0.8625499606132507,0,0.5059719085693359,0,1,0,-0.5059719085693359,0,0.8625499606132507]},{"p":[-109.09378814697266,1018.7186889648438,-301.90380859375,0.897277295589447,0,0.44146743416786196,0,1,0,-0.44146743416786196,0,0.897277295589447]},{"p":[-109.0762939453125,1018.7186889648438,-302.1698913574219,0.9261575937271118,0,0.3771367073059082,0,1,0,-0.3771367073059082,0,0.9261575937271118]},{"p":[-109.04608154296875,1018.7186889648438,-302.434814453125,0.9494835138320923,0,0.31381699442863467,0,1,0,-0.31381699442863467,0,0.9494835138320923]},{"p":[-109.00675964355469,1018.7186889648438,-302.69854736328127,0.9673776030540466,0,0.2533387243747711,0,1,0,-0.2533387243747711,0,0.9673776030540466]},{"p":[-108.9576416015625,1018.7186889648438,-302.96063232421877,0.9807451367378235,0,0.19529208540916444,0,1,0,-0.19529208540916444,0,0.9807451367378235]},{"p":[-108.900634765625,1018.7186889648438,-303.22113037109377,0.9900858998298645,0,0.14046309888362885,0,1,0,-0.14046309888362885,0,0.9900858998298645]},{"p":[-108.8381576538086,1018.7186889648438,-303.4803771972656,0.9959577918052673,0,0.08982245624065399,0,1,0,-0.08982245624065399,0,0.9959577918052673]},{"p":[-108.76856231689453,1018.7186889648438,-303.73779296875,0.9991115927696228,0,0.04214244335889816,0,1,0,-0.04214244335889816,0,0.9991115927696228]},{"p":[-108.69303894042969,1018.7186889648438,-303.9935302734375,0.9999973177909851,0,-0.0023125524166971447,0,1,0,0.0023125524166971447,0,0.9999973177909851]},{"p":[-108.6117172241211,1018.7186889648438,-304.24749755859377,0.9990392327308655,0,-0.043824877589941028,0,1,0,0.043824877589941028,0,0.9990392327308655]},{"p":[-108.52465057373047,1018.7186889648438,-304.4995422363281,0.9965723752975464,0,-0.08272562175989151,0,1,0,0.08272562175989151,0,0.9965723752975464]},{"p":[-108.43187713623047,1018.7186889648438,-304.7495422363281,0.9928563237190247,0,-0.11931601911783219,0,1,0,0.11931601911783219,0,0.9928563237190247]},{"p":[-108.39270782470703,1018.7186889648438,-304.8546447753906,0.9924264550209045,0,-0.1228402704000473,0,1,0,0.1228402704000473,0,0.9924264550209045]},{"p":[-108.3910140991211,1018.7186889648438,-304.85919189453127,0.9924144148826599,0,-0.1229376345872879,0,1,0,0.1229376345872879,0,0.9924144148826599]},{"p":[-108.39097595214844,1018.7186889648438,-304.8592834472656,0.9924140572547913,0,-0.1229403167963028,0,1,0,0.1229403167963028,0,0.9924140572547913]},{"p":[-108.39097595214844,1018.7186889648438,-304.8592834472656,0.9924140572547913,0,-0.12294039130210877,0,1,0,0.12294039130210877,0,0.9924140572547913]},{"p":[-108.39097595214844,1018.7186889648438,-304.8592834472656,0.9924140572547913,0,-0.12294039130210877,0,1,0,0.12294039130210877,0,0.9924140572547913]},{"p":[-108.39097595214844,1018.7186889648438,-304.8592834472656,0.9924140572547913,0,-0.12294039130210877,0,1,0,0.12294039130210877,0,0.9924140572547913]},{"p":[-108.39097595214844,1018.7186889648438,-304.8592834472656,0.9924140572547913,0,-0.12294039130210877,0,1,0,0.12294039130210877,0,0.9924140572547913]},{"p":[-108.39097595214844,1018.7186889648438,-304.8592834472656,0.9924140572547913,0,-0.12294039130210877,0,1,0,0.12294039130210877,0,0.9924140572547913]},{"p":[-108.39097595214844,1018.7186889648438,-304.8592834472656,0.9924140572547913,0,-0.12294039130210877,0,1,0,0.12294039130210877,0,0.9924140572547913]},{"p":[-108.39097595214844,1018.7186889648438,-304.8592834472656,0.9924140572547913,0,-0.12294039130210877,0,1,0,0.12294039130210877,0,0.9924140572547913]},{"p":[-108.39097595214844,1018.7186889648438,-304.8592834472656,0.9924140572547913,0,-0.12294039130210877,0,1,0,0.12294039130210877,0,0.9924140572547913]},{"p":[-108.39097595214844,1018.7186889648438,-304.8592834472656,0.9924140572547913,0,-0.12294039130210877,0,1,0,0.12294039130210877,0,0.9924140572547913]},{"p":[-108.39097595214844,1018.7186889648438,-304.8592834472656,0.9924140572547913,0,-0.12294039130210877,0,1,0,0.12294039130210877,0,0.9924140572547913]},{"p":[-108.39097595214844,1018.7186889648438,-304.8592834472656,0.9924140572547913,0,-0.12294039130210877,0,1,0,0.12294039130210877,0,0.9924140572547913]},{"p":[-108.39097595214844,1018.7186889648438,-304.8592834472656,0.9924140572547913,0,-0.12294039130210877,0,1,0,0.12294039130210877,0,0.9924140572547913]},{"p":[-108.39097595214844,1018.7186889648438,-304.8592834472656,0.9924140572547913,0,-0.12294039130210877,0,1,0,0.12294039130210877,0,0.9924140572547913]},{"p":[-108.39097595214844,1018.7186889648438,-304.8592834472656,0.9924140572547913,0,-0.12294039130210877,0,1,0,0.12294039130210877,0,0.9924140572547913]},{"p":[-108.39097595214844,1018.7186889648438,-304.8592834472656,0.9924140572547913,0,-0.12294039130210877,0,1,0,0.12294039130210877,0,0.9924140572547913]},{"p":[-108.39097595214844,1018.7186889648438,-304.8592834472656,0.9924140572547913,0,-0.12294039130210877,0,1,0,0.12294039130210877,0,0.9924140572547913]},{"p":[-108.39097595214844,1018.7186889648438,-304.8592834472656,0.9924140572547913,0,-0.12294039130210877,0,1,0,0.12294039130210877,0,0.9924140572547913]},{"p":[-108.39097595214844,1018.7186889648438,-304.8592834472656,0.9924140572547913,0,-0.12294039130210877,0,1,0,0.12294039130210877,0,0.9924140572547913]},{"p":[-108.39097595214844,1018.7186889648438,-304.8592834472656,0.9924140572547913,0,-0.12294039130210877,0,1,0,0.12294039130210877,0,0.9924140572547913]},{"p":[-108.39097595214844,1018.7186889648438,-304.8592834472656,0.9924140572547913,0,-0.12294039130210877,0,1,0,0.12294039130210877,0,0.9924140572547913]},{"p":[-108.39097595214844,1018.7186889648438,-304.8592834472656,0.9924140572547913,0,-0.12294039130210877,0,1,0,0.12294039130210877,0,0.9924140572547913]},{"p":[-108.39097595214844,1018.7186889648438,-304.8592834472656,0.9924140572547913,0,-0.12294039130210877,0,1,0,0.12294039130210877,0,0.9924140572547913]},{"p":[-108.39097595214844,1018.7186889648438,-304.8592834472656,0.9924140572547913,0,-0.12294039130210877,0,1,0,0.12294039130210877,0,0.9924140572547913]},{"p":[-108.39097595214844,1018.7186889648438,-304.8592834472656,0.9924140572547913,0,-0.12294039130210877,0,1,0,0.12294039130210877,0,0.9924140572547913]},{"p":[-108.39097595214844,1018.7186889648438,-304.8592834472656,0.9924140572547913,0,-0.12294039130210877,0,1,0,0.12294039130210877,0,0.9924140572547913]},{"p":[-108.39097595214844,1018.7186889648438,-304.8592834472656,0.9924140572547913,0,-0.12294039130210877,0,1,0,0.12294039130210877,0,0.9924140572547913]},{"p":[-108.39097595214844,1018.7186889648438,-304.8592834472656,0.9924140572547913,0,-0.12294039130210877,0,1,0,0.12294039130210877,0,0.9924140572547913]},{"p":[-108.39097595214844,1018.7186889648438,-304.8592834472656,0.9924140572547913,0,-0.12294039130210877,0,1,0,0.12294039130210877,0,0.9924140572547913]},{"p":[-108.39097595214844,1018.7186889648438,-304.8592834472656,0.9924140572547913,0,-0.12294039130210877,0,1,0,0.12294039130210877,0,0.9924140572547913]},{"p":[-108.39097595214844,1018.7186889648438,-304.8592834472656,0.9924140572547913,0,-0.12294039130210877,0,1,0,0.12294039130210877,0,0.9924140572547913]},{"p":[-108.39097595214844,1018.7186889648438,-304.8592834472656,0.9924140572547913,0,-0.12294039130210877,0,1,0,0.12294039130210877,0,0.9924140572547913]},{"p":[-108.39097595214844,1018.7186889648438,-304.8592834472656,0.9924140572547913,0,-0.12294039130210877,0,1,0,0.12294039130210877,0,0.9924140572547913]},{"p":[-108.39097595214844,1018.7186889648438,-304.8592834472656,0.9924140572547913,0,-0.12294039130210877,0,1,0,0.12294039130210877,0,0.9924140572547913]},{"p":[-108.39097595214844,1018.7186889648438,-304.8592834472656,0.9924140572547913,0,-0.12294039130210877,0,1,0,0.12294039130210877,0,0.9924140572547913]},{"p":[-108.39097595214844,1018.7186889648438,-304.8592834472656,0.9924140572547913,0,-0.12294039130210877,0,1,0,0.12294039130210877,0,0.9924140572547913]},{"p":[-108.39097595214844,1018.7186889648438,-304.8592834472656,0.9924140572547913,0,-0.12294039130210877,0,1,0,0.12294039130210877,0,0.9924140572547913]},{"p":[-108.39097595214844,1018.7186889648438,-304.8592834472656,0.9924140572547913,0,-0.12294039130210877,0,1,0,0.12294039130210877,0,0.9924140572547913]},{"p":[-108.39097595214844,1018.7186889648438,-304.8592834472656,0.9924140572547913,0,-0.12294039130210877,0,1,0,0.12294039130210877,0,0.9924140572547913]},{"p":[-108.39097595214844,1018.7186889648438,-304.8592834472656,0.9924140572547913,0,-0.12294039130210877,0,1,0,0.12294039130210877,0,0.9924140572547913]},{"p":[-108.39097595214844,1018.7186889648438,-304.8592834472656,0.9924140572547913,0,-0.12294039130210877,0,1,0,0.12294039130210877,0,0.9924140572547913]},{"p":[-108.39097595214844,1018.7186889648438,-304.8592834472656,0.9924140572547913,0,-0.12294039130210877,0,1,0,0.12294039130210877,0,0.9924140572547913]},{"p":[-108.39097595214844,1018.7186889648438,-304.8592834472656,0.9924140572547913,0,-0.12294039130210877,0,1,0,0.12294039130210877,0,0.9924140572547913]},{"p":[-108.39097595214844,1018.7186889648438,-304.8592834472656,0.9924140572547913,0,-0.12294039130210877,0,1,0,0.12294039130210877,0,0.9924140572547913]},{"p":[-108.39097595214844,1018.7186889648438,-304.8592834472656,0.9924140572547913,0,-0.12294039130210877,0,1,0,0.12294039130210877,0,0.9924140572547913]},{"p":[-108.39097595214844,1018.7186889648438,-304.8592834472656,0.9924140572547913,0,-0.12294039130210877,0,1,0,0.12294039130210877,0,0.9924140572547913]},{"p":[-108.39097595214844,1018.7186889648438,-304.8592834472656,0.9924140572547913,0,-0.12294039130210877,0,1,0,0.12294039130210877,0,0.9924140572547913]},{"p":[-108.39097595214844,1018.7186889648438,-304.8592834472656,0.9924140572547913,0,-0.12294039130210877,0,1,0,0.12294039130210877,0,0.9924140572547913]},{"p":[-108.39097595214844,1018.7186889648438,-304.8592834472656,0.9924140572547913,0,-0.12294039130210877,0,1,0,0.12294039130210877,0,0.9924140572547913]},{"p":[-108.39097595214844,1018.7186889648438,-304.8592834472656,0.9924140572547913,0,-0.12294039130210877,0,1,0,0.12294039130210877,0,0.9924140572547913]},{"p":[-108.39097595214844,1018.7186889648438,-304.8592834472656,0.9924140572547913,0,-0.12294039130210877,0,1,0,0.12294039130210877,0,0.9924140572547913]},{"p":[-108.39097595214844,1018.7186889648438,-304.8592834472656,0.9924140572547913,0,-0.12294039130210877,0,1,0,0.12294039130210877,0,0.9924140572547913]},{"p":[-108.39097595214844,1018.7186889648438,-304.8592834472656,0.9924140572547913,0,-0.12294039130210877,0,1,0,0.12294039130210877,0,0.9924140572547913]},{"p":[-108.39097595214844,1018.7186889648438,-304.8592834472656,0.9924140572547913,0,-0.12294039130210877,0,1,0,0.12294039130210877,0,0.9924140572547913]},{"p":[-108.39097595214844,1018.7186889648438,-304.8592834472656,0.9924140572547913,0,-0.12294039130210877,0,1,0,0.12294039130210877,0,0.9924140572547913]},{"p":[-108.39097595214844,1018.7186889648438,-304.8592834472656,0.9924140572547913,0,-0.12294039130210877,0,1,0,0.12294039130210877,0,0.9924140572547913]},{"p":[-108.39097595214844,1018.7186889648438,-304.8592834472656,0.9924140572547913,0,-0.12294039130210877,0,1,0,0.12294039130210877,0,0.9924140572547913]},{"p":[-108.39097595214844,1018.7186889648438,-304.8592834472656,0.9924140572547913,0,-0.12294039130210877,0,1,0,0.12294039130210877,0,0.9924140572547913]},{"p":[-108.39097595214844,1018.7186889648438,-304.8592834472656,0.9924140572547913,0,-0.12294039130210877,0,1,0,0.12294039130210877,0,0.9924140572547913]},{"p":[-108.39097595214844,1018.7186889648438,-304.8592834472656,0.9924140572547913,0,-0.12294039130210877,0,1,0,0.12294039130210877,0,0.9924140572547913]},{"p":[-108.39097595214844,1018.7186889648438,-304.8592834472656,0.9924140572547913,0,-0.12294039130210877,0,1,0,0.12294039130210877,0,0.9924140572547913]},{"p":[-108.39097595214844,1018.7186889648438,-304.8592834472656,0.9924140572547913,0,-0.12294039130210877,0,1,0,0.12294039130210877,0,0.9924140572547913]},{"p":[-108.39097595214844,1018.7186889648438,-304.8592834472656,0.9924140572547913,0,-0.12294039130210877,0,1,0,0.12294039130210877,0,0.9924140572547913]},{"p":[-108.39097595214844,1018.7186889648438,-304.8592834472656,0.9924140572547913,0,-0.12294039130210877,0,1,0,0.12294039130210877,0,0.9924140572547913]},{"p":[-108.39097595214844,1018.7186889648438,-304.8592834472656,0.9924140572547913,0,-0.12294039130210877,0,1,0,0.12294039130210877,0,0.9924140572547913]},{"p":[-108.39097595214844,1018.7186889648438,-304.8592834472656,0.9924140572547913,0,-0.12294039130210877,0,1,0,0.12294039130210877,0,0.9924140572547913]},{"p":[-108.39097595214844,1018.7186889648438,-304.8592834472656,0.9924140572547913,0,-0.12294039130210877,0,1,0,0.12294039130210877,0,0.9924140572547913]},{"p":[-108.39097595214844,1018.7186889648438,-304.8592834472656,0.9924140572547913,0,-0.12294039130210877,0,1,0,0.12294039130210877,0,0.9924140572547913]},{"p":[-108.39097595214844,1018.7186889648438,-304.8592834472656,0.9924140572547913,0,-0.12294039130210877,0,1,0,0.12294039130210877,0,0.9924140572547913]},{"p":[-108.39097595214844,1018.7186889648438,-304.8592834472656,0.9924140572547913,0,-0.12294039130210877,0,1,0,0.12294039130210877,0,0.9924140572547913]},{"p":[-108.39097595214844,1018.7186889648438,-304.8592834472656,0.9924140572547913,0,-0.12294039130210877,0,1,0,0.12294039130210877,0,0.9924140572547913]},{"p":[-108.39097595214844,1018.7186889648438,-304.8592834472656,0.9924140572547913,0,-0.12294039130210877,0,1,0,0.12294039130210877,0,0.9924140572547913]},{"p":[-108.39097595214844,1018.7186889648438,-304.8592834472656,0.9924140572547913,0,-0.12294039130210877,0,1,0,0.12294039130210877,0,0.9924140572547913]},{"p":[-108.39097595214844,1018.7186889648438,-304.8592834472656,0.9924140572547913,0,-0.12294039130210877,0,1,0,0.12294039130210877,0,0.9924140572547913]},{"p":[-108.39097595214844,1018.7186889648438,-304.8592834472656,0.9924140572547913,0,-0.12294039130210877,0,1,0,0.12294039130210877,0,0.9924140572547913]},{"p":[-108.39097595214844,1018.7186889648438,-304.8592834472656,0.9924140572547913,0,-0.12294039130210877,0,1,0,0.12294039130210877,0,0.9924140572547913]},{"p":[-108.39097595214844,1018.7186889648438,-304.8592834472656,0.9924140572547913,0,-0.12294039130210877,0,1,0,0.12294039130210877,0,0.9924140572547913]},{"p":[-108.39097595214844,1018.7186889648438,-304.8592834472656,0.9924140572547913,0,-0.12294039130210877,0,1,0,0.12294039130210877,0,0.9924140572547913]},{"p":[-108.39097595214844,1018.7186889648438,-304.8592834472656,0.9924140572547913,0,-0.12294039130210877,0,1,0,0.12294039130210877,0,0.9924140572547913]},{"p":[-108.39097595214844,1018.7186889648438,-304.8592834472656,0.9924140572547913,0,-0.12294039130210877,0,1,0,0.12294039130210877,0,0.9924140572547913]},{"p":[-108.39097595214844,1018.7186889648438,-304.8592834472656,0.9924140572547913,0,-0.12294039130210877,0,1,0,0.12294039130210877,0,0.9924140572547913]},{"p":[-108.39097595214844,1018.7186889648438,-304.8592834472656,0.9924140572547913,0,-0.12294039130210877,0,1,0,0.12294039130210877,0,0.9924140572547913]},{"p":[-108.39097595214844,1018.7186889648438,-304.8592834472656,0.9924140572547913,0,-0.12294039130210877,0,1,0,0.12294039130210877,0,0.9924140572547913]},{"p":[-108.39097595214844,1018.7186889648438,-304.8592834472656,0.9924140572547913,0,-0.12294039130210877,0,1,0,0.12294039130210877,0,0.9924140572547913]},{"p":[-108.39097595214844,1018.7186889648438,-304.8592834472656,0.9924140572547913,0,-0.12294039130210877,0,1,0,0.12294039130210877,0,0.9924140572547913]},{"p":[-108.39097595214844,1018.7186889648438,-304.8592834472656,0.9924140572547913,0,-0.12294039130210877,0,1,0,0.12294039130210877,0,0.9924140572547913]},{"p":[-108.39097595214844,1018.7186889648438,-304.8592834472656,0.9924140572547913,0,-0.12294039130210877,0,1,0,0.12294039130210877,0,0.9924140572547913]},{"p":[-108.39097595214844,1018.7186889648438,-304.8592834472656,0.9924140572547913,0,-0.12294039130210877,0,1,0,0.12294039130210877,0,0.9924140572547913]},{"p":[-108.39097595214844,1018.7186889648438,-304.8592834472656,0.9924140572547913,0,-0.12294039130210877,0,1,0,0.12294039130210877,0,0.9924140572547913]},{"p":[-108.39097595214844,1018.7186889648438,-304.8592834472656,0.9924140572547913,0,-0.12294039130210877,0,1,0,0.12294039130210877,0,0.9924140572547913]},{"p":[-108.39097595214844,1018.7186889648438,-304.8592834472656,0.9924140572547913,0,-0.12294039130210877,0,1,0,0.12294039130210877,0,0.9924140572547913]},{"p":[-108.39097595214844,1018.7186889648438,-304.8592834472656,0.9924140572547913,0,-0.12294039130210877,0,1,0,0.12294039130210877,0,0.9924140572547913]},{"p":[-108.39097595214844,1018.7186889648438,-304.8592834472656,0.9924140572547913,0,-0.12294039130210877,0,1,0,0.12294039130210877,0,0.9924140572547913]},{"p":[-108.39097595214844,1018.7186889648438,-304.8592834472656,0.9924140572547913,0,-0.12294039130210877,0,1,0,0.12294039130210877,0,0.9924140572547913]},{"p":[-108.39097595214844,1018.7186889648438,-304.8592834472656,0.9924140572547913,0,-0.12294039130210877,0,1,0,0.12294039130210877,0,0.9924140572547913]},{"p":[-108.39097595214844,1018.7186889648438,-304.8592834472656,0.9924140572547913,0,-0.12294039130210877,0,1,0,0.12294039130210877,0,0.9924140572547913]},{"p":[-108.39097595214844,1018.7186889648438,-304.8592834472656,0.9924140572547913,0,-0.12294039130210877,0,1,0,0.12294039130210877,0,0.9924140572547913]},{"p":[-108.39097595214844,1018.7186889648438,-304.8592834472656,0.9924140572547913,0,-0.12294039130210877,0,1,0,0.12294039130210877,0,0.9924140572547913]},{"p":[-108.39097595214844,1018.7186889648438,-304.8592834472656,0.9924140572547913,0,-0.12294039130210877,0,1,0,0.12294039130210877,0,0.9924140572547913]},{"p":[-108.39097595214844,1018.7186889648438,-304.8592834472656,0.9924140572547913,0,-0.12294039130210877,0,1,0,0.12294039130210877,0,0.9924140572547913]},{"p":[-108.39097595214844,1018.7186889648438,-304.8592834472656,0.9924140572547913,0,-0.12294039130210877,0,1,0,0.12294039130210877,0,0.9924140572547913]},{"p":[-108.39097595214844,1018.7186889648438,-304.8592834472656,0.9924140572547913,0,-0.12294039130210877,0,1,0,0.12294039130210877,0,0.9924140572547913]},{"p":[-108.39097595214844,1018.7186889648438,-304.8592834472656,0.9924140572547913,0,-0.12294039130210877,0,1,0,0.12294039130210877,0,0.9924140572547913]},{"p":[-108.37191772460938,1018.7186889648438,-304.9071350097656,0.9905673265457153,0,-0.13702701032161714,0,1,0,0.13702701032161714,0,0.9905673265457153]},{"p":[-108.28247833251953,1018.7186889648438,-305.1212463378906,0.9853304028511047,0,-0.170657679438591,0,1,0,0.170657679438591,0,0.9853304028511047]},{"p":[-108.17353820800781,1018.7186889648438,-305.3638916015625,0.979012131690979,0,-0.20380185544490815,0,1,0,0.20380185544490815,0,0.979012131690979]},{"p":[-108.05521392822266,1018.7186889648438,-305.60284423828127,0.9714523553848267,0,-0.23723472654819489,0,1,0,0.23723472654819489,0,0.9714523553848267]},{"p":[-107.92794036865235,1018.7186889648438,-305.837158203125,0.9626212120056152,0,-0.2708512544631958,0,1,0,0.2708512544631958,0,0.9626212120056152]},{"p":[-107.79463195800781,1018.7186889648438,-306.0680847167969,0.9529742002487183,0,-0.3030514419078827,0,1,0,0.3030514419078827,0,0.9529742002487183]},{"p":[-107.59161376953125,1018.7186889648438,-306.4127502441406,0.9382733106613159,0,-0.34589484333992007,0,1,0,0.34589484333992007,0,0.9382733106613159]},{"p":[-107.55005645751953,1018.7186889648438,-306.4832458496094,0.937408447265625,0,-0.34823188185691836,0,1,0,0.34823188185691836,0,0.937408447265625]},{"p":[-107.53248596191406,1018.7186889648438,-306.5130310058594,0.9372400641441345,0,-0.34868472814559939,0,1,0,0.34868472814559939,0,0.9372400641441345]},{"p":[-107.53213500976563,1018.7186889648438,-306.51361083984377,0.937235414981842,0,-0.3486972451210022,0,1,0,0.3486972451210022,0,0.937235414981842]},{"p":[-107.5321273803711,1018.7186889648438,-306.51361083984377,0.9372352957725525,0,-0.34869760274887087,0,1,0,0.34869760274887087,0,0.9372352957725525]},{"p":[-107.5321273803711,1018.7186889648438,-306.51361083984377,0.9372352957725525,0,-0.34869760274887087,0,1,0,0.34869760274887087,0,0.9372352957725525]},{"p":[-107.5321273803711,1018.7186889648438,-306.51361083984377,0.9372352957725525,0,-0.34869760274887087,0,1,0,0.34869760274887087,0,0.9372352957725525]},{"p":[-107.5321273803711,1018.7186889648438,-306.51361083984377,0.9372352957725525,0,-0.34869760274887087,0,1,0,0.34869760274887087,0,0.9372352957725525]},{"p":[-107.5321273803711,1018.7186889648438,-306.51361083984377,0.9372352957725525,0,-0.34869760274887087,0,1,0,0.34869760274887087,0,0.9372352957725525]},{"p":[-107.5321273803711,1018.7186889648438,-306.51361083984377,0.9372352957725525,0,-0.34869760274887087,0,1,0,0.34869760274887087,0,0.9372352957725525]},{"p":[-107.5321273803711,1018.7186889648438,-306.51361083984377,0.9372352957725525,0,-0.34869760274887087,0,1,0,0.34869760274887087,0,0.9372352957725525]},{"p":[-107.5321273803711,1018.7186889648438,-306.51361083984377,0.9372352957725525,0,-0.34869760274887087,0,1,0,0.34869760274887087,0,0.9372352957725525]},{"p":[-107.5321273803711,1018.7186889648438,-306.51361083984377,0.9372352957725525,0,-0.34869760274887087,0,1,0,0.34869760274887087,0,0.9372352957725525]},{"p":[-107.5321273803711,1018.7186889648438,-306.51361083984377,0.9372352957725525,0,-0.34869760274887087,0,1,0,0.34869760274887087,0,0.9372352957725525]},{"p":[-107.5321273803711,1018.7186889648438,-306.51361083984377,0.9372352957725525,0,-0.34869760274887087,0,1,0,0.34869760274887087,0,0.9372352957725525]}],"d":4.407527446746826}