{"data":[{"type":"position","time":0.00619959831237793,"pos":[-128.5040283203125,5.703701972961426,352.3114013671875,0.1530090570449829,4.6822005828062177e-8,-0.9882248044013977,4.2473708106172128e-8,1,5.395621371917514e-8,0.9882248044013977,-5.022936022669455e-8,0.1530090570449829]},{"type":"position","time":0.020513057708740236,"pos":[-128.5040283203125,5.703701972961426,352.3114013671875,0.1530090570449829,1.5753164106513397e-8,-0.9882248044013977,1.4309768481268748e-8,1,1.8156484316023126e-8,0.9882248044013977,-1.691937434600277e-8,0.1530090570449829]},{"type":"position","time":0.03800487518310547,"pos":[-128.5040283203125,5.703701972961426,352.3114013671875,0.1530090570449829,-1.5289128185713709e-8,-0.9882248044013977,-1.3830119272029151e-8,1,-1.7612654445997579e-8,0.9882248044013977,1.636216317990602e-8,0.1530090570449829]},{"type":"position","time":0.05714917182922363,"pos":[-128.5040283203125,5.703701972961426,352.3114013671875,0.1530090570449829,-4.6304894141258049e-8,-0.9882248044013977,-4.194598091089574e-8,1,-5.335122921223956e-8,0.9882248044013977,4.9615277220027568e-8,0.1530090570449829]},{"type":"position","time":0.07152271270751953,"pos":[-128.5040283203125,5.703701972961426,352.3114013671875,0.1530090570449829,-7.729415330004486e-8,-0.9882248044013977,-7.003783508707784e-8,1,-8.905927018076909e-8,0.9882248044013977,8.28399961960713e-8,0.1530090570449829]},{"type":"position","time":0.08959698677062988,"pos":[-128.5040283203125,5.703701972961426,352.3114013671875,0.1530090570449829,-5.779151379670111e-8,-0.9882248044013977,-5.2372982395354487e-8,1,-6.658915197021997e-8,0.9882248044013977,6.194502333300989e-8,0.1530090570449829]},{"type":"position","time":0.10624051094055176,"pos":[-128.5040283203125,5.703701972961426,352.3114013671875,0.1530090570449829,-3.830554007322462e-8,-0.9882248044013977,-3.472321097319764e-8,1,-4.413824328253213e-8,0.9882248044013977,4.106788864532973e-8,0.1530090570449829]},{"type":"position","time":0.12223672866821289,"pos":[-128.5040283203125,5.703701972961426,352.3114013671875,0.1530090570449829,-1.8836225024188026e-8,-0.9882248044013977,-1.7088510162466265e-8,1,-2.170652102506665e-8,0.9882248044013977,2.0208583251246638e-8,0.1530090570449829]},{"type":"position","time":0.13814735412597657,"pos":[-128.5040283203125,5.703701972961426,352.3114013671875,0.1530090570449829,6.16445783307995e-10,-0.9882248044013977,5.311351913839246e-10,1,7.060279028081595e-10,0.9882248044013977,-6.329096136070689e-10,0.1530090570449829]},{"type":"position","time":0.15403151512145997,"pos":[-128.5040283203125,5.703701972961426,352.3114013671875,0.1530090570449829,1.5195038116644356e-8,-0.9882248044013977,1.373599545217985e-8,1,1.7502868487895286e-8,0.9882248044013977,-1.6252348800094297e-8,0.1530090570449829]},{"type":"position","time":0.1744542121887207,"pos":[-128.5040283203125,5.703701972961426,352.3114013671875,0.1530090570449829,3.9471920842970579e-8,-0.9882248044013977,3.572530360429482e-8,1,4.547367637997013e-8,0.9882248044013977,-4.226251704153583e-8,0.1530090570449829]},{"type":"position","time":0.18691587448120118,"pos":[-128.5040283203125,5.703701972961426,352.3114013671875,0.1530090570449829,5.402559821732211e-8,-0.9882248044013977,4.890762284048833e-8,1,6.224181703373688e-8,0.9882248044013977,-5.785528500723558e-8,0.1530090570449829]},{"type":"position","time":0.20595002174377442,"pos":[-128.5040283203125,5.703701972961426,352.3114013671875,0.1530090570449829,7.826099590602098e-8,-0.9882248044013977,7.08593930198731e-8,1,9.016483204504766e-8,0.9882248044013977,-8.382104255133527e-8,0.1530090570449829]},{"type":"position","time":0.2235107421875,"pos":[-128.5040283203125,5.703701972961426,352.3114013671875,0.1530090570449829,6.12847870229416e-8,-0.9882248044013977,5.5492755279829e-8,1,7.06070935052594e-8,0.9882248044013977,-6.564284404930732e-8,0.1530090570449829]},{"type":"position","time":0.23888945579528809,"pos":[-128.5040283203125,5.703701972961426,352.3114013671875,0.1530090570449829,3.221297006916757e-8,-0.9882248044013977,2.9173527593684413e-8,1,3.7113807138666746e-8,0.9882248044013977,-3.4508751411976849e-8,0.1530090570449829]},{"type":"position","time":0.25655078887939455,"pos":[-128.5040283203125,5.703701972961426,352.3114013671875,0.1530090570449829,3.1659941335249188e-9,-0.9882248044013977,2.8767657145323257e-9,1,3.6491347721323565e-9,0.9882248044013977,-3.4012417327033974e-9,0.1530090570449829]},{"type":"position","time":0.27330446243286135,"pos":[-128.5040283203125,5.703701972961426,352.3114013671875,0.1530090570449829,-2.585616165617921e-8,-0.9882248044013977,-2.339754701097263e-8,1,-2.9786946242893465e-8,0.9882248044013977,2.767970741501813e-8,0.1530090570449829]},{"type":"position","time":0.2889728546142578,"pos":[-128.5040283203125,5.703701972961426,352.3114013671875,0.1530090570449829,-5.48535190603161e-8,-0.9882248044013977,-4.964943300933555e-8,1,-6.319445589042516e-8,0.9882248044013977,5.873412334267414e-8,0.1530090570449829]},{"type":"position","time":0.3052651882171631,"pos":[-128.5040283203125,5.703701972961426,352.3114013671875,0.1530090570449829,-7.150120495680312e-8,-0.9882248044013977,-6.472221514286503e-8,1,-8.237426385448998e-8,0.9882248044013977,7.656410616618814e-8,0.1530090570449829]},{"type":"position","time":0.3230295181274414,"pos":[-128.5040283203125,5.703701972961426,352.3114013671875,0.1530090570449829,-5.117579604529965e-8,-0.9882248044013977,-4.6326338321023289e-8,1,-5.895839549907578e-8,0.9882248044013977,5.4802004711973498e-8,0.1530090570449829]},{"type":"position","time":0.3410208225250244,"pos":[-128.5040283203125,5.703701972961426,352.3114013671875,0.1530090570449829,-3.086775990368551e-8,-0.9882248044013977,-2.7946171599069204e-8,1,-3.556253602710058e-8,0.9882248044013977,3.305848750301266e-8,0.1530090570449829]},{"type":"position","time":0.35616040229797366,"pos":[-128.5040283203125,5.703701972961426,352.3114013671875,0.1530090570449829,-1.057708320928441e-8,-0.9882248044013977,-9.581695437077542e-9,1,-1.2186670339531247e-8,0.9882248044013977,1.1333540328450909e-8,0.1530090570449829]},{"type":"position","time":0.3732907772064209,"pos":[-128.5040283203125,5.703701972961426,352.3114013671875,0.1530090570449829,9.696250025115205e-9,-0.9882248044013977,8.767099046735894e-9,1,1.1169215774486929e-8,0.9882248044013977,-1.0372856351636983e-8,0.1530090570449829]},{"type":"position","time":0.3882942199707031,"pos":[-128.5040283203125,5.703701972961426,352.3114013671875,0.1530090570449829,2.4889876826250658e-8,-0.9882248044013977,2.2518412023941893e-8,1,2.8673030172399195e-8,0.9882248044013977,-2.664048714962064e-8,0.1530090570449829]},{"type":"position","time":0.40529346466064455,"pos":[-128.5040283203125,5.703701972961426,352.3114013671875,0.1530090570449829,5.019094473368568e-8,-0.9882248044013977,4.541769627053327e-8,1,5.7821122112500237e-8,0.9882248044013977,-5.373005151909638e-8,0.1530090570449829]},{"type":"position","time":0.42559337615966799,"pos":[-128.5040283203125,5.703701972961426,352.3114013671875,0.1530090570449829,7.041234084681492e-8,-0.9882248044013977,6.37195256558698e-8,1,8.111717875181057e-8,0.9882248044013977,-7.538088198089099e-8,0.1530090570449829]},{"type":"position","time":0.43861889839172366,"pos":[-128.5040283203125,5.703701972961426,352.3114013671875,0.1530090570449829,6.683935538376318e-8,-0.9882248044013977,6.048784229051307e-8,1,7.700124626808247e-8,0.9882248044013977,-7.155747283604797e-8,0.1530090570449829]},{"type":"position","time":0.4537482261657715,"pos":[-128.5040283203125,5.703701972961426,352.3114013671875,0.1530090570449829,4.633450956248453e-8,-0.9882248044013977,4.19326475764592e-8,1,5.337913577818654e-8,0.9882248044013977,-4.960637056683481e-8,0.1530090570449829]},{"type":"position","time":0.47316980361938479,"pos":[-128.5040283203125,5.703701972961426,352.3114013671875,0.1530090570449829,1.2188974274351949e-8,-0.9882248044013977,1.1033718827491157e-8,1,1.4042587537232976e-8,0.9882248044013977,-1.3052437353167079e-8,0.1530090570449829]},{"type":"position","time":0.4876217842102051,"pos":[-128.5040283203125,5.703701972961426,352.3114013671875,0.1530090570449829,-8.280840013696889e-9,-0.9882248044013977,-7.489811437721983e-9,1,-9.539174783412819e-9,0.9882248044013977,8.861197109411023e-9,0.1530090570449829]},{"type":"position","time":0.5064716339111328,"pos":[-128.5040283203125,5.703701972961426,352.3114013671875,0.1530090570449829,-4.236804684865092e-8,-0.9882248044013977,-3.833600814573401e-8,1,-4.8808534103272908e-8,0.9882248044013977,4.535274200634376e-8,0.1530090570449829]},{"type":"position","time":0.5237517356872559,"pos":[-128.5040283203125,5.703701972961426,352.3114013671875,0.1530090570449829,-6.961160181617743e-8,-0.9882248044013977,-6.298927246461972e-8,1,-8.019382846669032e-8,0.9882248044013977,7.451794203916507e-8,0.1530090570449829]},{"type":"position","time":0.5409538745880127,"pos":[-128.41213989257813,5.703701972961426,352.3570861816406,0.09622912853956223,-0.00001738139872031752,-0.9953591823577881,-3.831527521924727e-7,1,-0.000017499480236438104,0.9953591823577881,0.00000206533422897337,0.09622912853956223]},{"type":"position","time":0.5567350387573242,"pos":[-128.2034454345703,5.7037034034729,352.4554443359375,0.024468954652547838,-0.00004433884168975055,-0.9997006058692932,-0.000002088343762807199,1,-0.00004440323755261488,0.9997006058692932,0.000003174219273205381,0.024468954652547838]},{"type":"position","time":0.575319766998291,"pos":[-127.9617691040039,5.698631763458252,352.56158447265627,-0.037562064826488498,-0.000043740106775658208,-0.9992942810058594,-0.0000025158772132272135,1,-0.00004367642759461887,0.9992942810058594,8.735251526559296e-7,-0.037562064826488498]},{"type":"position","time":0.5900518894195557,"pos":[-127.71479034423828,5.698652267456055,352.66217041015627,-0.08755554258823395,-0.000029332963094930166,-0.9961596131324768,-0.000001422889454261167,1,-0.000029320985049707816,0.9961596131324768,-0.0000011497897958179238,-0.08755554258823395]},{"type":"position","time":0.6072902679443359,"pos":[-127.46575927734375,5.700591087341309,352.7576599121094,-0.12733063101768495,-0.000017311633200733924,-0.9918603301048279,-4.738114114388736e-7,1,-0.00001739287472446449,0.9918603301048279,-0.0000017446892570660567,-0.12733063101768495]},{"type":"position","time":0.6252474784851074,"pos":[-127.21634674072266,5.70195198059082,352.85211181640627,-0.16023463010787965,-0.000010907295290962793,-0.9870789647102356,-1.3936320897300903e-7,1,-0.000011027450455003418,0.9870789647102356,-0.0000016294166016450618,-0.16023463010787965]},{"type":"position","time":0.638892412185669,"pos":[-126.96598815917969,5.702740669250488,352.9440002441406,-0.18707703053951264,-0.000007508803719247226,-0.9823452234268189,-8.472594714703519e-8,1,-0.000007627616923855385,0.9823452234268189,-0.0000013437215784506407,-0.18707703053951264]},{"type":"position","time":0.6575288772583008,"pos":[-126.71479797363281,5.7031779289245609,353.0335693359375,-0.20873072743415833,-0.0000050744802138069648,-0.9779731631278992,-6.183535816717267e-8,1,-0.000005175574642635183,0.9779731631278992,-0.0000010198281188422698,-0.20873072743415833]},{"type":"position","time":0.6726334095001221,"pos":[-126.46299743652344,5.70341682434082,353.12139892578127,-0.2262219786643982,-0.000003319553570690914,-0.9740757942199707,-3.3221546402728566e-8,1,-0.000003400185278223944,0.9740757942199707,-7.368362844317744e-7,-0.2262219786643982]},{"type":"position","time":0.6883893013000488,"pos":[-126.21078491210938,5.703547477722168,353.2080078125,-0.24047480523586274,-0.0000021748326162196465,-0.9706553816795349,-1.3964903011753904e-8,1,-0.000002237121861980995,0.9706553816795349,-5.244162935014174e-7,-0.24047480523586274]},{"type":"position","time":0.7069399356842041,"pos":[-125.9582748413086,5.703618049621582,353.29376220703127,-0.2521490454673767,-0.0000014558520433638478,-0.9676883816719055,-5.609867681499736e-9,1,-0.0000015030019540063222,0.9676883816719055,-3.735518987468822e-7,-0.2521490454673767]},{"type":"position","time":0.7221949100494385,"pos":[-125.70514678955078,5.703656196594238,353.37762451171877,-0.26125848293304446,-9.388217563355283e-7,-0.9652689099311829,-2.09896144909294e-9,1,-9.720331490825629e-7,0.9652689099311829,-2.519258259781054e-7,-0.26125848293304446]},{"type":"position","time":0.7403614521026611,"pos":[-125.45143127441406,5.703677654266357,353.459716796875,-0.2681049704551697,-5.46600972484157e-7,-0.9633896946907044,-2.82134482443297e-10,1,-5.672941369994078e-7,0.9633896946907044,-1.5182257584456239e-7,-0.2681049704551697]},{"type":"position","time":0.7565557956695557,"pos":[-125.197509765625,5.703690052032471,353.54119873046877,-0.2735042870044708,-3.135022268452303e-7,-0.9618707895278931,3.98278493518589e-10,1,-3.260429366491735e-7,0.9618707895278931,-8.955722563541713e-8,-0.2735042870044708]},{"type":"position","time":0.7727243900299072,"pos":[-124.94342803955078,5.703696250915527,353.6221923828125,-0.2778555154800415,-1.989429421200839e-7,-0.9606229066848755,4.303540579453369e-10,1,-2.0722234239656246e-7,0.9606229066848755,-5.7991279334146387e-8,-0.2778555154800415]},{"type":"position","time":0.7906341552734375,"pos":[-124.68925476074219,5.703699588775635,353.70281982421877,-0.28139156103134158,-1.5831857069770195e-7,-0.9595930576324463,4.3730527532481746e-10,1,-1.6511334877122864e-7,0.9595930576324463,-4.688113364181845e-8,-0.28139156103134158]},{"type":"position","time":0.8076586723327637,"pos":[-124.43498992919922,5.657742977142334,353.7832336425781,-0.2842532694339752,-1.300928431646753e-7,-0.9587492346763611,3.65929841983359e-10,1,-1.3579865765223077e-7,0.9587492346763611,-3.895204869763802e-8,-0.2842532694339752]},{"type":"position","time":0.8232941627502441,"pos":[-124.1806411743164,5.557286739349365,353.86328125,-0.28656095266342165,-1.2732448340102565e-7,-0.9580619931221008,4.3023434814770669e-10,1,-1.330266314880646e-7,0.9580619931221008,-3.8532434132321217e-8,-0.28656095266342165]},{"type":"position","time":0.8401288986206055,"pos":[-123.92620849609375,5.438256740570068,353.9430847167969,-0.2884049117565155,-1.1831497914727152e-7,-0.9575085639953613,4.6513184970287116e-10,1,-1.237055471392523e-7,0.9575085639953613,-3.6122656865700267e-8,-0.2884049117565155]},{"type":"position","time":0.8567008972167969,"pos":[-123.67171478271485,5.326465129852295,354.02276611328127,-0.2898885905742645,-1.0574225228765499e-7,-0.9570603966712952,4.68379446338929e-10,1,-1.1062836335895554e-7,0.9570603966712952,-3.2518169490458607e-8,-0.2898885905742645]},{"type":"position","time":0.8725512027740479,"pos":[-123.41716766357422,5.204074382781982,354.10223388671877,-0.29104745388031008,-1.0071983069792623e-7,-0.9567086100578308,4.952683263503843e-10,1,-1.0542810713332074e-7,0.9567086100578308,-3.115840740974818e-8,-0.29104745388031008]},{"type":"position","time":0.8882310390472412,"pos":[-123.16252899169922,5.182031631469727,354.1813659667969,-0.2919013798236847,-8.56807247373581e-8,-0.9564484357833862,4.894659677567859e-10,1,-8.973155019020851e-8,0.9564484357833862,-2.6660913476916904e-8,-0.2919013798236847]},{"type":"position","time":0.9075109958648682,"pos":[-122.90775299072266,5.144050598144531,354.2601013183594,-0.29243847727775576,-8.270608731208995e-8,-0.9562843441963196,5.834991934072775e-10,1,-8.666535933343767e-8,0.9562843441963196,-2.590227765608688e-8,-0.29243847727775576]},{"type":"position","time":0.9242863655090332,"pos":[-122.65287780761719,5.0669474601745609,354.3385009765625,-0.29270365834236147,-8.383310756698848e-8,-0.9562032222747803,7.234858268034827e-10,1,-8.789436378719984e-8,0.9562032222747803,-2.6418803145134008e-8,-0.29270365834236147]},{"type":"position","time":0.9414949417114258,"pos":[-122.39787292480469,5.062571048736572,354.4165344238281,-0.29274559020996096,-8.571760901077141e-8,-0.9561903476715088,8.877423796072037e-10,1,-8.991670341629288e-8,0.9561903476715088,-2.717156988296665e-8,-0.29274559020996096]},{"type":"position","time":0.9541666507720947,"pos":[-122.2065658569336,5.070633888244629,354.47479248046877,-0.2926446497440338,-8.723922206854695e-8,-0.9562212824821472,1.0241342218719752e-9,1,-9.154673108469069e-8,0.9562212824821472,-2.7769958776957538e-8,-0.2926446497440338]},{"type":"position","time":0.9721674919128418,"pos":[-121.95137786865235,5.0793890953063969,354.5522155761719,-0.2923533022403717,-9.039294468493608e-8,-0.9563103914260864,1.2262579840438548e-9,1,-9.489748009627874e-8,0.9563103914260864,-2.8916273819845629e-8,-0.2923533022403717]},{"type":"position","time":0.9908759593963623,"pos":[-121.63235473632813,5.0855817794799809,354.64898681640627,-0.2919641435146332,-9.759430952271942e-8,-0.9564292430877686,1.4987603380589576e-9,1,-1.0249780046933665e-7,0.9564292430877686,-3.1359139285314089e-8,-0.2919641435146332]},{"type":"position","time":1.0065898895263672,"pos":[-121.37711334228516,5.08812952041626,354.7261657714844,-0.2916404604911804,-1.0601932842746464e-7,-0.9565280079841614,1.7341880154120304e-9,1,-1.1136641120401691e-7,0.9565280079841614,-3.4137752180640749e-8,-0.2916404604911804]},{"type":"position","time":1.0231950283050538,"pos":[-121.12178802490235,5.08952522277832,354.8031005859375,-0.29124879837036135,-1.174643387003016e-7,-0.9566473364830017,1.996016907312992e-9,1,-1.233951820722723e-7,0.9566473364830017,-3.7848185030497919e-8,-0.29124879837036135]},{"type":"position","time":1.0416052341461182,"pos":[-120.866455078125,5.090286731719971,354.8800354003906,-0.29086804389953616,-9.915480347899575e-8,-0.9567631483078003,1.707201158218652e-9,1,-1.041546866531462e-7,0.9567631483078003,-3.192866060430788e-8,-0.29086804389953616]},{"type":"position","time":1.0603108406066895,"pos":[-120.5451889038086,5.090771675109863,354.9688720703125,-0.2873947322368622,-1.031073821877726e-7,-0.9578122496604919,1.1426442014794703e-9,1,-1.0799170269137903e-7,0.9578122496604919,-3.213068566765287e-8,-0.2873947322368622]},{"type":"position","time":1.0734398365020753,"pos":[-120.35166931152344,5.090927600860596,355.0193786621094,-0.28408700227737429,-1.4125197367320653e-7,-0.9587985277175903,1.162698048950972e-9,1,-1.4766635558771669e-7,0.9587985277175903,-4.3064886767751889e-8,-0.28408700227737429]},{"type":"position","time":1.0891337394714356,"pos":[-120.0923080444336,5.09105110168457,355.0812683105469,-0.27759596705436709,-3.1436366043635646e-7,-0.9606978893280029,2.7847715244888606e-9,1,-3.280289320173324e-7,0.9606978893280029,-9.373482612318185e-8,-0.27759596705436709]},{"type":"position","time":1.1061596870422364,"pos":[-119.83206939697266,5.0911173820495609,355.1394348144531,-0.2698139548301697,-5.286650548441685e-7,-0.9629124999046326,5.668128189029176e-9,1,-5.506153684109449e-7,0.9629124999046326,-1.540216203466116e-7,-0.2698139548301697]},{"type":"position","time":1.1212708950042725,"pos":[-119.63612365722656,5.091146469116211,355.1794738769531,-0.2630103826522827,-6.844784365966916e-7,-0.9647930264472961,8.092765568790128e-9,1,-7.116624374248204e-7,0.9647930264472961,-1.9498244796523068e-7,-0.2630103826522827]},{"type":"position","time":1.1372287273406983,"pos":[-119.37333679199219,5.091169357299805,355.2247009277344,-0.2511224150657654,-0.0000011299665629849188,-0.9679553508758545,1.5069273828771658e-8,1,-0.0000011712842251654366,0.9679553508758545,-3.0872212164467785e-7,-0.2511224150657654]},{"type":"position","time":1.1568503379821778,"pos":[-119.04454803466797,5.091182708740234,355.2795104980469,-0.23641332983970643,-0.000001398948938913236,-0.9716525673866272,2.1457539745028954e-8,1,-0.0000014449833543039859,0.9716525673866272,-3.624626003784215e-7,-0.23641332983970643]},{"type":"position","time":1.1715681552886963,"pos":[-118.78121185302735,5.091188430786133,355.32147216796877,-0.22549492120742799,-0.0000012403369282765198,-0.9742443561553955,1.8634576548492988e-8,1,-0.0000012774402193826973,0.9742443561553955,-3.062109215079545e-7,-0.22549492120742799]},{"type":"position","time":1.1904451847076417,"pos":[-118.5174560546875,5.091192245483398,355.36083984375,-0.21490758657455445,-0.000001091084868676262,-0.9766343832015991,1.5000624742356196e-8,1,-0.000001120489514505607,0.9766343832015991,-2.5545182325004136e-7,-0.21490758657455445]},{"type":"position","time":1.206073522567749,"pos":[-118.2532958984375,5.091193199157715,355.39727783203127,-0.2043282389640808,-0.0000010530642384765088,-0.9789024591445923,1.3819678734705576e-8,1,-0.0000010786448001454119,0.9789024591445923,-2.3392571790736839e-7,-0.2043282389640808]},{"type":"position","time":1.2220141887664796,"pos":[-117.98878479003906,5.091193199157715,355.43115234375,-0.19385360181331635,-0.0000010481132903805702,-0.9810304641723633,1.3829368761264505e-8,1,-0.000001071112592399004,0.9810304641723633,-2.2120606502085139e-7,-0.19385360181331635]},{"type":"position","time":1.2411673069000245,"pos":[-117.72403717041016,5.091193199157715,355.463134765625,-0.18374505639076234,-0.0000010012541906689876,-0.9829739332199097,1.3184753733241905e-8,1,-0.0000010210615073447116,0.9829739332199097,-2.005752861578003e-7,-0.18374505639076234]},{"type":"position","time":1.2562012672424317,"pos":[-117.45902252197266,5.091193199157715,355.4928283691406,-0.17389725148677827,-9.37147945023753e-7,-0.9847638010978699,1.2076012190220809e-8,1,-9.537799314784934e-7,0.9847638010978699,-1.7775172977962939e-7,-0.17389725148677827]},{"type":"position","time":1.2753496170043946,"pos":[-117.19396209716797,5.152219295501709,355.52215576171877,-0.16501285135746003,-8.155438422363659e-7,-0.9862914085388184,1.0071652845056179e-8,1,-8.28564225230366e-7,0.9862914085388184,-1.4665732805951849e-7,-0.16501285135746003]},{"type":"position","time":1.289590835571289,"pos":[-116.92880249023438,5.271792888641357,355.5503845214844,-0.15685607492923737,-6.679573516521486e-7,-0.9876214861869812,7.67161445480724e-9,1,-6.775477459086687e-7,0.9876214861869812,-1.1385413500875075e-7,-0.15685607492923737]},{"type":"position","time":1.3055474758148194,"pos":[-116.72990417480469,5.346663475036621,355.5714416503906,-0.15138153731822968,-5.689497015737288e-7,-0.9884753823280335,6.0776672583529038e-9,1,-5.765138553215365e-7,0.9884753823280335,-9.328118011353581e-8,-0.15138153731822968]},{"type":"position","time":1.3235981464385987,"pos":[-116.39840698242188,5.500085353851318,355.6064758300781,-0.14339354634284974,-4.0491818253940439e-7,-0.9896657466888428,3.895334277359552e-9,1,-4.0971079329210627e-7,0.9896657466888428,-6.260496832055651e-8,-0.14339354634284974]},{"type":"position","time":1.3395605087280274,"pos":[-116.13307189941406,5.645025730133057,355.63311767578127,-0.13739296793937684,-3.4209034538434937e-7,-0.9905166029930115,3.0965925379433658e-9,1,-3.457951152086025e-7,0.9905166029930115,-5.0577042998156688e-8,-0.13739296793937684]},{"type":"position","time":1.3577640056610108,"pos":[-115.86771392822266,5.751906871795654,355.6595458984375,-0.1320236176252365,-2.9286911740200596e-7,-0.9912465810775757,2.6110065221018887e-9,1,-2.958031473099254e-7,0.9912465810775757,-4.164115452454098e-8,-0.1320236176252365]},{"type":"position","time":1.373518466949463,"pos":[-115.60211181640625,5.875550270080566,355.683349609375,-0.12633539736270905,-2.844017217285e-7,-0.9919875860214233,2.50367970799914e-9,1,-2.8701774112960268e-7,0.9919875860214233,-3.874411902415886e-8,-0.12633539736270905]},{"type":"position","time":1.3886520862579346,"pos":[-115.33647918701172,5.968894004821777,355.7068176269531,-0.121009461581707,-2.8202831003909525e-7,-0.9926513433456421,2.4968258571789194e-9,1,-2.8442056532185236e-7,0.9926513433456421,-3.689605776457938e-8,-0.121009461581707]},{"type":"position","time":1.4085056781768799,"pos":[-115.07063293457031,6.023834705352783,355.72760009765627,-0.11528749763965607,-2.891137000915478e-7,-0.9933321475982666,2.6037114686516817e-9,1,-2.9135659929124815e-7,0.9933321475982666,-3.617612520656621e-8,-0.11528749763965607]},{"type":"position","time":1.4217381477355958,"pos":[-114.87110900878906,6.048381328582764,355.7414245605469,-0.11064891517162323,-3.262933603309648e-7,-0.9938595294952393,2.9994975392355629e-9,1,-3.286432672666706e-7,0.9938595294952393,-3.934510317549211e-8,-0.11064891517162323]},{"type":"position","time":1.4401469230651856,"pos":[-114.53852844238281,6.071147918701172,355.763916015625,-0.10328489542007446,-3.385344200523832e-7,-0.9946517944335938,3.2062728028137146e-9,1,-3.406876487588306e-7,0.9946517944335938,-3.837701356701473e-8,-0.10328489542007446]},{"type":"position","time":1.4561541080474854,"pos":[-114.27227020263672,6.080283164978027,355.77874755859377,-0.09690779447555542,-3.565299664387567e-7,-0.995293378829956,3.374929002930571e-9,1,-3.5854455404660259e-7,0.995293378829956,-3.810480819765871e-8,-0.09690779447555542]},{"type":"position","time":1.4713482856750489,"pos":[-114.00590515136719,6.085259914398193,355.7912292480469,-0.09016746282577515,-4.0872711792871998e-7,-0.9959266185760498,3.977003615318608e-9,1,-4.1075890067077128e-7,0.9959266185760498,-4.0997893080430006e-8,-0.09016746282577515]},{"type":"position","time":1.4895412921905518,"pos":[-113.73942565917969,6.087969779968262,355.8013610839844,-0.08314094692468643,-4.5138378368392298e-7,-0.9965378046035767,4.556713228964782e-9,1,-4.5333217713050546e-7,0.9965378046035767,-4.2231402375136898e-8,-0.08314094692468643]},{"type":"position","time":1.5054259300231934,"pos":[-113.47288513183594,6.0894455909729,355.80902099609377,-0.07582777738571167,-4.889644742434029e-7,-0.9971209168434143,5.0454453948134418e-9,1,-4.907599873149593e-7,0.9971209168434143,-4.224416016995747e-8,-0.07582777738571167]},{"type":"position","time":1.5214972496032715,"pos":[-113.2062759399414,6.090249538421631,355.8149719238281,-0.06853214651346207,-5.034245873503096e-7,-0.9976488947868347,5.253379509184697e-9,1,-5.049718652117008e-7,0.9976488947868347,-3.984783347732446e-8,-0.06853214651346207]},{"type":"position","time":1.5391178131103516,"pos":[-112.93963623046875,6.090687274932861,355.81884765625,-0.061210185289382938,-5.017499233872513e-7,-0.998124897480011,5.221704846292141e-9,1,-5.030126999372442e-7,0.998124897480011,-3.600141340598384e-8,-0.061210185289382938]},{"type":"position","time":1.5546176433563233,"pos":[-112.67298126220703,6.090925693511963,355.820556640625,-0.053780000656843188,-5.098706878925441e-7,-0.9985527992248535,5.278238734973684e-9,1,-5.108938694320386e-7,0.9985527992248535,-3.274647397688568e-8,-0.053780000656843188]},{"type":"position","time":1.5765562057495118,"pos":[-112.33966827392578,6.0910773277282719,355.8208312988281,-0.04475082457065582,-4.963151809533883e-7,-0.9989981651306152,5.137663627863276e-9,1,-4.970430040884821e-7,0.9989981651306152,-2.7375602229540165e-8,-0.04475082457065582]},{"type":"position","time":1.5933642387390137,"pos":[-112.07301330566406,6.091137886047363,355.8187561035156,-0.03755529597401619,-4.829358317692822e-7,-0.9992945790290833,4.953826238107695e-9,1,-4.834629407923785e-7,0.9992945790290833,-2.3106926150262553e-8,-0.03755529597401619]},{"type":"position","time":1.6047325134277344,"pos":[-111.87303924560547,6.091164588928223,355.8159484863281,-0.03223146125674248,-4.769244128510763e-7,-0.9994804263114929,4.851323343046943e-9,1,-4.773287969328521e-7,0.9994804263114929,-2.023380751836612e-8,-0.03223146125674248]},{"type":"position","time":1.623375415802002,"pos":[-111.60640716552735,6.091186046600342,355.8111572265625,-0.025387989357113839,-4.5141726445763199e-7,-0.9996776580810547,4.529860042623568e-9,1,-4.5167786311139937e-7,0.9996776580810547,-1.5995592406170546e-8,-0.025387989357113839]},{"type":"position","time":1.6403656005859376,"pos":[-111.33981323242188,6.0911970138549809,355.8055725097656,-0.01898104138672352,-4.043384649321524e-7,-0.999819815158844,3.944280013712387e-9,1,-4.0448620097777168e-7,0.999819815158844,-1.1621138717998747e-8,-0.01898104138672352]},{"type":"position","time":1.6554768085479737,"pos":[-111.07321166992188,6.091203689575195,355.7998962402344,-0.013311397284269333,-3.315469712106278e-7,-0.9999114274978638,3.068256093641253e-9,1,-3.3161720125463037e-7,0.9999114274978638,-7.482272579295568e-9,-0.013311397284269333]},{"type":"position","time":1.6732227802276612,"pos":[-110.80661010742188,6.091207027435303,355.794189453125,-0.008413989096879959,-2.496979902844032e-7,-0.9999645948410034,2.1392676519127464e-9,1,-2.497248203781055e-7,0.9999645948410034,-4.240373829844657e-9,-0.008413989096879959]},{"type":"position","time":1.6879048347473145,"pos":[-110.60668182373047,6.091208457946777,355.7889404296875,-0.004857382737100124,-2.1274099992751872e-7,-0.9999881982803345,1.7238016569720572e-9,1,-2.1275187123137585e-7,0.9999881982803345,-2.757198691583085e-9,-0.004857382737100124]},{"type":"position","time":1.706726312637329,"pos":[-110.27346801757813,6.091209411621094,355.77984619140627,0.0006398293189704418,-1.8325727069168352e-7,-0.9999998211860657,1.4294581074381086e-9,1,-1.8325638961869118e-7,0.9999998211860657,-1.3122050113167916e-9,0.0006398293189704418]},{"type":"position","time":1.7249059677124024,"pos":[-110.00689697265625,6.091209411621094,355.7725830078125,0.004418664146214724,-1.4990693841809844e-7,-0.9999902248382568,1.1466466665055464e-9,1,-1.499033430718555e-7,0.9999902248382568,-4.842629075518801e-10,0.004418664146214724]},{"type":"position","time":1.7377638816833497,"pos":[-109.74037170410156,6.091209411621094,355.7640380859375,0.00817130133509636,-1.2885539035778494e-7,-0.9999666213989258,9.547651558250437e-10,1,-1.2885188027667028e-7,0.9999666213989258,9.815432494564291e-11,0.00817130133509636]},{"type":"position","time":1.7558808326721192,"pos":[-109.47383117675781,6.091209411621094,355.755615234375,0.011470867320895195,-1.3674909382643819e-7,-0.999934196472168,9.4495000713124e-10,1,-1.3674726062617993e-7,0.999934196472168,6.237217964333297e-10,0.011470867320895195]},{"type":"position","time":1.7715685367584229,"pos":[-109.2073745727539,6.091209411621094,355.7452697753906,0.015089966356754303,-1.2605634935880517e-7,-0.999886155128479,9.34281207953802e-10,1,-1.2605660515419005e-7,0.999886155128479,9.680151125124326e-10,0.015089966356754303]},{"type":"position","time":1.7874782085418702,"pos":[-109.00755310058594,6.091209411621094,355.736572265625,0.01797465980052948,-1.2999799992030604e-7,-0.9998384714126587,9.662090016959724e-10,1,-1.3000163789911313e-7,0.9998384714126587,1.370682234380638e-9,0.01797465980052948]},{"type":"position","time":1.8091695308685303,"pos":[-108.67456817626953,6.091209411621094,355.7215881347656,0.022559650242328645,-1.290976570089697e-7,-0.9997454881668091,9.626358599135188e-10,1,-1.291087983190664e-7,0.9997454881668091,1.950258621263856e-9,0.022559650242328645]},{"type":"position","time":1.8236567974090577,"pos":[-108.40814971923828,6.091209411621094,355.7099304199219,0.025615250691771508,-1.296104130688036e-7,-0.9996718764305115,9.215841978438277e-10,1,-1.2962932771642955e-7,0.9996718764305115,2.3992059450250737e-9,0.025615250691771508]},{"type":"position","time":1.8398118019104005,"pos":[-108.1417236328125,6.091209411621094,355.6984558105469,0.028103115037083627,-1.218759422272342e-7,-0.9996050000190735,7.995282769179823e-10,1,-1.2190162124170457e-7,0.9996050000190735,2.626602713107218e-9,0.028103115037083627]},{"type":"position","time":1.8569388389587403,"pos":[-107.87535095214844,6.091209411621094,355.6860656738281,0.030596919357776643,-1.3346385685508722e-7,-0.9995318055152893,8.070816792660196e-10,1,-1.3350167193948438e-7,0.9995318055152893,3.27803606481325e-9,0.030596919357776643]},{"type":"position","time":1.872802495956421,"pos":[-107.60896301269531,6.091209411621094,355.6736755371094,0.03282446786761284,-1.1624816664834725e-7,-0.9994611144065857,7.060764195543356e-10,1,-1.162876586136008e-7,0.9994611144065857,3.1113844833896566e-9,0.03282446786761284]},{"type":"position","time":1.8881378173828126,"pos":[-107.34256744384766,6.091209411621094,355.6614990234375,0.034662891179323199,-1.1898140428456827e-7,-0.9993990659713745,6.703660404561163e-10,1,-1.1902969987431789e-7,0.9993990659713745,3.455950414732456e-9,0.034662891179323199]},{"type":"position","time":1.9079725742340088,"pos":[-107.07616424560547,6.091209411621094,355.649658203125,0.036082107573747638,-1.0744865619471966e-7,-0.9993488192558289,5.558057902810276e-10,1,-1.0749860024361624e-7,0.9993488192558289,3.3233322760395369e-9,0.036082107573747638]},{"type":"position","time":1.9252629280090333,"pos":[-106.80974578857422,6.091209411621094,355.6378479003906,0.03723851591348648,-9.790608146431623e-8,-0.9993063807487488,4.121246954813529e-10,1,-9.795867583761719e-8,0.9993063807487488,3.2359968038520039e-9,0.03723851591348648]},{"type":"position","time":1.9434287548065186,"pos":[-106.47672271728516,6.091209411621094,355.62310791015627,0.038456130772829059,-1.2206741928366683e-7,-0.9992603063583374,3.8292510828874528e-10,1,-1.221430352416064e-7,0.9992603063583374,4.3145069739125578e-9,0.038456130772829059]},{"type":"position","time":1.9549388885498047,"pos":[-106.27696228027344,6.091209411621094,355.6134033203125,0.03941916301846504,-1.0166737496319911e-7,-0.9992227554321289,3.5794067709815638e-10,1,-1.017323327801023e-7,0.9992227554321289,3.6525407143273016e-9,0.03941916301846504]},{"type":"position","time":1.9751310348510743,"pos":[-106.01062774658203,6.091209411621094,355.6001281738281,0.04078679531812668,-1.1128762622547583e-7,-0.9991678595542908,4.855870705533505e-10,1,-1.1136048527760068e-7,0.9991678595542908,4.056854407963328e-9,0.04078679531812668]},{"type":"position","time":1.989142656326294,"pos":[-105.74435424804688,6.091209411621094,355.5856628417969,0.04253372177481651,-1.169889003449498e-7,-0.9990950226783752,6.700643373491744e-10,1,-1.1706634239772029e-7,0.9990950226783752,4.3098093982507638e-9,0.04253372177481651]},{"type":"position","time":2.0054779052734377,"pos":[-105.47808837890625,6.091209411621094,355.5709533691406,0.04427138343453407,-1.1713461134377212e-7,-0.9990195631980896,7.815134650535072e-10,1,-1.172149382000498e-7,0.9990195631980896,4.408520659637816e-9,0.04427138343453407]},{"type":"position","time":2.022519588470459,"pos":[-105.2119369506836,6.091209411621094,355.5542907714844,0.04658196121454239,-1.3144624233518699e-7,-0.9989144802093506,9.338360085209275e-10,1,-1.315455477879368e-7,0.9989144802093506,5.194826790955176e-9,0.04658196121454239]},{"type":"position","time":2.0391876697540285,"pos":[-104.94586944580078,6.091209411621094,355.53656005859377,0.049236882477998736,-1.389386028449735e-7,-0.9987871050834656,9.856566673960288e-10,1,-1.390587271998811e-7,0.9987871050834656,5.862357266295248e-9,0.049236882477998736]},{"type":"position","time":2.056406021118164,"pos":[-104.67989349365235,6.091209411621094,355.51739501953127,0.05223216488957405,-1.3287545641560428e-7,-0.9986349940299988,9.518683619091917e-10,1,-1.330072905147972e-7,0.9986349940299988,5.996690255472004e-9,0.05223216488957405]},{"type":"position","time":2.0750653743743898,"pos":[-104.41401672363281,6.091209411621094,355.496826171875,0.0555509477853775,-1.2770259161243303e-7,-0.9984558820724487,9.336434958484575e-10,1,-1.2784813918642613e-7,0.9984558820724487,6.169883270956689e-9,0.0555509477853775]},{"type":"position","time":2.0906152725219728,"pos":[-104.14830017089844,6.091209411621094,355.474365234375,0.05934862047433853,-1.4810558468525415e-7,-0.9982373118400574,1.1060237170568144e-9,1,-1.4830135341981077e-7,0.9982373118400574,7.697407156115333e-9,0.05934862047433853]},{"type":"position","time":2.1065032482147219,"pos":[-103.88276672363281,6.091209411621094,355.4498291015625,0.06368675082921982,-1.640097906374649e-7,-0.997969925403595,1.2840729590735123e-9,1,-1.6426146487447114e-7,0.997969925403595,9.17981246573163e-9,0.06368675082921982]},{"type":"position","time":2.125967025756836,"pos":[-103.61738586425781,6.091209411621094,355.4236145019531,0.06831663846969605,-1.9187841360235326e-7,-0.997663676738739,1.549084860386074e-9,1,-1.9222167679799896e-7,0.997663676738739,1.1586472226099432e-8,0.06831663846969605]},{"type":"position","time":2.1403558254241945,"pos":[-103.3521957397461,6.091209411621094,355.39556884765627,0.07326698303222656,-2.1962296159472317e-7,-0.9973123669624329,1.850694042460077e-9,1,-2.2007886002484157e-7,0.9973123669624329,1.4278794147060126e-8,0.07326698303222656]},{"type":"position","time":2.158761501312256,"pos":[-103.08723449707031,6.091209411621094,355.365478515625,0.07857801765203476,-2.521758517559647e-7,-0.9969079494476318,2.1898669544384576e-9,1,-2.5278538373640915e-7,0.9969079494476318,1.7680278574516707e-8,0.07857801765203476]},{"type":"position","time":2.1733949184417726,"pos":[-102.82268524169922,6.091209411621094,355.3319396972656,0.08479548990726471,-3.230908305340563e-7,-0.996398389339447,2.9487972064146108e-9,1,-3.2400774330199058e-7,0.996398389339447,2.4536218390380783e-8,0.08479548990726471]},{"type":"position","time":2.1889567375183107,"pos":[-102.5584716796875,6.091209411621094,355.29583740234377,0.09158065915107727,-4.091760672508826e-7,-0.9957976341247559,3.985400898187663e-9,1,-4.1053630184251235e-7,0.9957976341247559,3.362853462363091e-8,0.09158065915107727]},{"type":"position","time":2.2061657905578615,"pos":[-102.2944564819336,6.091209411621094,355.25830078125,0.0983201265335083,-4.3749682276938986e-7,-0.995154857635498,4.438649447990883e-9,1,-4.3918834080614035e-7,0.995154857635498,3.876391119206346e-8,0.0983201265335083]},{"type":"position","time":2.223116159439087,"pos":[-102.0965805053711,6.091209411621094,355.22918701171877,0.10321742296218872,-4.220626692585938e-7,-0.9946588277816773,4.260344965700824e-9,1,-4.2388697352180318e-7,0.9946588277816773,3.9514933547479816e-8,0.10321742296218872]},{"type":"position","time":2.2434115409851076,"pos":[-101.76685333251953,6.091209411621094,355.1804504394531,0.110664002597332,-3.504084418182174e-7,-0.9938578605651856,3.3427276502351335e-9,1,-3.5220179483985705e-7,0.9938578605651856,3.56538656376415e-8,0.110664002597332]},{"type":"position","time":2.2563846111297609,"pos":[-101.50320434570313,6.091209411621094,355.1404113769531,0.11616004258394242,-2.973067694256315e-7,-0.9932305216789246,2.6601161273731579e-9,1,-2.9902199116804697e-7,0.9932305216789246,3.209229859635343e-8,0.11616004258394242]},{"type":"position","time":2.2744290828704836,"pos":[-101.23957824707031,6.091209411621094,355.10015869140627,0.12102027982473374,-2.431243615319545e-7,-0.992650032043457,2.061952830700875e-9,1,-2.4467317416565495e-7,0.992650032043457,2.7563617166492805e-8,0.12102027982473374]},{"type":"position","time":2.290799379348755,"pos":[-100.97613525390625,6.091209411621094,355.05877685546877,0.12570427358150483,-2.0747495454997989e-7,-0.9920677542686462,1.6966602567336509e-9,1,-2.0891887686502742e-7,0.9920677542686462,2.4578792334750689e-8,0.12570427358150483]},{"type":"position","time":2.30621075630188,"pos":[-100.71272277832031,6.091209411621094,355.0171813964844,0.1299462467432022,-1.815059107457273e-7,-0.9915210604667664,1.4478431786812962e-9,1,-1.82868291176419e-7,0.9915210604667664,2.2327480309058957e-8,0.1299462467432022]},{"type":"position","time":2.323301315307617,"pos":[-100.44931030273438,6.091209411621094,354.97552490234377,0.13362421095371247,-1.4267010328694597e-7,-0.991032063961029,1.0854392940018443e-9,1,-1.4381478763425549e-7,0.991032063961029,1.8141431468166048e-8,0.13362421095371247]},{"type":"position","time":2.3416128158569338,"pos":[-100.18589782714844,6.091209411621094,354.93389892578127,0.1367877572774887,-1.4553562266428345e-7,-0.9906003475189209,9.561318403683572e-10,1,-1.4678454363092897e-7,0.9906003475189209,1.9131185524656759e-8,0.1367877572774887]},{"type":"position","time":2.3573546409606935,"pos":[-99.9224853515625,6.091209411621094,354.8922119140625,0.13950484991073609,-1.2169196850209119e-7,-0.990221381187439,7.84763809491551e-10,1,-1.2278313477054326e-7,0.990221381187439,1.6351753728827135e-8,0.13950484991073609]},{"type":"position","time":2.3716790676116945,"pos":[-99.6590805053711,6.091209411621094,354.85064697265627,0.1418379247188568,-1.2298455942527654e-7,-0.989889919757843,7.233771914805232e-10,1,-1.24136988688405