{"data":[{"type":"position","time":0.002274751663208008,"pos":[-1311.330322265625,25.0549259185791,-10.79624080657959,0.9501643180847168,-9.852835347601285e-8,-0.31174951791763308,9.024738290008827e-8,1,-4.0989682759118298e-8,0.31174951791763308,1.0812358119949295e-8,0.9501643180847168]},{"type":"position","time":0.018058061599731447,"pos":[-1311.330322265625,25.0549259185791,-10.79624080657959,0.9501643180847168,-8.200034784522359e-8,-0.31174951791763308,7.510849542313736e-8,1,-3.411371451988998e-8,0.31174951791763308,8.998596534581793e-9,0.9501643180847168]},{"type":"position","time":0.03442215919494629,"pos":[-1311.330322265625,25.0549259185791,-10.79624080657959,0.9501643180847168,-4.896552496802542e-8,-0.31174951791763308,4.4850139602203856e-8,1,-2.0370592324070459e-8,0.31174951791763308,5.373400391306404e-9,0.9501643180847168]},{"type":"position","time":0.051213979721069339,"pos":[-1311.330322265625,25.0549259185791,-10.79624080657959,0.9501643180847168,-1.595893728278952e-8,-0.31174951791763308,1.461764576049518e-8,1,-6.639214511494629e-9,0.31174951791763308,1.7513006600466952e-9,0.9501643180847168]},{"type":"position","time":0.06836819648742676,"pos":[-1311.330322265625,25.0549259185791,-10.79624080657959,0.9501643180847168,1.7019440079479865e-8,-0.31174951791763308,-1.558900919462758e-8,1,7.080429131889332e-9,0.31174951791763308,-1.8677051016879888e-9,0.9501643180847168]},{"type":"position","time":0.08474373817443848,"pos":[-1311.330322265625,25.0549259185791,-10.79624080657959,0.9501643180847168,4.9969631987778487e-8,-0.31174951791763308,-4.576984835580333e-8,1,2.078834882013325e-8,0.31174951791763308,-5.483618892299091e-9,0.9501643180847168]},{"type":"position","time":0.10153865814208985,"pos":[-1311.330322265625,25.0549259185791,-10.79624080657959,0.9501643180847168,8.289166686381577e-8,-0.31174951791763308,-7.592488771024364e-8,1,3.4484553879110538e-8,0.31174951791763308,-9.096445374723317e-9,0.9501643180847168]},{"type":"position","time":0.11774563789367676,"pos":[-1311.330322265625,25.0549259185791,-10.79624080657959,0.9501643180847168,1.1578556069480328e-7,-0.31174951791763308,-1.0605416633779896e-7,1,4.816905629922985e-8,0.31174951791763308,-1.2706183660782245e-8,0.9501643180847168]},{"type":"position","time":0.13478875160217286,"pos":[-1311.330322265625,25.0549259185791,-10.79624080657959,0.9501643180847168,7.867878792922056e-8,-0.31174951791763308,-7.206609353715976e-8,1,3.27319078508026e-8,0.31174951791763308,-8.63412186191681e-9,0.9501643180847168]},{"type":"position","time":0.15102505683898927,"pos":[-1311.330322265625,25.0549259185791,-10.79624080657959,0.9501643180847168,4.1603726685934819e-8,-0.31174951791763308,-3.810707127627211e-8,1,1.7307954180978414e-8,0.31174951791763308,-4.5655395020105519e-9,0.9501643180847168]},{"type":"position","time":0.16937518119812013,"pos":[-1311.330322265625,25.0549259185791,-10.79624080657959,0.9501643180847168,4.560351651861083e-9,-0.31174951791763308,-4.177073797961839e-9,1,1.8971813009471818e-9,0.31174951791763308,-5.00433194883243e-10,0.9501643180847168]},{"type":"position","time":0.18450260162353517,"pos":[-1311.330322265625,25.0549259185791,-10.79624080657959,0.9501643180847168,-3.245136426244244e-8,-0.31174951791763308,2.972392643130206e-8,1,-1.3500423001744366e-8,0.31174951791763308,3.5612008897345506e-9,0.9501643180847168]},{"type":"position","time":0.2017068862915039,"pos":[-1311.330322265625,25.0549259185791,-10.79624080657959,0.9501643180847168,-6.943145081095281e-8,-0.31174951791763308,6.35959480632664e-8,1,-2.888486960728187e-8,0.31174951791763308,7.619365582911542e-9,0.9501643180847168]},{"type":"position","time":0.2178182601928711,"pos":[-1311.330322265625,25.0549259185791,-10.79624080657959,0.9501643180847168,-1.0637992176043554e-7,-0.31174951791763308,9.74390275132464e-8,1,-4.4256168507672558e-8,0.31174951791763308,1.1674064381850258e-8,0.9501643180847168]},{"type":"position","time":0.2343580722808838,"pos":[-1311.330322265625,25.0549259185791,-10.79624080657959,0.9501643180847168,-1.0526053273451908e-7,-0.31174951791763308,9.641372145097194e-8,1,-4.3790478798655388e-8,0.31174951791763308,1.1551219536443114e-8,0.9501643180847168]},{"type":"position","time":0.2512528896331787,"pos":[-1311.330322265625,25.0549259185791,-10.79624080657959,0.9501643180847168,-6.612208380829543e-8,-0.31174951791763308,6.056473011994967e-8,1,-2.750809713347735e-8,0.31174951791763308,7.256187206650111e-9,0.9501643180847168]},{"type":"position","time":0.28338027000427248,"pos":[-1311.330322265625,25.0549259185791,-10.79624080657959,0.9501643180847168,-2.7017076575930333e-8,-0.31174951791763308,2.4746380944407066e-8,1,-1.1239629671422336e-8,0.31174951791763308,2.96482305373047e-9,0.9501643180847168]},{"type":"position","time":0.2936263084411621,"pos":[-1311.330322265625,25.0549259185791,-10.79624080657959,0.9501643180847168,3.157777328510747e-8,-0.31174951791763308,-2.8923752282139504e-8,1,1.3137008814112506e-8,0.31174951791763308,-3.465350895126562e-9,0.9501643180847168]},{"type":"position","time":0.31769633293151858,"pos":[-1311.330322265625,25.0549259185791,-10.79624080657959,0.9501643180847168,9.00975223316891e-8,-0.31174951791763308,-8.252509786643714e-8,1,3.748240828826965e-8,0.31174951791763308,-9.887286545051666e-9,0.9501643180847168]},{"type":"position","time":0.32640838623046877,"pos":[-1311.330322265625,25.0549259185791,-10.79624080657959,0.9501643180847168,1.0958743956734907e-7,-0.31174951791763308,-1.0037693698450312e-7,1,4.559060684528049e-8,0.31174951791763308,-1.2026103668461019e-8,0.9501643180847168]},{"type":"position","time":0.34669947624206545,"pos":[-1311.330322265625,25.0549259185791,-10.79624080657959,0.9501643180847168,6.378186867550539e-8,-0.31174951791763308,-5.842119676913171e-8,1,2.6534550556789328e-8,0.31174951791763308,-6.999402835106139e-9,0.9501643180847168]},{"type":"position","time":0.3630826473236084,"pos":[-1311.330322265625,25.0549259185791,-10.79624080657959,0.9501643180847168,3.327744835246449e-8,-0.31174951791763308,-3.048058516696983e-8,1,1.3844083213143677e-8,0.31174951791763308,-3.651846158803096e-9,0.9501643180847168]},{"type":"position","time":0.3800332546234131,"pos":[-1311.330322265625,25.0549259185791,-10.79624080657959,0.9501643180847168,2.7991005069338827e-9,-0.31174951791763308,-2.5638517975323795e-9,1,1.1644607500471694e-9,0.31174951791763308,-3.071495002782143e-10,0.9501643180847168]},{"type":"position","time":0.3974130153656006,"pos":[-1311.330322265625,25.0549259185791,-10.79624080657959,0.9501643180847168,-2.765319884190376e-8,-0.31174951791763308,2.532901888230299e-8,1,-1.1504325492239787e-8,0.31174951791763308,3.0346898327593409e-9,0.9501643180847168]},{"type":"position","time":0.41376304626464846,"pos":[-1311.330322265625,25.0549259185791,-10.79624080657959,0.9501643180847168,-5.807947189850893e-8,-0.31174951791763308,5.31980504092644e-8,1,-2.4162284617545994e-8,0.31174951791763308,6.373674477089253e-9,0.9501643180847168]},{"type":"position","time":0.42984962463378909,"pos":[-1311.330322265625,25.0549259185791,-10.79624080657959,0.9501643180847168,-8.84797444200558e-8,-0.31174951791763308,8.10432680964368e-8,1,-3.680942839423551e-8,0.31174951791763308,9.709805404156669e-9,0.9501643180847168]},{"type":"position","time":0.44663143157958987,"pos":[-1311.330322265625,25.0549259185791,-10.79624080657959,0.9501643180847168,-1.1885403239375592e-7,-0.31174951791763308,1.0886468260196125e-7,1,-4.944576303955728e-8,0.31174951791763308,1.3043086610764476e-8,0.9501643180847168]},{"type":"position","time":0.4637794494628906,"pos":[-1311.330322265625,25.0549259185791,-10.79624080657959,0.9501643180847168,-7.878789887172388e-8,-0.31174951791763308,7.216599584580763e-8,1,-3.2777411007600679e-8,0.31174951791763308,8.646209970208929e-9,0.9501643180847168]},{"type":"position","time":0.48029446601867678,"pos":[-1311.330322265625,25.0549259185791,-10.79624080657959,0.9501643180847168,-3.875600285141445e-8,-0.31174951791763308,3.549867244601046e-8,1,-1.6123301804782387e-8,0.31174951791763308,4.253091212547133e-9,0.9501643180847168]},{"type":"position","time":0.49637532234191897,"pos":[-1311.330322265625,25.0549259185791,-10.79624080657959,0.9501643180847168,1.241676317320639e-9,-0.31174951791763308,-1.1373126884706153e-9,1,5.165764482839563e-10,0.31174951791763308,-1.3627582395869809e-10,0.9501643180847168]},{"type":"position","time":0.5135579109191895,"pos":[-1311.330322265625,25.0549259185791,-10.79624080657959,0.9501643180847168,4.120517616001962e-8,-0.31174951791763308,-3.774199086592489e-8,1,1.7142236075073926e-8,0.31174951791763308,-4.521893526288068e-9,0.9501643180847168]},{"type":"position","time":0.5296149253845215,"pos":[-1311.330322265625,25.0549259185791,-10.79624080657959,0.9501643180847168,8.113452309999048e-8,-0.31174951791763308,-7.431538762148193e-8,1,3.3753689621107699e-8,0.31174951791763308,-8.903764836531991e-9,0.9501643180847168]},{"type":"position","time":0.5470187664031982,"pos":[-1311.330322265625,25.0549259185791,-10.79624080657959,0.9501643180847168,1.2102974267236278e-7,-0.31174951791763308,-1.1085752049666553e-7,1,5.035094474692414e-8,0.31174951791763308,-1.3281893807004508e-8,0.9501643180847168]},{"type":"position","time":0.5631773471832275,"pos":[-1311.330322265625,25.0549259185791,-10.79624080657959,0.9501643180847168,8.545362817358182e-8,-0.31174951791763308,-7.827147641137344e-8,1,3.5550520749438877e-8,0.31174951791763308,-9.377742138383383e-9,0.9501643180847168]},{"type":"position","time":0.5800609588623047,"pos":[-1311.330322265625,25.0549259185791,-10.79624080657959,0.9501643180847168,4.990791424575036e-8,-0.31174951791763308,-4.571329270675051e-8,1,2.0762746189006976e-8,0.31174951791763308,-5.476924247460602e-9,0.9501643180847168]},{"type":"position","time":0.5967631340026856,"pos":[-1311.330322265625,25.0549259185791,-10.79624080657959,0.9501643180847168,1.4392583125300007e-8,-0.31174951791763308,-1.3182929414767841e-8,1,5.98760818704136e-9,0.31174951791763308,-1.5794396901469555e-9,0.9501643180847168]},{"type":"position","time":0.6133372783660889,"pos":[-1311.330322265625,25.0549259185791,-10.79624080657959,0.9501643180847168,-2.1092395385835517e-8,-0.31174951791763308,1.9319630339964534e-8,1,-8.774903470509799e-9,0.31174951791763308,2.314715086271235e-9,0.9501643180847168]},{"type":"position","time":0.6299800872802734,"pos":[-1311.330322265625,25.0549259185791,-10.79624080657959,0.9501643180847168,-5.65470479330088e-8,-0.31174951791763308,5.1794412314620789e-8,1,-2.3524799885876747e-8,0.31174951791763308,6.205542746329229e-9,0.9501643180847168]},{"type":"position","time":0.6469278335571289,"pos":[-1311.330322265625,25.0549259185791,-10.79624080657959,0.9501643180847168,-9.197139405614507e-8,-0.31174951791763308,8.424143516094773e-8,1,-3.826209038493289e-8,0.31174951791763308,1.0093046398651495e-8,0.9501643180847168]},{"type":"position","time":0.6640777587890625,"pos":[-1311.330322265625,25.0549259185791,-10.79624080657959,0.9501643180847168,-1.273654675060243e-7,-0.31174951791763308,1.1666072907701164e-7,1,-5.2986788290354528e-8,0.31174951791763308,1.3977229151862503e-8,0.9501643180847168]},{"type":"position","time":0.6804072856903076,"pos":[-1311.330322265625,25.0549259185791,-10.79624080657959,0.9501643180847168,-8.608752466443548e-8,-0.31174951791763308,7.885208930247245e-8,1,-3.5814267107525669e-8,0.31174951791763308,9.447338911172665e-9,0.9501643180847168]},{"type":"position","time":0.6970129013061523,"pos":[-1311.330322265625,25.0549259185791,-10.79624080657959,0.9501643180847168,-4.4844863822390837e-8,-0.31174951791763308,4.107576856426931e-8,1,-1.865642396126077e-8,0.31174951791763308,4.921317575679041e-9,0.9501643180847168]},{"type":"position","time":0.7134561538696289,"pos":[-1311.330322265625,25.0549259185791,-10.79624080657959,0.9501643180847168,-3.6374498968427817e-9,-0.31174951791763308,3.3317364422913444e-9,1,-1.5132435304821002e-9,0.31174951791763308,3.9916281391327859e-10,0.9501643180847168]},{"type":"position","time":0.7311584949493408,"pos":[-1311.330322265625,25.0549259185791,-10.79624080657959,0.9501643180847168,3.753474331347206e-8,-0.31174951791763308,-3.4380036595393906e-8,1,1.5615286841352828e-8,0.31174951791763308,-4.119128593771393e-9,0.9501643180847168]},{"type":"position","time":0.7467989921569824,"pos":[-1311.330322265625,25.0549259185791,-10.79624080657959,0.9501643180847168,7.867174645070918e-8,-0.31174951791763308,-7.205957786027284e-8,1,3.272917936669728e-8,0.31174951791763308,-8.63355964497714e-9,0.9501643180847168]},{"type":"position","time":0.7633788585662842,"pos":[-1311.330322265625,25.0549259185791,-10.79624080657959,0.9501643180847168,1.197735883806672e-7,-0.31174951791763308,-1.0970691022293977e-7,1,4.982844714618295e-8,0.31174951791763308,-1.314413466957376e-8,0.9501643180847168]},{"type":"position","time":0.7798876762390137,"pos":[-1311.330322265625,25.0549259185791,-10.79624080657959,0.9501643180847168,8.551102581577652e-8,-0.31174951791763308,-7.832403525753762e-8,1,3.557446248692031e-8,0.31174951791763308,-9.384106824938954e-9,0.9501643180847168]},{"type":"position","time":0.7974565029144287,"pos":[-1311.330322265625,25.0549259185791,-10.79624080657959,0.9501643180847168,5.127774471702651e-8,-0.31174951791763308,-4.696797972769673e-8,1,2.1332661859219116e-8,0.31174951791763308,-5.627288857112944e-9,0.9501643180847168]},{"type":"position","time":0.8136725425720215,"pos":[-1311.330322265625,25.0549259185791,-10.79624080657959,0.9501643180847168,1.7073721991778258e-8,-0.31174951791763308,-1.5638722317135035e-8,1,7.103030164046231e-9,0.31174951791763308,-1.8736816542741509e-9,0.9501643180847168]},{"type":"position","time":0.8301842212677002,"pos":[-1311.330322265625,25.0549259185791,-10.79624080657959,0.9501643180847168,-1.7101067228963985e-8,-0.31174951791763308,1.566375829042954e-8,1,-7.1144414803825388e-9,0.31174951791763308,1.8767192244695254e-9,0.9501643180847168]},{"type":"position","time":0.8467378616333008,"pos":[-1311.330322265625,25.0549259185791,-10.79624080657959,0.9501643180847168,-5.124664781419597e-8,-0.31174951791763308,4.693948341127907e-8,1,-2.131976195585139e-8,0.31174951791763308,5.623915999564133e-9,0.9501643180847168]},{"type":"position","time":0.8639674186706543,"pos":[-1311.330322265625,25.0549259185791,-10.79624080657959,0.9501643180847168,-8.536304818562712e-8,-0.31174951791763308,7.818848501983666e-8,1,-3.55129436968582e-8,0.31174951791763308,9.367911779634142e-9,0.9501643180847168]},{"type":"position","time":0.8802776336669922,"pos":[-1311.330322265625,25.0549259185791,-10.79624080657959,0.9501643180847168,-1.1945029143589637e-7,-0.31174951791763308,1.0941077022152968e-7,1,-4.9693998249722429e-8,0.31174951791763308,1.310870789694718e-8,0.9501643180847168]},{"type":"position","time":0.8968467712402344,"pos":[-1311.330322265625,25.0549259185791,-10.79624080657959,0.9501643180847168,-8.125774542122599e-8,-0.31174951791763308,7.442822180792064e-8,1,-3.380504054462108e-8,0.31174951791763308,8.917380611705994e-9,0.9501643180847168]},{"type":"position","time":0.9142541885375977,"pos":[-1311.330322265625,25.0549259185791,-10.79624080657959,0.9501643180847168,-4.309784529255012e-8,-0.31174951791763308,3.947557658534606e-8,1,-1.7929661311200108e-8,0.31174951791763308,4.729633129585409e-9,0.9501643180847168]},{"type":"position","time":0.9306118488311768,"pos":[-1311.330322265625,25.0549259185791,-10.79624080657959,0.9501643180847168,-4.970559963624055e-9,-0.31174951791763308,4.5528008030260029e-9,1,-2.0678485590508446e-9,0.31174951791763308,5.45462564005561e-10,0.9501643180847168]},{"type":"position","time":0.9471428394317627,"pos":[-1311.330322265625,25.0549259185791,-10.79624080657959,0.9501643180847168,3.312414165179689e-8,-0.31174951791763308,-3.0340128631678456e-8,1,1.3780409702235375e-8,0.31174951791763308,-3.6351337495688087e-9,0.9501643180847168]},{"type":"position","time":0.9636087417602539,"pos":[-1311.330322265625,25.0549259185791,-10.79624080657959,0.9501643180847168,7.118628531088689e-8,-0.31174951791763308,-6.520323125869254e-8,1,2.9615124574888797e-8,0.31174951791763308,-7.812158919762169e-9,0.9501643180847168]},{"type":"position","time":0.979971170425415,"pos":[-1311.330322265625,25.0549259185791,-10.79624080657959,0.9501643180847168,1.0921589677082011e-7,-0.31174951791763308,-1.0003653727608253e-7,1,4.5436308937496508e-8,0.31174951791763308,-1.1985616055198989e-8,0.9501643180847168]},{"type":"position","time":0.9971771240234375,"pos":[-1311.330322265625,25.0549259185791,-10.79624080657959,0.9501643180847168,1.0813102591100687e-7,-0.31174951791763308,-9.904285036554939e-8,1,4.498497574445537e-8,0.31174951791763308,-1.1866556626216607e-8,0.9501643180847168]},{"type":"position","time":1.0135958194732667,"pos":[-1311.330322265625,25.0549259185791,-10.79624080657959,0.9501643180847168,6.798180862688241e-8,-0.31174951791763308,-6.226808579867793e-8,1,2.8281975872346267e-8,0.31174951791763308,-7.460479345411386e-9,0.9501643180847168]},{"type":"position","time":1.0304789543151856,"pos":[-1311.330322265625,25.0549259185791,-10.79624080657959,0.9501643180847168,2.7866898122397289e-8,-0.31174951791763308,-2.5524750313365986e-8,1,1.1593252580155422e-8,0.31174951791763308,-3.0581663867934596e-9,0.9501643180847168]},{"type":"position","time":1.0470895767211915,"pos":[-1311.330322265625,25.0549259185791,-10.79624080657959,0.9501643180847168,-1.2213724254195313e-8,-0.31174951791763308,1.1187180959382204e-8,1,-5.0812092311502969e-9,0.31174951791763308,1.3403856913285495e-9,0.9501643180847168]},{"type":"position","time":1.0645151138305665,"pos":[-1311.330322265625,25.0549259185791,-10.79624080657959,0.9501643180847168,-5.226008781278324e-8,-0.31174951791763308,4.7867732888562389e-8,1,-2.1741421107890347e-8,0.31174951791763308,5.735179886556807e-9,0.9501643180847168]},{"type":"position","time":1.0813305377960206,"pos":[-1311.330322265625,25.0549259185791,-10.79624080657959,0.9501643180847168,-9.227222363961119e-8,-0.31174951791763308,8.4516933895884e-8,1,-3.8387394596384186e-8,0.31174951791763308,1.0126219862627295e-8,0.9501643180847168]},{"type":"position","time":1.097489356994629,"pos":[-1311.330322265625,25.0549259185791,-10.79624080657959,0.9501643180847168,-9.663290256867185e-8,-0.31174951791763308,8.851110777641225e-8,1,-4.020153454575848e-8,0.31174951791763308,1.0604768618804883e-8,0.9501643180847168]},{"type":"position","time":1.1137456893920899,"pos":[-1311.330322265625,25.0549259185791,-10.79624080657959,0.9501643180847168,-6.53878160505883e-8,-0.31174951791763308,5.989210904999709e-8,1,-2.720284619783797e-8,0.31174951791763308,7.175837701822729e-9,0.9501643180847168]},{"type":"position","time":1.130347728729248,"pos":[-1311.330322265625,25.0549259185791,-10.79624080657959,0.9501643180847168,-3.416943883394197e-8,-0.31174951791763308,3.1297570757260476e-8,1,-1.4215266297412655e-8,0.31174951791763308,3.7498364413579569e-9,0.9501643180847168]},{"type":"position","time":1.1487736701965333,"pos":[-1311.330322265625,25.0549259185791,-10.79624080657959,0.9501643180847168,-2.9777398324881689e-9,-0.31174951791763308,2.7274742464555858e-9,1,-1.2387860737206325e-9,0.31174951791763308,3.2676147898591525e-10,0.9501643180847168]},{"type":"position","time":1.1650781631469727,"pos":[-1311.330322265625,25.0549259185791,-10.79624080657959,0.9501643180847168,2.818729960551991e-8,-0.31174951791763308,-2.5818202686878068e-8,1,1.1726604576267619e-8,0.31174951791763308,-3.0933891004281124e-9,0.9501643180847168]},{"type":"position","time":1.180142879486084,"pos":[-1311.330322265625,25.0549259185791,-10.79624080657959,0.9501643180847168,5.9325699908185928e-8,-0.31174951791763308,-5.4339484023557819e-8,1,2.4680915089447809e-8,0.31174951791763308,-6.510618266730717e-9,0.9501643180847168]},{"type":"position","time":1.1970210075378419,"pos":[-1311.330322265625,25.0549259185791,-10.79624080657959,0.9501643180847168,9.043748860904089e-8,-0.31174951791763308,-8.283638663897364e-8,1,3.7624158011340117e-8,0.31174951791763308,-9.924928434656977e-9,0.9501643180847168]},{"type":"position","time":1.213787317276001,"pos":[-1311.330322265625,25.0549259185791,-10.79624080657959,0.9501643180847168,1.215226888007237e-7,-0.31174951791763308,-1.1130892829669392e-7,1,5.055633423012296e-8,0.31174951791763308,-1.3336321380563732e-8,0.9501643180847168]},{"type":"position","time":1.2321491241455079,"pos":[-1311.330322265625,25.0549259185791,-10.79624080657959,0.9501643180847168,8.057378408921068e-8,-0.31174951791763308,-7.380170785609153e-8,1,3.352061028749631e-8,0.31174951791763308,-8.842442333900636e-9,0.9501643180847168]},{"type":"position","time":1.2488155364990235,"pos":[-1311.330322265625,25.0549259185791,-10.79624080657959,0.9501643180847168,3.9659877160147519e-8,-0.31174951791763308,-3.632653999829927e-8,1,1.649944536552539e-8,0.31174951791763308,-4.352401994367483e-9,0.9501643180847168]},{"type":"position","time":1.2646634578704835,"pos":[-1311.330322265625,25.0549259185791,-10.79624080657959,0.9501643180847168,-1.2190581877291607e-9,-0.31174951791763308,1.1165931512735484e-9,1,-5.071739694884059e-10,0.31174951791763308,1.3380126173689889e-10,0.9501643180847168]},{"type":"position","time":1.279831886291504,"pos":[-1311.330322265625,25.0549259185791,-10.79624080657959,0.9501643180847168,-4.2063053484753257e-8,-0.31174951791763308,3.8527723233983127e-8,1,-1.7499258930797624e-8,0.31174951791763308,4.616172777360816e-9,0.9501643180847168]},{"type":"position","time":1.2961411476135255,"pos":[-1311.330322265625,25.0549259185791,-10.79624080657959,0.9501643180847168,-8.287214114943709e-8,-0.31174951791763308,7.590688255731948e-8,1,-3.4476823174145468e-8,0.31174951791763308,9.09471520316174e-9,0.9501643180847168]},{"type":"position","time":1.3136446475982667,"pos":[-1311.330322265625,25.0549259185791,-10.79624080657959,0.9501643180847168,-1.2364634471850878e-7,-0.31174951791763308,1.132540887738287e-7,1,-5.1439879911185929e-8,0.31174951791763308,1.3569430024062968e-8,0.9501643180847168]},{"type":"position","time":1.3297944068908692,"pos":[-1311.330322265625,25.0549259185791,-10.79624080657959,0.9501643180847168,-8.731070977319178e-8,-0.31174951791763308,7.997239492851804e-8,1,-3.63233674249841e-8,0.31174951791763308,9.581811788450523e-9,0.9501643180847168]},{"type":"position","time":1.3475961685180665,"pos":[-1311.330322265625,25.0549259185791,-10.79624080657959,0.9501643180847168,-5.1006125545427497e-8,-0.31174951791763308,4.671915121434722e-8,1,-2.121977438207523e-8,0.31174951791763308,5.597599717077628e-9,0.9501643180847168]},{"type":"position","time":1.3642463684082032,"pos":[-1311.330322265625,25.0549259185791,-10.79624080657959,0.9501643180847168,-1.4732567166220179e-8,-0.31174951791763308,1.3494325656893125e-8,1,-6.1290874597830229e-9,0.31174951791763308,1.616790812342117e-9,0.9501643180847168]},{"type":"position","time":1.3808653354644776,"pos":[-1311.330322265625,25.0549259185791,-10.79624080657959,0.9501643180847168,2.1509990233425925e-8,-0.31174951791763308,-1.970210306012632e-8,1,8.948704000033559e-9,0.31174951791763308,-2.360617923358177e-9,0.9501643180847168]},{"type":"position","time":1.397655725479126,"pos":[-1311.330322265625,25.0549259185791,-10.79624080657959,0.9501643180847168,5.7721571522506568e-8,-0.31174951791763308,-5.287015980570686e-8,1,2.401361065551555e-8,0.31174951791763308,-6.334628821491606e-9,0.9501643180847168]},{"type":"position","time":1.414795160293579,"pos":[-1311.330322265625,25.0549259185791,-10.79624080657959,0.9501643180847168,9.390220867544486e-8,-0.31174951791763308,-8.600986944884426e-8,1,3.906564316480399e-8,0.31174951791763308,-1.030524554579415e-8,0.9501643180847168]},{"type":"position","time":1.4304749965667725,"pos":[-1311.330322265625,25.0549259185791,-10.79624080657959,0.9501643180847168,9.530153022296872e-8,-0.31174951791763308,-8.729158196274511e-8,1,3.9647794380925919e-8,0.31174951791763308,-1.0458808930025043e-8,0.9501643180847168]},{"type":"position","time":1.447441816329956,"pos":[-1311.330322265625,25.0549259185791,-10.79624080657959,0.9501643180847168,6.196412272174712e-8,-0.31174951791763308,-5.6756135791147247e-8,1,2.5778604140214158e-8,0.31174951791763308,-6.8002115050092019e-9,0.9501643180847168]},{"type":"position","time":1.4641849994659424,"pos":[-1311.330322265625,25.0549259185791,-10.79624080657959,0.9501643180847168,2.865520798422949e-8,-0.31174951791763308,-2.6246786077877006e-8,1,1.1921264864156456e-8,0.31174951791763308,-3.1447375814508406e-9,0.9501643180847168]},{"type":"position","time":1.4809341430664063,"pos":[-1311.330322265625,25.0549259185791,-10.79624080657959,0.9501643180847168,-4.625239746758325e-9,-0.31174951791763308,4.2364893815260988e-9,1,-1.9242325510759885e-9,0.31174951791763308,5.076136178061574e-10,0.9501643180847168]},{"type":"position","time":1.4982430934906006,"pos":[-1311.330322265625,25.0549259185791,-10.79624080657959,0.9501643180847168,-3.7877246228390507e-8,-0.31174951791763308,3.469371279152256e-8,1,-1.5757898097490398e-8,0.31174951791763308,4.156844646274749e-9,0.9501643180847168]},{"type":"position","time":1.5133991241455079,"pos":[-1311.330322265625,25.0549259185791,-10.79624080657959,0.9501643180847168,-7.110082833605702e-8,-0.31174951791763308,6.512490102750235e-8,1,-2.9579743099361623e-8,0.31174951791763308,7.802958279512496e-9,0.9501643180847168]},{"type":"position","time":1.5302250385284424,"pos":[-1311.330322265625,25.0549259185791,-10.79624080657959,0.9501643180847168,-1.0429602070871624e-7,-0.31174951791763308,9.553008339935332e-8,1,-4.3389775328250838e-8,0.31174951791763308,1.1445957959210773e-8,0.9501643180847168]},{"type":"position","time":1.5472657680511475,"pos":[-1311.330322265625,25.0549259185791,-10.79624080657959,0.9501643180847168,-1.0117032900325285e-7,-0.31174951791763308,9.266710776500986e-8,1,-4.2089407514822599e-8,0.31174951791763308,1.110292657813261e-8,0.9501643180847168]},{"type":"position","time":1.5645029544830323,"pos":[-1311.330322265625,25.0549259185791,-10.79624080657959,0.9501643180847168,-6.177032219056855e-8,-0.31174951791763308,5.657861024133126e-8,1,-2.569800372498321e-8,0.31174951791763308,6.778971606280493e-9,0.9501643180847168]},{"type":"position","time":1.5834994316101075,"pos":[-1311.330322265625,25.0549259185791,-10.79624080657959,0.9501643180847168,-2.2403982669061407e-8,-0.31174951791763308,2.0520964483239369e-8,1,-9.320609173357753e-9,0.31174951791763308,2.4587096802974885e-9,0.9501643180847168]},{"type":"position","time":1.599086046218872,"pos":[-1311.330322265625,25.0549259185791,-10.79624080657959,0.9501643180847168,1.6928710877550658e-8,-0.31174951791763308,-1.550586858911629e-8,1,7.04279123908691e-9,0.31174951791763308,-1.857861864351662e-9,0.9501643180847168]},{"type":"position","time":1.6148343086242676,"pos":[-1311.330322265625,25.0549259185791,-10.79624080657959,0.9501643180847168,5.622779042369075e-8,-0.31174951791763308,-5.150191384473146e-8,1,2.3392209058670234e-8,0.31174951791763308,-6.170746136291427e-9,0.9501643180847168]},{"type":"position","time":1.6307191848754883,"pos":[-1311.330322265625,25.0549259185791,-10.79624080657959,0.9501643180847168,9.54932843910683e-8,-0.31174951791763308,-8.746719259988822e-8,1,3.972765583171167e-8,0.31174951791763308,-1.0479946688235487e-8,0.9501643180847168]},{"type":"position","time":1.6488299369812012,"pos":[-1311.330322265625,25.0549259185791,-10.79624080657959,0.9501643180847168,9.857119209755183e-8,-0.31174951791763308,-9.028640590713622e-8,1,4.1008139106679667e-8,0.31174951791763308,-1.0817728046674802e-8,0.9501643180847168]},{"type":"position","time":1.665503978729248,"pos":[-1311.330322265625,25.0549259185791,-10.79624080657959,0.9501643180847168,6.550789777293176e-8,-0.31174951791763308,-6.000204422207389e-8,1,2.7252955447920614e-8,0.31174951791763308,-7.189178141686625e-9,0.9501643180847168]},{"type":"position","time":1.683258056640625,"pos":[-1311.330322265625,25.0549259185791,-10.79624080657959,0.9501643180847168,3.2472854627485506e-8,-0.31174951791763308,-2.9743556950734275e-8,1,1.3509525942367873e-8,0.31174951791763308,-3.5637297557400417e-9,0.9501643180847168]},{"type":"position","time":1.6968498229980469,"pos":[-1311.330322265625,25.0549259185791,-10.79624080657959,0.9501643180847168,-5.33952160264306e-10,-0.31174951791763308,4.890670091128868e-10,1,-2.2215958239701906e-10,0.31174951791763308,5.862169777381965e-11,0.9501643180847168]},{"type":"position","time":1.7148263454437256,"pos":[-1311.330322265625,25.0549259185791,-10.79624080657959,0.9501643180847168,-3.351254918015911e-8,-0.31174951791763308,3.069585119419571e-8,1,-1.394211057714756e-8,0.31174951791763308,3.6778788903291117e-9,0.9501643180847168]},{"type":"position","time":1.7322075366973878,"pos":[-1311.330322265625,25.0549259185791,-10.79624080657959,0.9501643180847168,-6.646296668577634e-8,-0.31174951791763308,6.087682180577758e-8,1,-2.7650337131035486e-8,0.31174951791763308,7.294044035432989e-9,0.9501643180847168]},{"type":"position","time":1.747767686843872,"pos":[-1311.330322265625,25.0549259185791,-10.79624080657959,0.9501643180847168,-9.938521117192067e-8,-0.31174951791763308,9.1031992610624e-8,1,-4.1346851276102828e-8,0.31174951791763308,1.090712054008236e-8,0.9501643180847168]},{"type":"position","time":1.7636809349060059,"pos":[-1311.330322265625,25.0549259185791,-10.79624080657959,0.9501643180847168,-9.72703873003411e-8,-0.31174951791763308,8.909491810982218e-8,1,-4.046702528626156e-8,0.31174951791763308,1.0675025308160002e-8,0.9501643180847168]},{"type":"position","time":1.7810394763946534,"pos":[-1311.330322265625,25.0549259185791,-10.79624080657959,0.9501643180847168,-6.016340137193765e-8,-0.31174951791763308,5.510673162234525e-8,1,-2.5029541106391663e-8,0.31174951791763308,6.602680180378684e-9,0.9501643180847168]},{"type":"position","time":1.7977874279022217,"pos":[-1311.330322265625,25.0549259185791,-10.79624080657959,0.9501643180847168,-2.3088119860403823e-8,-0.31174951791763308,2.114759389826304e-8,1,-9.60524904058957e-9,0.31174951791763308,2.5338129372443065e-9,0.9501643180847168]},{"type":"position","time":1.8142359256744385,"pos":[-1311.330322265625,25.0549259185791,-10.79624080657959,0.9501643180847168,1.3955469668758269e-8,-0.31174951791763308,-1.278252081959863e-8,1,5.805862013374963e-9,0.31174951791763308,-1.5315781975999699e-9,0.9501643180847168]},{"type":"position","time":1.830796241760254,"pos":[-1311.330322265625,25.0549259185791,-10.79624080657959,0.9501643180847168,5.096740096632857e-8,-0.31174951791763308,-4.668363828841393e-8,1,2.1203803157732183e-8,0.31174951791763308,-5.5934967768678238e-9,0.9501643180847168]},{"type":"position","time":1.8473477363586426,"pos":[-1311.330322265625,25.0549259185791,-10.79624080657959,0.9501643180847168,8.794770423037335e-8,-0.31174951791763308,-8.055577893628652e-8,1,3.658858815924759e-8,0.31174951791763308,-9.651945021005304e-9,0.9501643180847168]},{"type":"position","time":1.8641619682312012,"pos":[-1311.330322265625,25.0549259185791,-10.79624080657959,0.9501643180847168,1.2489640255353152e-7,-0.31174951791763308,-1.1439897207310423e-7,1,5.196022456743776e-8,0.31174951791763308,-1.3706927148859905e-8,0.9501643180847168]},{"type":"position","time":1.8809731006622315,"pos":[-1311.330322265625,25.0549259185791,-10.79624080657959,0.9501643180847168,8.572424547992341e-8,-0.31174951791763308,-7.851920003076884e-8,1,3.566356454598463e-8,0.31174951791763308,-9.407922441084793e-9,0.9501643180847168]},{"type":"position","time":1.8977973461151124,"pos":[-1311.330322265625,25.0549259185791,-10.79624080657959,0.9501643180847168,4.6585562074596967e-8,-0.31174951791763308,-4.267009146019518e-8,1,1.938082760943871e-8,0.31174951791763308,-5.112591239253561e-9,0.9501643180847168]},{"type":"position","time":1.9143297672271729,"pos":[-1311.330322265625,25.0549259185791,-10.79624080657959,0.9501643180847168,7.480331021270104e-9,-0.31174951791763308,-6.851619716030655e-9,1,3.1120055421496319e-9,0.31174951791763308,-8.209274926507248e-10,0.9501643180847168]},{"type":"position","time":1.9314115047454835,"pos":[-1311.330322265625,25.0549259185791,-10.79624080657959,0.9501643180847168,-3.15914761017666e-8,-0.31174951791763308,2.8936236518006809e-8,1,-1.3142913424246672e-8,0.31174951791763308,3.467069742413287e-9,0.9501643180847168]},{"type":"position","time":1.9472768306732178,"pos":[-1311.330322265625,25.0549259185791,-10.79624080657959,0.9501643180847168,-7.062988771622259e-8,-0.31174951791763308,6.469350211091296e-8,1,-2.938394239038189e-8,0.31174951791763308,7.751404851319421e-9,0.9501643180847168]},{"type":"position","time":1.9643828868865967,"pos":[-1311.330322265625,25.0549259185791,-10.79624080657959,0.9501643180847168,-1.0963493934923463e-7,-0.31174951791763308,1.0042020903711091e-7,1,-4.5611091792352457e-8,0.31174951791763308,1.2032080221047181e-8,0.9501643180847168]},{"type":"position","time":1.981522798538208,"pos":[-1311.330322265625,25.0549259185791,-10.79624080657959,0.9501643180847168,-7.90781200521451e-8,-0.31174951791763308,7.243166777470833e-8,1,-3.289862959832135e-8,0.31174951791763308,8.678565421860185e-9,0.9501643180847168]},{"type":"position","time":2.001309394836426,"pos":[-1311.330322265625,25.0549259185791,-10.79624080657959,0.9501643180847168,-4.8547420306022107e-8,-0.31174951791763308,4.4467054038932477e-8,1,-2.0197029826363179e-8,0.31174951791763308,5.3279149980767219e-9,0.9501643180847168]},{"type":"position","time":2.0144152641296388,"pos":[-1311.330322265625,25.0549259185791,-10.79624080657959,0.9501643180847168,-1.8042817018226743e-8,-0.31174951791763308,1.652633763171707e-8,1,-7.50628537105058e-9,0.31174951791763308,1.980126507206137e-9,0.9501643180847168]},{"type":"position","time":2.031419038772583,"pos":[-1311.330322265625,25.0549259185791,-10.79624080657959,0.9501643180847168,1.2435715568415162e-8,-0.31174951791763308,-1.1390496545971019e-8,1,5.173614425757478e-9,0.31174951791763308,-1.3648018271084084e-9,0.9501643180847168]},{"type":"position","time":2.0477375984191896,"pos":[-1311.330322265625,25.0549259185791,-10.79624080657959,0.9501643180847168,4.28881996583641e-8,-0.31174951791763308,-3.928347069859228e-8,1,1.7842678445845196e-8,0.31174951791763308,-4.706873113491383e-9,0.9501643180847168]},{"type":"position","time":2.0648508071899416,"pos":[-1311.330322265625,25.0549259185791,-10.79624080657959,0.9501643180847168,7.331465212701005e-8,-0.31174951791763308,-6.715260525425038e-8,1,3.0500917347353609e-8,0.31174951791763308,-8.046090016478047e-9,0.9501643180847168]},{"type":"position","time":2.0822415351867677,"pos":[-1311.330322265625,25.0549259185791,-10.79624080657959,0.9501643180847168,1.0371510228424086e-7,-0.31174951791763308,-9.499791531197843e-8,1,4.314833645935323e-8,0.31174951791763308,-1.1382454090380634e-8,0.9501643180847168]},{"type":"position","time":2.1000547409057619,"pos":[-1311.330322265625,25.0549259185791,-10.79624080657959,0.9501643180847168,9.8859544550578e-8,-0.31174951791763308,-9.055046490402674e-8,1,4.112828477786934e-8,0.31174951791763308,-1.0849566578485792e-8,0.9501643180847168]},{"type":"position","time":2.1145827770233156,"pos":[-1300.8719482421876,3.999999761581421,125.46424102783203,-0.9623781442642212,4.1047318433129479e-8,-0.2717135548591614,1.4629131683818742e-8,1,9.925364707896733e-8,0.2717135548591614,9.154461366733813e-8,-0.9623781442642212]},{"type":"position","time":2.1302731037139894,"pos":[-1300.8719482421876,3.999999761581421,125.46424102783203,-0.9623781442642212,5.364864463786034e-8,-0.2717135548591614,1.9119058336514173e-8,1,1.297280931567002e-7,0.2717135548591614,1.1965258295276727e-7,-0.9623781442642212]},{"type":"position","time":2.147552967071533,"pos":[-1300.8719482421876,3.999999761581421,125.46424102783203,-0.9623781442642212,3.491726729976108e-8,-0.2717135548591614,1.2443142516360695e-8,1,8.443545596037439e-8,0.2717135548591614,7.787786415747178e-8,-0.9623781442642212]},{"type":"position","time":2.1643052101135256,"pos":[-1300.8719482421876,3.999999761581421,125.46424102783203,-0.9623781442642212,1.6201910923996367e-8,-0.2717135548591614,5.7729421243379878e-9,1,3.9181550448574856e-8,0.2717135548591614,3.6138882109071349e-8,-0.9623781442642212]},{"type":"position","time":2.1811013221740724,"pos":[-1300.8719482421876,3.999999761581421,125.46424102783203,-0.9623781442642212,-2.4974380341546977e-9,-0.2717135548591614,-8.915552185406739e-10,1,-6.033650912229405e-9,0.2717135548591614,-5.564406269087385e-9,-0.9623781442642212]},{"type":"position","time":2.196640729904175,"pos":[-1300.8719482421876,3.999999761581421,125.46424102783203,-0.9623781442642212,-2.118079223123459e-8,-0.2717135548591614,-7.550350566987163e-9,1,-5.121018276099676e-8,0.2717135548591614,-4.723202806644622e-8,-0.9623781442642212]},{"type":"position","time":2.2142295837402345,"pos":[-1300.8719482421876,3.999999761581421,125.46424102783203,-0.9623781442642212,-3.9848167432410267e-8,-0.2717135548591614,-1.4203449971716964e-8,1,-9.634807440761506e-8,0.2717135548591614,-8.886401303698222e-8,-0.9623781442642212]},{"type":"position","time":2.2310919761657717,"pos":[-1300.8719482421876,3.999999761581421,125.46424102783203,-0.9623781442642212,-4.2660570187535998e-8,-0.2717135548591614,-1.5205442238652723e-8,1,-1.0314975185110598e-7,0.2717135548591614,-9.513754406498265e-8,-0.9623781442642212]},{"type":"position","time":2.2478513717651369,"pos":[-1300.8719482421876,3.999999761581421,125.46424102783203,-0.9623781442642212,-2.963833800606608e-8,-0.2717135548591614,-1.056357579187761e-8,1,-7.166437399064307e-8,0.2717135548591614,-6.609796798784373e-8,-0.9623781442642212]},{"type":"position","time":2.2647273540496828,"pos":[-1300.8719482421876,3.999999761581421,125.46424102783203,-0.9623781442642212,-1.662724180562236e-8,-0.2717135548591614,-5.925680390816979e-9,1,-4.0205925699865477e-8,0.2717135548591614,-3.708321827389227e-8,-0.9623781442642212]},{"type":"position","time":2.2804136276245119,"pos":[-1300.8719482421876,3.999999761581421,125.46424102783203,-0.9623781442642212,-3.6272724823760429e-9,-0.2717135548591614,-1.291753481957869e-9,1,-8.774376780706917e-9,0.2717135548591614,-8.093281600451974e-9,-0.9623781442642212]},{"type":"position","time":2.297147750854492,"pos":[-1300.8719482421876,3.999999761581421,125.46424102783203,-0.9623781442642212,9.36157817932326e-9,-0.2717135548591614,3.3382101527479337e-9,1,2.2630294083114678e-8,0.2717135548591614,2.0871864236937655e-8,-0.9623781442642212]},{"type":"position","time":2.314051389694214,"pos":[-1300.8719482421876,3.999999761581421,125.46424102783203,-0.9623781442642212,2.2339321503750399e-8,-0.2717135548591614,7.964213288857991e-9,1,5.4008111760595059e-8,0.2717135548591614,4.9812243219093946e-8,-0.9623781442642212]},{"type":"position","time":2.330752372741699,"pos":[-1300.8719482421876,3.999999761581421,125.46424102783203,-0.9623781442642212,3.530596615064496e-8,-0.2717135548591614,1.2586259146019075e-8,1,8.53590975680163e-8,0.2717135548591614,7.872787222140687e-8,-0.9623781442642212]},{"type":"position","time":2.347590208053589,"pos":[-1300.8719482421876,3.999999761581421,125.46424102783203,-0.9623781442642212,4.826151922543431e-8,-0.2717135548591614,1.7204353497390913e-8,1,1.1668326749258995e-7,0.2717135548591614,1.0761877433651535e-7,-0.9623781442642212]},{"type":"position","time":2.36427640914917,"pos":[-1300.8719482421876,3.999999761581421,125.46424102783203,-0.9623781442642212,3.235471623952435e-8,-0.2717135548591614,1.1533675348118777e-8,1,7.822560377235277e-8,0.2717135548591614,7.214875807903809e-8,-0.9623781442642212]},{"type":"position","time":2.3809423446655275,"pos":[-1300.8719482421876,3.999999761581421,125.46424102783203,-0.9623781442642212,1.6461511265219998e-8,-0.2717135548591614,5.8678479852858349e-9,1,3.980082396992657e-8,0.2717135548591614,3.6709067785523078e-8,-0.9623781442642212]},{"type":"position","time":2.396606922149658,"pos":[-1300.8719482421876,3.999999761581421,125.46424102783203,-0.9623781442642212,5.81900638785271e-10,-0.2717135548591614,2.0686737045583215e-10,1,1.4088955557767236e-9,0.2717135548591614,1.2996815845767174e-9,-0.9623781442642