{"data":[{"pos":[-139.73687744140626,990.2281494140625,-301.8543395996094,1,0,0,0,1,0,0,0,1]},{"pos":[-139.73687744140626,990.2281494140625,-301.8543395996094,1,0,0,0,1,0,0,0,1]},{"pos":[-139.73687744140626,990.2281494140625,-301.8543395996094,1,0,0,0,1,0,0,0,1]},{"pos":[-139.73687744140626,990.2281494140625,-301.8543395996094,1,0,0,0,1,0,0,0,1]},{"pos":[-139.73687744140626,990.2281494140625,-301.8543395996094,1,0,0,0,1,0,0,0,1]},{"pos":[-139.73687744140626,990.2281494140625,-301.8543395996094,1,0,0,0,1,0,0,0,1]},{"pos":[-139.73687744140626,990.2281494140625,-301.8543395996094,1,0,0,0,1,0,0,0,1]},{"pos":[-139.73687744140626,990.2281494140625,-301.8543395996094,1,0,0,0,1,0,0,0,1]},{"pos":[-139.73687744140626,990.2281494140625,-301.8543395996094,1,0,0,0,1,0,0,0,1]},{"pos":[-139.73687744140626,990.2281494140625,-301.8543395996094,1,0,0,0,1,0,0,0,1]},{"pos":[-139.73687744140626,990.2281494140625,-301.8543395996094,1,0,0,0,1,0,0,0,1]},{"pos":[-139.73687744140626,990.2281494140625,-301.8543395996094,1,0,0,0,1,0,0,0,1]},{"pos":[-139.73687744140626,990.2281494140625,-301.8543395996094,1,0,0,0,1,0,0,0,1]},{"pos":[-139.73687744140626,990.2281494140625,-301.8543395996094,1,0,0,0,1,0,0,0,1]},{"pos":[-139.73687744140626,990.2281494140625,-301.8543395996094,1,0,0,0,1,0,0,0,1]},{"pos":[-139.73687744140626,990.2281494140625,-301.8543395996094,1,0,0,0,1,0,0,0,1]},{"pos":[-139.73687744140626,990.2281494140625,-301.8543395996094,1,0,0,0,1,0,0,0,1]},{"pos":[-139.73687744140626,990.2281494140625,-301.8543395996094,1,0,0,0,1,0,0,0,1]},{"pos":[-139.73687744140626,990.2281494140625,-301.8543395996094,1,0,0,0,1,0,0,0,1]},{"pos":[-139.73687744140626,990.2281494140625,-301.8543395996094,1,0,0,0,1,0,0,0,1]},{"pos":[-139.80850219726563,990.2281494140625,-301.9912414550781,0.9983179569244385,0,0.05797647684812546,0,1,0,-0.05797647684812546,0,0.9983179569244385]},{"pos":[-139.93829345703126,990.2281494140625,-302.2185974121094,0.9928317666053772,0,0.11952028423547745,0,1,0,-0.11952028423547745,0,0.9928317666053772]},{"pos":[-140.07899475097657,990.2281494140625,-302.4449768066406,0.9840813279151917,0,0.17771856486797334,0,1,0,-0.17771856486797334,0,0.9840813279151917]},{"pos":[-140.2227020263672,990.2281494140625,-302.66961669921877,0.9733325242996216,0,0.22939886152744294,0,1,0,-0.22939886152744294,0,0.9733325242996216]},{"pos":[-140.37071228027345,990.2281494140625,-302.89141845703127,0.961142897605896,0,0.27605125308036806,0,1,0,-0.27605125308036806,0,0.961142897605896]},{"pos":[-140.52200317382813,990.2281494140625,-303.11102294921877,0.9481550455093384,0,0.3178081214427948,0,1,0,-0.3178081214427948,0,0.9481550455093384]},{"pos":[-140.67160034179688,990.2281494140625,-303.3317565917969,0.9357933402061462,0,0.35254910588264468,0,1,0,-0.35254910588264468,0,0.9357933402061462]},{"pos":[-140.8208465576172,990.2281494140625,-303.552734375,0.9241706728935242,0,0.3819798231124878,0,1,0,-0.3819798231124878,0,0.9241706728935242]},{"pos":[-140.96946716308595,990.2281494140625,-303.7741394042969,0.913530170917511,0,0.4067709743976593,0,1,0,-0.4067709743976593,0,0.913530170917511]},{"pos":[-141.11802673339845,990.2281494140625,-303.9955749511719,0.903816819190979,0,0.4279196262359619,0,1,0,-0.4279196262359619,0,0.903816819190979]},{"pos":[-141.265380859375,990.2281494140625,-304.21783447265627,0.8953384160995483,0,0.44538643956184389,0,1,0,-0.44538643956184389,0,0.8953384160995483]},{"pos":[-141.411865234375,990.2281494140625,-304.4406433105469,0.8879817724227905,0,0.4598786234855652,0,1,0,-0.4598786234855652,0,0.8879817724227905]},{"pos":[-141.55792236328126,990.2281494140625,-304.66375732421877,0.8815584778785706,0,0.47207480669021609,0,1,0,-0.47207480669021609,0,0.8815584778785706]},{"pos":[-141.7046661376953,990.2281494140625,-304.8864440917969,0.8756809234619141,0,0.48289018869400027,0,1,0,-0.48289018869400027,0,0.8756809234619141]},{"pos":[-141.85397338867188,990.2281494140625,-305.1073913574219,0.8697344064712524,0,0.4935201108455658,0,1,0,-0.4935201108455658,0,0.8697344064712524]},{"pos":[-142.0153045654297,990.2281494140625,-305.3196716308594,0.8607915043830872,0,0.5089578032493591,0,1,0,-0.5089578032493591,0,0.8607915043830872]},{"pos":[-142.19400024414063,990.2281494140625,-305.5174865722656,0.8468585014343262,0,0.5318182706832886,0,1,0,-0.5318182706832886,0,0.8468585014343262]},{"pos":[-142.39222717285157,990.2281494140625,-305.69549560546877,0.8273546099662781,0,0.5616798996925354,0,1,0,-0.5616798996925354,0,0.8273546099662781]},{"pos":[-142.60745239257813,990.2281494140625,-305.8526306152344,0.8014050126075745,0,0.5981221199035645,0,1,0,-0.5981221199035645,0,0.8014050126075745]},{"pos":[-142.83889770507813,990.2281494140625,-305.9846496582031,0.7680399417877197,0,0.6404018998146057,0,1,0,-0.6404018998146057,0,0.7680399417877197]},{"pos":[-143.08248901367188,990.2281494140625,-306.0926818847656,0.7276822328567505,0,0.6859144568443298,0,1,0,-0.6859144568443298,0,0.7276822328567505]},{"pos":[-143.33621215820313,990.2281494140625,-306.1740417480469,0.6799957156181336,0,0.7332161068916321,0,1,0,-0.7332161068916321,0,0.6799957156181336]},{"pos":[-143.5980224609375,990.2281494140625,-306.2232360839844,0.6233810782432556,0,0.7819181680679321,0,1,0,-0.7819181680679321,0,0.6233810782432556]},{"pos":[-143.86402893066407,990.2281494140625,-306.2364807128906,0.5564872026443481,0,0.830856204032898,0,1,0,-0.830856204032898,0,0.5564872026443481]},{"pos":[-144.19557189941407,990.2281494140625,-306.2057189941406,0.4585835337638855,0,0.8886513113975525,0,1,0,-0.8886513113975525,0,0.4585835337638855]},{"pos":[-144.4529571533203,990.2281494140625,-306.1379699707031,0.36891576647758486,0,0.9294628500938416,0,1,0,-0.9294628500938416,0,0.36891576647758486]},{"pos":[-144.6300811767578,990.2281494140625,-306.0513000488281,0.30232614278793337,0.008824667893350125,0.9531636834144592,0.004513256251811981,0.9999327063560486,-0.01068919152021408,-0.9531938433647156,0.007533493917435408,0.3022659420967102]},{"pos":[-144.8513641357422,990.2281494140625,-305.90301513671877,0.19898585975170136,0.0013852808624505997,0.9800013899803162,0.0010412958217784763,0.999998152256012,-0.0016249788459390402,-0.9800018072128296,0.0013438191963359714,0.1989840418100357]},{"pos":[-145.04254150390626,990.2281494140625,-305.7183837890625,0.07316341251134873,-0.0006882349262014031,0.997319757938385,-0.0003440264263190329,0.9999997019767761,0.0007153220940381289,-0.9973199367523193,-0.0003954397689085454,0.07316315174102783]},{"pos":[-145.19610595703126,990.2281494140625,-305.5010986328125,-0.06432855129241944,-0.0003422923036850989,0.9979287385940552,-0.0002750724961515516,0.9999998807907105,0.0003252709866501391,-0.9979287385940552,-0.00025357853155583143,-0.0643286406993866]},{"pos":[-145.32192993164063,990.2281494140625,-305.2662658691406,-0.2011311799287796,-0.000009251642950403039,0.9795643091201782,-0.00003455154728726484,1,0.0000023502793737861795,-0.9795643091201782,-0.00003337274756631814,-0.2011311799287796]},{"pos":[-145.419189453125,990.2281494140625,-305.0182800292969,-0.33188700675964358,0.000037189227441558617,0.9433191418647766,0.00002852151374099776,1,-0.000029389106202870609,-0.9433191418647766,0.000017151027350337246,-0.33188700675964358]},{"pos":[-145.49095153808595,990.2281494140625,-304.7616271972656,-0.45274797081947329,0.000010937595106952358,0.8916385173797607,0.000012748560948239174,1,-0.0000057935026234190449,-0.8916385173797607,0.000008744111255509779,-0.45274797081947329]},{"pos":[-145.54611206054688,990.2281494140625,-304.5007629394531,-0.5590001344680786,-0.0000013599785688711564,0.8291675448417664,-2.1679593942280918e-7,1,0.000001494016032665968,-0.8291675448417664,6.553950129273289e-7,-0.5590001344680786]},{"pos":[-145.59103393554688,990.2281494140625,-304.2379455566406,-0.6484915614128113,-0.0000016236830333582475,0.7612218260765076,-0.0000016661367681081174,1,7.135993200790836e-7,-0.7612218260765076,-8.055366151893395e-7,-0.6484915614128113]},{"pos":[-145.6271514892578,990.2281494140625,-303.9737548828125,-0.7223494648933411,-2.7720005846276765e-7,0.6915282011032105,-4.104882123101561e-7,1,-2.7932152590892657e-8,-0.6915282011032105,-3.0404095241465259e-7,-0.7223494648933411]},{"pos":[-145.6559600830078,990.2281494140625,-303.7086486816406,-0.7824501991271973,1.144498398275573e-7,0.6227132081985474,9.494979735791276e-8,1,-6.448611600262666e-8,-0.6227132081985474,8.669317708154267e-9,-0.7824501991271973]},{"pos":[-145.680419921875,990.2281494140625,-303.376220703125,-0.8418542146682739,6.821949227742152e-8,0.5397050380706787,9.614414864245191e-8,1,2.3568171414467544e-8,-0.5397050380706787,7.17304473596414e-8,-0.8418542146682739]},{"pos":[-145.68504333496095,990.2281494140625,-303.109619140625,-0.8798640370368958,2.2125782095372416e-8,0.4752255082130432,7.343166430473502e-8,1,8.939776563465785e-8,-0.4752255082130432,1.13554484926226e-7,-0.8798640370368958]},{"pos":[-145.6665802001953,990.2281494140625,-302.8436584472656,-0.9134182929992676,-1.505208579999362e-8,0.407022088766098,2.0149235169242276e-8,1,8.219888769644968e-8,-0.407022088766098,8.328315459493752e-8,-0.9134182929992676]},{"pos":[-145.62127685546876,990.2281494140625,-302.58099365234377,-0.9428220987319946,-5.299211380815905e-8,0.33329644799232485,-3.225713385290874e-8,1,6.774562422151576e-8,-0.33329644799232485,5.312088191544717e-8,-0.9428220987319946]},{"pos":[-145.55833435058595,990.2281494140625,-302.3219299316406,-0.9659114480018616,-9.188204330712324e-8,0.25887274742126467,-8.277203278339585e-8,1,4.6090576688584409e-8,-0.25887274742126467,2.3091994094670555e-8,-0.9659114480018616]},{"pos":[-145.4774169921875,990.2281494140625,-302.0679016113281,-0.982935905456543,-9.640041298553115e-8,0.1839483678340912,-9.523721189452772e-8,1,1.515829417542136e-8,-0.1839483678340912,-2.6190982715945667e-9,-0.982935905456543]},{"pos":[-145.37913513183595,990.2281494140625,-301.820068359375,-0.9940457940101624,-6.682210340613892e-8,0.10896311700344086,-6.909067451488227e-8,1,-1.704424512638525e-8,-0.10896311700344086,-2.447109537229153e-8,-0.9940457940101624]},{"pos":[-145.26239013671876,990.2281494140625,-301.58038330078127,-0.9994421005249023,-3.8611805308619299e-8,0.03339829295873642,-4.0149412683376798e-8,1,-4.536785525033338e-8,-0.03339829295873642,-4.668346775815735e-8,-0.9994421005249023]},{"pos":[-145.1271514892578,990.2281494140625,-301.3506164550781,-0.9990859627723694,-1.1695837187630787e-8,-0.04274572432041168,-8.729148071040527e-9,1,-6.958984499760845e-8,0.04274572432041168,-6.915310279964615e-8,-0.9990859627723694]},{"pos":[-144.9656219482422,990.2281494140625,-301.13861083984377,-0.9922534823417664,1.3983176394560815e-8,-0.12422960996627808,2.5276552406694465e-8,1,-8.933113093689826e-8,0.12422960996627808,-9.17792206678314e-8,-0.9922534823417664]},{"pos":[-144.79270935058595,990.2281494140625,-300.9356384277344,-0.9794759750366211,3.847715746019276e-8,-0.20156103372573853,6.07686416742581e-8,1,-1.0440644615528072e-7,0.20156103372573853,-1.1451218995262025e-7,-0.9794759750366211]},{"pos":[-144.61129760742188,990.2281494140625,-300.740234375,-0.9620009660720825,3.478717403027076e-8,-0.2730460464954376,5.321208007558198e-8,1,-6.007374508953944e-8,0.2730460464954376,-7.23203470442968e-8,-0.9620009660720825]},{"pos":[-144.41880798339845,990.2281494140625,-300.5557556152344,-0.9400442242622376,3.3147227185281739e-8,-0.3410526216030121,4.160244060358309e-8,1,-1.747797107043425e-8,0.3410526216030121,-3.061868980580584e-8,-0.9400442242622376]},{"pos":[-144.21636962890626,990.2281494140625,-300.3822326660156,-0.9141606092453003,3.3417581590811099e-8,-0.40535223484039309,2.6297847455225566e-8,1,2.3133274851261377e-8,0.40535223484039309,1.048763742517167e-8,-0.9141606092453003]},{"pos":[-144.0050506591797,990.2281494140625,-300.2196350097656,-0.884920060634613,3.545499183132961e-8,-0.46574288606643679,7.661957290849842e-9,1,6.156781040544957e-8,0.46574288606643679,5.091409249757817e-8,-0.884920060634613]},{"pos":[-143.78912353515626,990.2281494140625,-300.06317138671877,-0.8543461561203003,3.909860168960222e-8,-0.5197044014930725,-1.3686424438219547e-8,1,9.773160769555034e-8,0.5197044014930725,9.060951811079576e-8,-0.8543461561203003]},{"pos":[-143.56016540527345,990.2281494140625,-299.9266357421875,-0.8185226321220398,3.269592241395003e-8,-0.5744742751121521,-2.772615026458425e-8,1,9.64192921060203e-8,0.5744742751121521,9.484933372050364e-8,-0.8185226321220398]},{"pos":[-143.31814575195313,990.2281494140625,-299.81494140625,-0.7758488059043884,1.411173400356347e-8,-0.6309189200401306,-3.004399218298204e-8,1,5.931241986445457e-8,0.6309189200401306,6.497278803863083e-8,-0.7758488059043884]},{"pos":[-143.06735229492188,990.2281494140625,-299.7245178222656,-0.7277891635894775,-5.878188158447983e-9,-0.6858009696006775,-2.9133261136848888e-8,1,2.2345671979451255e-8,0.6858009696006775,3.62425573996461e-8,-0.7277891635894775]},{"pos":[-142.8108673095703,990.2281494140625,-299.6517333984375,-0.6761519908905029,-2.7206800368162477e-8,-0.7367621660232544,-2.4853603619590104e-8,1,-1.411851346944104e-8,0.7367621660232544,8.764934555927084e-9,-0.6761519908905029]},{"pos":[-142.55096435546876,990.2281494140625,-299.5921630859375,-0.6231471300125122,-4.9754479647390329e-8,-0.7821046113967896,-1.7391675655176188e-8,1,-4.975920830929681e-8,0.7821046113967896,-1.74051972834377e-8,-0.6231471300125122]},{"pos":[-142.28903198242188,990.2281494140625,-299.5422668457031,-0.5706956386566162,-7.33692431253985e-8,-0.821161687374115,-7.16360304409136e-9,1,-8.436951048906849e-8,0.821161687374115,-4.226683714136925e-8,-0.5706956386566162]},{"pos":[-142.02503967285157,990.2281494140625,-299.5047912597656,-0.517946720123291,-9.790049659841316e-8,-0.8554129004478455,5.616644926931258e-9,1,-1.1784907627543362e-7,0.8554129004478455,-6.584409106835665e-8,-0.517946720123291]},{"pos":[-141.7595977783203,990.2281494140625,-299.4794921875,-0.4651681184768677,-6.445171862878851e-8,-0.8852223753929138,1.244952407830624e-8,1,-7.935050660989873e-8,0.8852223753929138,-4.7931923319310957e-8,-0.4651681184768677]},{"pos":[-141.4932098388672,990.2281494140625,-299.4676818847656,-0.4119231700897217,-3.0265159267628408e-8,-0.9112185835838318,1.62368216649611e-8,1,-4.0553914004703986e-8,0.9112185835838318,-3.1500391628469518e-8,-0.4119231700897217]},{"pos":[-141.2265625,990.2281494140625,-299.4681701660156,-0.3588724732398987,4.557565436158484e-9,-0.9333866238594055,1.7084754944107773e-8,1,-1.685992456756935e-9,0.9333866238594055,-1.6551737758163655e-8,-0.3588724732398987]},{"pos":[-140.9604034423828,990.2281494140625,-299.4840087890625,-0.3046686053276062,3.9920408312354996e-8,-0.9524584412574768,1.5101502270908896e-8,1,3.7082411807887186e-8,0.9524584412574768,-3.0857061350531014e-9,-0.3046686053276062]},{"pos":[-140.6954345703125,990.2281494140625,-299.513916015625,-0.2500375807285309,7.573912341740652e-8,-0.9682361483573914,1.0341961065307715e-8,1,7.555310332918452e-8,0.9682361483573914,8.877653279171227e-9,-0.2500375807285309]},{"pos":[-140.43234252929688,990.2281494140625,-299.5572814941406,-0.19536902010440827,1.1192580018359877e-7,-0.9807298183441162,2.901969331503551e-9,1,1.1354691764609015e-7,0.9807298183441162,1.933750226612574e-8,-0.19536902010440827]},{"pos":[-140.1718292236328,990.2281494140625,-299.6141357421875,-0.14071373641490937,7.860170114781795e-8,-0.9900503158569336,-5.036845607264695e-9,1,8.010749752429547e-8,0.9900503158569336,1.6258956847536866e-8,-0.14071373641490937]},{"pos":[-139.9143829345703,990.2281494140625,-299.6835632324219,-0.0865403488278389,4.5132605208664248e-8,-0.9962483644485474,-1.0546958861823441e-8,1,4.6218740834547137e-8,0.9962483644485474,1.4507175905009717e-8,-0.0865403488278389]},{"pos":[-139.6602325439453,990.2281494140625,-299.76422119140627,-0.03351665288209915,1.1589594173244678e-8,-0.9994381666183472,-1.366870439056811e-8,1,1.2054496068003573e-8,0.9994381666183472,1.4065051345824031e-8,-0.03351665288209915]},{"pos":[-139.40956115722657,990.2281494140625,-299.8551330566406,0.017910297960042955,-2.1959852603004039e-8,-0.9998396039009094,-1.4504493606182223e-8,1,-2.2223197504445126e-8,0.9998396039009094,1.4900190414834924e-8,0.017910297960042955]},{"pos":[-139.16224670410157,990.2281494140625,-299.954833984375,0.06714063137769699,-5.5454009384448e-8,-0.997743546962738,-1.3206290283562794e-8,1,-5.646810663506585e-8,0.997743546962738,1.696779428073114e-8,0.06714063137769699]},{"pos":[-138.918212890625,990.2281494140625,-300.0622863769531,0.11384805291891098,-8.883867508302501e-8,-0.9934981465339661,-9.96454652124612e-9,1,-9.056194016920927e-8,0.9934981465339661,2.021005940378018e-8,0.11384805291891098]},{"pos":[-138.6793975830078,990.2281494140625,-300.1808776855469,0.16013438999652863,-1.220654439748614e-7,-0.9870952367782593,-4.715305035318806e-9,1,-1.2442622221442435e-7,0.9870952367782593,2.4579371427080333e-8,0.16013438999652863]},{"pos":[-138.4466094970703,990.2281494140625,-300.3109130859375,0.20629893243312837,-8.218121649861132e-8,-0.9784890413284302,2.452644753958566e-9,1,-8.347078050974233e-8,0.9784890413284302,1.4820047411490123e-8,0.20629893243312837]},{"pos":[-138.22203063964845,990.2281494140625,-300.45465087890627,0.2536383867263794,-4.263334574261535e-8,-0.9672991037368774,7.244143951368187e-9,1,-4.217511673232366e-8,0.9672991037368774,3.6899752142716126e-9,0.2536383867263794]},{"pos":[-138.0062255859375,990.2281494140625,-300.61126708984377,0.30165114998817446,-3.498067613350031e-9,-0.9534183740615845,9.484915963753338e-9,1,-6.680506703382605e-10,0.9534183740615845,-8.841575471763008e-9,0.30165114998817446]},{"pos":[-137.79739379882813,990.2281494140625,-300.77703857421877,0.3481234014034271,3.5152421418160887e-8,-0.9374487400054932,9.111110976789405e-9,1,4.0881396046188459e-8,0.9374487400054932,-2.2772969288098467e-8,0.3481234014034271]},{"pos":[-137.58909606933595,990.2281494140625,-300.94354248046877,0.3882219195365906,7.328016948804361e-8,-0.9215658903121948,6.581073019873429e-9,1,8.228937531384872e-8,0.9215658903121948,-3.80114322240388e-8,0.3882219195365906]},{"pos":[-137.39584350585938,990.2281494140625,-301.1271667480469,0.43244504928588869,1.108583802533758e-7,-0.9016603231430054,1.1647559583494172e-9,1,1.2350778888503556e-7,0.9016603231430054,-5.446054629487662e-8,0.43244504928588869]},{"pos":[-137.21334838867188,990.2281494140625,-301.32159423828127,0.47678667306900027,7.899502207919795e-8,-0.879019021987915,-4.811965048645561e-9,1,8.725719879976168e-8,0.879019021987915,-3.7373258265915868e-8,0.47678667306900027]},{"pos":[-137.0427703857422,990.2281494140625,-301.5265197753906,0.521066427230835,4.778875606348265e-8,-0.8535161018371582,-8.55975113012164e-9,1,5.076478259979922e-8,0.8535161018371582,-1.9145938168207978e-8,0.521066427230835]},{"pos":[-136.97132873535157,990.2281494140625,-301.61297607421877,0.525296151638031,1.7104966332226469e-8,-0.8509194850921631,-8.895864489488759e-9,1,1.4610082921251433e-8,0.8509194850921631,-1.049562173283114e-10,0.525296151638031]},{"pos":[-136.96823120117188,990.2281494140625,-301.6167297363281,0.5254128575325012,-1.3517989394529195e-8,-0.8508474230766296,-9.043045423595686e-9,1,-2.147191402457338e-8,0.8508474230766296,1.8975871540760637e-8,0.5254128575325012]},{"pos":[-136.96817016601563,990.2281494140625,-301.6167907714844,0.5254160761833191,-4.411381837599038e-8,-0.850845456123352,-9.18970322061341e-9,1,-5.7521887697475907e-8,0.850845456123352,3.804193937639866e-8,0.5254160761833191]},{"pos":[-136.96817016601563,990.2281494140625,-301.6167907714844,0.5254161357879639,-7.468347007488774e-8,-0.8508453965187073,-9.336356576739036e-9,1,-9.354101848657592e-8,0.8508453965187073,5.709175709966985e-8,0.5254161357879639]},{"pos":[-136.96817016601563,990.2281494140625,-301.6167907714844,0.5254161357879639,-1.0522700222281856e-7,-0.8508453965187073,-9.482891805134841e-9,1,-1.295293685643628e-7,0.8508453965187073,7.612529628886478e-8,0.5254161357879639]},{"pos":[-136.96817016601563,990.2281494140625,-301.6167907714844,0.5254161357879639,-7.18822974477007e-8,-0.8508453965187073,-4.959525234937701e-9,1,-8.754599889471138e-8,0.8508453965187073,5.021787075065731e-8,0.5254161357879639]},{"pos":[-136.96817016601563,990.2281494140625,-301.6167907714844,0.5254161357879639,-3.856608543628681e-8,-0.8508453965187073,-4.400253217351491e-10,1,-4.559851163321582e-8,0.8508453965187073,2.4332587500452975e-8,0.5254161357879639]},{"pos":[-136.96817016601563,990.2281494140625,-301.6167907714844,0.5254161357879639,-5.2783488690977269e-9,-0.8508453965187073,4.075608739384506e-9,1,-3.686872140917785e-9,0.8508453965187073,-1.5305708922497275e-9,0.5254161357879639]},{"pos":[-136.96817016601563,990.2281494140625,-301.6167907714844,0.5254161357879639,2.7980942007843624e-8,-0.8508453965187073,8.587381472580092e-9,1,3.8188947115713748e-8,0.8508453965187073,-2.7371623190219908e-8,0.5254161357879639]},{"pos":[-136.96817016601563,990.2281494140625,-301.6167907714844,0.5254161357879639,6.121180717855168e-8,-0.8508453965187073,1.3095296402809709e-8,1,8.002897544656662e-8,0.8508453965187073,-5.3190589710538919e-8,0.5254161357879639]},{"pos":[-136.96817016601563,990.2281494140625,-301.6167907714844,0.5254161357879639,9.441427550882509e-8,-0.8508453965187073,1.7599356638697828e-8,1,1.2183325281966973e-7,0.8508453965187073,-7.898748322077154e-8,0.5254161357879639]},{"pos":[-136.96817016601563,990.2281494140625,-301.6167907714844,0.5254161357879639,6.787389139617517e-8,-0.8508453965187073,1.1670262090035522e-8,1,8.697894315901067e-8,0.8508453965187073,-5.562973015571515e-8,0.5254161357879639]},{"pos":[-136.96817016601563,990.2281494140625,-301.6167907714844,0.5254161357879639,4.1356184254937037e-8,-0.8508453965187073,5.7462350433468149e-9,1,5.215441944983468e-8,0.8508453965187073,-3.229193268339259e-8,0.5254161357879639]},{"pos":[-136.96817016601563,990.2281494140625,-301.6167907714844,0.5254161357879639,1.4861140762434389e-8,-0.8508453965187073,-1.7272978880544799e-10,1,1.7359658599502837e-8,0.8508453965187073,-8.974078369305971e-9,0.5254161357879639]},{"pos":[-136.96817016601563,990.2281494140625,-301.6167907714844,0.5254161357879639,-1.1611259509436423e-8,-0.8508453965187073,-6.0866383044810849e-9,1,-1.7405367813694285e-8,0.8508453965187073,1.4323849661934674e-8,0.5254161357879639]},{"pos":[-136.96817016601563,990.2281494140625,-301.6167907714844,0.5254161357879639,-3.806103876513589e-8,-0.8508453965187073,-1.1995492599226054e-8,1,-5.214068821146611e-8,0.8508453965187073,3.760186828571932e-8,0.5254161357879639]},{"pos":[-136.96817016601563,990.2281494140625,-301.6167907714844,0.5254161357879639,-6.448821210369715e-8,-0.8508453965187073,-1.7899299820101079e-8,1,-8.684632035738105e-8,0.8508453965187073,6.085999615379478e-8,0.5254161357879639]},{"pos":[-136.96817016601563,990.2281494140625,-301.6167907714844,0.5254161357879639,-9.08927972886886e-8,-0.8508453965187073,-2.3798062187552206e-8,1,-1.2152229089679168e-7,0.8508453965187073,8.409824658883736e-8,0.5254161357879639]},{"pos":[-136.96817016601563,990.2281494140625,-301.6167907714844,0.5254161357879639,-6.210304093201558e-8,-0.8508453965187073,-1.5668991437678416e-8,1,-8.26657569064082e-8,0.8508453965187073,5.67658133832083e-8,0.5254161357879639]},{"pos":[-136.96817016601563,990.2281494140625,-301.6167907714844,0.5254161357879639,-3.333789067028192e-8,-0.8508453965187073,-7.546862690333e-9,1,-4.3842433683494167e-8,0.8508453965187073,2.9456735717303674e-8,0.5254161357879639]},{"pos":[-136.96817016601563,990.2281494140625,-301.6167907714844,0.5254161357879639,-4.597321634491891e-9,-0.8508453965187073,5.683261083966329e-10,1,-5.052285256823552e-9,0.8508453965187073,2.1709944952874595e-9,0.5254161357879639]},{"pos":[-136.96817016601563,990.2281494140625,-301.6167907714844,0.5254161357879639,2.4118685715279754e-8,-0.8508453965187073,8.676580343092155e-9,1,3.370471546304543e-8,0.8508453965187073,-2.5091429378676368e-8,0.5254161357879639]},{"pos":[-136.96817016601563,990.2281494140625,-301.6167907714844,0.5254161357879639,5.281015447167192e-8,-0.8508453965187073,1.6777905287312934e-8,1,7.242859112466249e-8,0.8508453965187073,-5.233055588860225e-8,0.5254161357879639]},{"pos":[-136.96817016601563,990.2281494140625,-301.6167907714844,0.5254161357879639,8.147709706918249e-8,-0.8508453965187073,2.4872308657108989e-8,1,1.111193768110752e-7,0.8508453965187073,-7.954640324214779e-8,0.5254161357879639]},{"pos":[-136.96817016601563,990.2281494140625,-301.6167907714844,0.5254161357879639,5.858162310801163e-8,-0.8508453965187073,1.7500443760809504e-8,1,7.965799397879891e-8,0.8508453965187073,-5.674376879483134e-8,0.5254161357879639]},{"pos":[-136.96817016601563,990.2281494140625,-301.6167907714844,0.5254161357879639,3.570571038835624e-8,-0.8508453965187073,1.0134879602219371e-8,1,4.822349453093011e-8,0.8508453965187073,-3.396061742932943e-8,0.5254161357879639]},{"pos":[-136.96817016601563,990.2281494140625,-301.6167907714844,0.5254161357879639,1.2849350028432127e-8,-0.8508453965187073,2.7756081877328144e-9,1,1.6815862480257239e-8,0.8508453965187073,-1.1196938487501029e-8,0.5254161357879639]},{"pos":[-136.96817016601563,990.2281494140625,-301.6167907714844,0.5254161357879639,-9.987477511685939e-9,-0.8508453965187073,-4.577374923542266e-9,1,-1.4564931483107557e-8,0.8508453965187073,1.1547288458757521e-8,0.5254161357879639]},{"pos":[-136.96817016601563,990.2281494140625,-301.6167907714844,0.5254161357879639,-3.280478821920951e-8,-0.8508453965187073,-1.1924074172497967e-8,1,-4.591890601091109e-8,0.8508453965187073,3.4272076732122517e-8,0.5254161357879639]},{"pos":[-136.96817016601563,990.2281494140625,-301.6167907714844,0.5254161357879639,-5.560260163406383e-8,-0.8508453965187073,-1.9264495776383229e-8,1,-7.724608508397069e-8,0.8508453965187073,5.697744853705444e-8,0.5254161357879639]},{"pos":[-136.96817016601563,990.2281494140625,-301.6167907714844,0.5254161357879639,-7.838092841438993e-8,-0.8508453965187073,-2.6598646840625407e-8,1,-1.0854649445946052e-7,0.8508453965187073,7.966341541987276e-8,0.5254161357879639]},{"pos":[-136.96817016601563,990.2281494140625,-301.6167907714844,0.5254161357879639,-7.458000084170635e-8,-0.8508453965187073,-2.504388163515614e-8,1,-1.0311915588090415e-7,0.8508453965187073,7.548894132014539e-8,0.5254161357879639]},{"pos":[-136.96817016601563,990.2281494140625,-301.6167907714844,0.5254161357879639,-4.423387522933808e-8,-0.8508453965187073,-1.4611598153635441e-8,1,-6.101113569911831e-8,0.8508453965187073,4.448844848070621e-8,0.5254161357879639]},{"pos":[-136.96817016601563,990.2281494140625,-301.6167907714844,0.5254161357879639,-1.3913687091360316e-8,-0.8508453965187073,-4.188232871626951e-9,1,-1.893910805961241e-8,0.8508453965187073,1.351445089170511e-8,0.5254161357879639]},{"pos":[-136.96817016601563,990.2281494140625,-301.6167907714844,0.5254161357879639,1.638058755304428e-8,-0.8508453965187073,6.226223980831946e-9,1,2.3096964341107197e-8,0.8508453965187073,-1.743307187496157e-8,0.5254161357879639]},{"pos":[-136.96817016601563,990.2281494140625,-301.6167907714844,0.5254161357879639,4.6648970908336199e-8,-0.8508453965187073,1.663177862099019e-8,1,6.509711170110677e-8,0.8508453965187073,-4.8354145576468e-8,0.5254161357879639]},{"pos":[-136.96817016601563,990.2281494140625,-301.6167907714844,0.5254161357879639,7.68914887316896e-8,-0.8508453965187073,2.7028438154275137e-8,1,1.070613606657389e-7,0.8508453965187073,-7.924879241727467e-8,0.5254161357879639]},{"pos":[-136.96817016601563,990.2281494140625,-301.6167907714844,0.5254161357879639,5.714267459211442e-8,-0.8508453965187073,1.995009846211815e-8,1,7.947951274900334e-8,0.8508453965187073,-5.873426900393497e-8,0.5254161357879639]},{"pos":[-136.96817016601563,990.2281494140625,-301.6167907714844,0.5254161357879639,3.741073939522721e-8,-0.8508453965187073,1.287780548864248e-8,1,5.1921237087526609e-8,0.8508453965187073,-3.823727823260015e-8,0.5254161357879639]},{"pos":[-136.96817016601563,990.2281494140625,-301.6167907714844,0.5254161357879639,1.769566893017327e-8,-0.8508453965187073,5.8115552370452409e-9,1,2.4386514141383487e-8,0.8508453965187073,-1.775780233970181e-8,0.5254161357879639]},{"pos":[-136.96817016601563,990.2281494140625,-301.6167907714844,0.5254161357879639,-2.00255367843738e-9,-0.8508453965187073,-1.248657843788692e-9,1,-3.124678960020333e-9,0.8508453965187073,2.7041715533471235e-9,0.5254161357879639]},{"pos":[-136.96817016601563,990.2281494140625,-301.6167907714844,0.5254161357879639,-2.1683941753281034e-8,-0.8508453965187073,-8.302837528617602e-9,1,-3.06123624227439e-8,0.8508453965187073,2.3148659877847423e-8,0.5254161357879639]},{"pos":[-136.96817016601563,990.2281494140625,-301.6167907714844,0.5254161357879639,-4.1348513946104507e-8,-0.8508453965187073,-1.535098981264582e-8,1,-5.807655512057863e-8,0.8508453965187073,4.357567817692143e-8,0.5254161357879639]},{"pos":[-136.96817016601563,990.2281494140625,-301.6167907714844,0.5254161357879639,-6.099627825051357e-8,-0.8508453965187073,-2.2393122023345314e-8,1,-8.551727859185121e-8,0.8508453965187073,6.398524021733465e-8,0.5254161357879639]},{"pos":[-136.96817016601563,990.2281494140625,-301.6167907714844,0.5254161357879639,-9.043644411121932e-8,-0.8508453965187073,-3.294503869710752e-8,1,-1.2663440429605544e-7,0.8508453965187073,9.4566892983039e-8,0.5254161357879639]},{"pos":[-136.96817016601563,990.2281494140625,-301.6167907714844,0.5254161357879639,-7.417320091462898e-8,-0.8508453965187073,-2.6986947787577266e-8,1,-1.0384092519188926e-7,0.8508453965187073,7.752142039407772e-8,0.5254161357879639]},{"pos":[-136.96817016601563,990.2281494140625,-301.6167907714844,0.5254161357879639,-2.5425151761737653e-8,-0.8508453965187073,-9.12794906327008e-9,1,-3.551893712483434e-8,0.8508453965187073,2.6428695676372628e-8,0.5254161357879639]},{"pos":[-136.96817016601563,990.2281494140625,-301.6167907714844,0.5254161357879639,-9.189690786115534e-9,-0.8508453965187073,-3.1800364563849827e-9,1,-1.2764402868015168e-8,0.8508453965187073,9.41234290507964e-9,0.5254161357879639]},{"pos":[-136.96817016601563,990.2281494140625,-301.6167907714844,0.5254161357879639,2.326041581568461e-8,-0.8508453965187073,8.708165744053531e-9,1,3.271549431360654e-8,0.8508453965187073,-2.4598550751875338e-8,0.5254161357879639]},{"pos":[-136.96817016601563,990.2281494140625,-301.6167907714844,0.5254161357879639,5.5682793487221718e-8,-0.8508453965187073,2.058621006995054e-8,1,7.815652480758217e-8,0.8508453965187073,-5.8580379658224049e-8,0.5254161357879639]},{"pos":[-136.96817016601563,990.2281494140625,-301.6167907714844,0.5254161357879639,6.385542405951128e-8,-0.8508453965187073,2.353491979079081e-8,1,8.958272701420356e-8,0.8508453965187073,-6.709278466132673e-8,0.5254161357879639]},{"pos":[-136.96817016601563,990.2281494140625,-301.6167907714844,0.5254161357879639,4.780937956638809e-8,-0.8508453965187073,1.75657355327985e-8,1,6.703767496674118e-8,0.8508453965187073,-5.0168402765393697e-8,0.5254161357879639]},{"pos":[-136.96817016601563,990.2281494140625,-301.6167907714844,0.5254161357879639,3.177704499535139e-8,-0.8508453965187073,1.1601651195292107e-8,1,4.4511896390986297e-8,0.8508453965187073,-3.3258480414133376e-8,0.5254161357879639]},{"pos":[-136.96817016601563,990.2281494140625,-301.6167907714844,0.5254161357879639,1.5758415017330664e-8,-0.8508453965187073,5.642664557825583e-9,1,2.200536464158631e-8,0.8508453965187073,-1.6363008725761575e-8,0.5254161357879639]}],"duration":2.588387966156006}