{"data":[{"type":"position","time":0.001844644546508789,"pos":[-6.7112507820129398,4.945533752441406,10.842828750610352,-0.9518750309944153,-2.9731490602813439e-9,0.3064863383769989,-6.070157709814339e-10,1,7.815506464226019e-9,-0.3064863383769989,7.253343703439441e-9,-0.9518750309944153]},{"type":"position","time":0.017965078353881837,"pos":[-6.7112507820129398,4.945533752441406,10.842828750610352,-0.9518750309944153,9.385845878284727e-9,0.3064863383769989,1.9162491593505139e-9,1,-2.4672601739439416e-8,-0.3064863383769989,-2.2897930662679756e-8,-0.9518750309944153]},{"type":"position","time":0.03448605537414551,"pos":[-6.7112507820129398,4.945533752441406,10.842828750610352,-0.9518750309944153,2.173427127161176e-8,0.3064863383769989,4.43735581612259e-9,1,-5.713292949849347e-8,-0.3064863383769989,-5.302342032109664e-8,-0.9518750309944153]},{"type":"position","time":0.05125761032104492,"pos":[-6.7112507820129398,4.945533752441406,10.842828750610352,-0.9518750309944153,3.40721335589933e-8,0.3064863383769989,6.95630530955782e-9,1,-8.956549635286138e-8,-0.3064863383769989,-8.31231474762717e-8,-0.9518750309944153]},{"type":"position","time":0.06754779815673828,"pos":[-6.7112507820129398,4.945533752441406,10.842828750610352,-0.9518750309944153,4.639944606310564e-8,0.3064863383769989,9.473098749879228e-9,1,-1.2197033072425257e-7,-0.3064863383769989,-1.1319713877355753e-7,-0.9518750309944153]},{"type":"position","time":0.08400797843933106,"pos":[-6.7112507820129398,4.945533752441406,10.842828750610352,-0.9518750309944153,3.1035085612529659e-8,0.3064863383769989,6.336248858929139e-9,1,-8.158199449326276e-8,-0.3064863383769989,-7.571389204485968e-8,-0.9518750309944153]},{"type":"position","time":0.10105085372924805,"pos":[-6.7112507820129398,4.945533752441406,10.842828750610352,-0.9518750309944153,1.5683861320781035e-8,0.3064863383769989,3.202085929743248e-9,1,-4.122818708651721e-8,-0.3064863383769989,-3.826268724083093e-8,-0.9518750309944153]},{"type":"position","time":0.11762142181396485,"pos":[-6.7112507820129398,4.945533752441406,10.842828750610352,-0.9518750309944153,3.457659436545413e-10,0.3064863383769989,7.060498019573203e-11,1,-9.0887847248311e-10,-0.3064863383769989,-8.434992704309252e-10,-0.9518750309944153]},{"type":"position","time":0.1349351406097412,"pos":[-6.7112507820129398,4.945533752441406,10.842828750610352,-0.9518750309944153,-1.4979212537014065e-8,0.3064863383769989,-3.0581932541906555e-9,1,3.9375962046506177e-8,-0.3064863383769989,3.654370317462963e-8,-0.9518750309944153]},{"type":"position","time":0.1516280174255371,"pos":[-6.7112507820129398,4.945533752441406,10.842828750610352,-0.9518750309944153,-3.029108697205629e-8,0.3064863383769989,-6.184312617563137e-9,1,7.962636061620288e-8,-0.3064863383769989,7.389893852405294e-8,-0.9518750309944153]},{"type":"position","time":0.16784119606018067,"pos":[-6.7112507820129398,4.945533752441406,10.842828750610352,-0.9518750309944153,-3.8920635603290069e-8,0.3064863383769989,-7.94614862797971e-9,1,1.0231090641354968e-7,-0.3064863383769989,9.495181529928232e-8,-0.9518750309944153]},{"type":"position","time":0.18445658683776856,"pos":[-6.7112507820129398,4.945533752441406,10.842828750610352,-0.9518750309944153,-2.7543677560970538e-8,0.3064863383769989,-5.623394194742559e-9,1,7.240423371968063e-8,-0.3064863383769989,6.71962894216449e-8,-0.9518750309944153]},{"type":"position","time":0.20076608657836915,"pos":[-6.7112507820129398,4.945533752441406,10.842828750610352,-0.9518750309944153,-1.6176450401417243e-8,0.3064863383769989,-3.3026306134331664e-9,1,4.252312990615792e-8,-0.3064863383769989,3.946449567138188e-8,-0.9518750309944153]},{"type":"position","time":0.21791458129882813,"pos":[-6.7112507820129398,4.945533752441406,10.842828750610352,-0.9518750309944153,-4.818944798756775e-9,0.3064863383769989,-9.83850889646476e-10,1,1.2667584314840497e-8,-0.3064863383769989,1.1756420725816952e-8,-0.9518750309944153]},{"type":"position","time":0.23468446731567384,"pos":[-6.7112507820129398,4.945533752441406,10.842828750610352,-0.9518750309944153,6.528847684705852e-9,0.3064863383769989,1.3329448655952092e-9,1,-1.7162431475981067e-8,-0.3064863383769989,-1.592796117222406e-8,-0.9518750309944153]},{"type":"position","time":0.25155162811279299,"pos":[-6.7112507820129398,4.945533752441406,10.842828750610352,-0.9518750309944153,1.7866934598487206e-8,0.3064863383769989,3.6477578735372164e-9,1,-4.696693522987516e-8,-0.3064863383769989,-4.358866689813112e-8,-0.9518750309944153]},{"type":"position","time":0.2692403793334961,"pos":[-6.7112507820129398,4.945533752441406,10.842828750610352,-0.9518750309944153,2.9195325268460693e-8,0.3064863383769989,5.960590243603292e-9,1,-7.674595536855122e-8,-0.3064863383769989,-7.122572043272157e-8,-0.9518750309944153]},{"type":"position","time":0.28466129302978518,"pos":[-6.7112507820129398,4.945533752441406,10.842828750610352,-0.9518750309944153,4.051402413551841e-8,0.3064863383769989,8.271442197838042e-9,1,-1.0649951320829132e-7,-0.3064863383769989,-9.883914486863432e-8,-0.9518750309944153]},{"type":"position","time":0.30411410331726076,"pos":[-6.7112507820129398,4.945533752441406,10.842828750610352,-0.9518750309944153,3.428597850074766e-8,0.3064863383769989,6.99990376773485e-9,1,-9.012781987394192e-8,-0.3064863383769989,-8.364504822111485e-8,-0.9518750309944153]},{"type":"position","time":0.31957197189331057,"pos":[-6.7112507820129398,4.945533752441406,10.842828750610352,-0.9518750309944153,2.240983754120407e-8,0.3064863383769989,4.5752366339968379e-9,1,-5.890893461923952e-8,-0.3064863383769989,-5.467169472694877e-8,-0.9518750309944153]},{"type":"position","time":0.3348705768585205,"pos":[-6.7112507820129398,4.945533752441406,10.842828750610352,-0.9518750309944153,6.586828860122296e-9,0.3064863383769989,1.344766076272208e-9,1,-1.731489795986363e-8,-0.3064863383769989,-1.6069465758050684e-8,-0.9518750309944153]},{"type":"position","time":0.35273170471191409,"pos":[-6.7112507820129398,4.945533752441406,10.842828750610352,-0.9518750309944153,-9.222647534556927e-9,0.3064863383769989,-1.8829435788347838e-9,1,2.424356182473275e-8,-0.3064863383769989,2.2499744289916636e-8,-0.9518750309944153]},{"type":"position","time":0.3691904544830322,"pos":[-6.7112507820129398,4.945533752441406,10.842828750610352,-0.9518750309944153,-2.5018604077331476e-8,0.3064863383769989,-5.107893663591767e-9,1,6.576647848532957e-8,-0.3064863383769989,6.103596916773313e-8,-0.9518750309944153]},{"type":"position","time":0.3854835033416748,"pos":[-6.697880744934082,4.945528507232666,10.810526847839356,-0.9992107152938843,0.00006193403532961383,0.039722833782434466,0.000046491652028635147,0.9999999403953552,-0.00038967691943980753,-0.039722856134176257,-0.0003875225957017392,-0.9992106556892395]},{"type":"position","time":0.4028909206390381,"pos":[-6.640909194946289,4.945539474487305,10.675543785095215,-0.947863757610321,-0.00007394434214802459,-0.3186759352684021,0.00027154377312399447,0.9999994039535523,-0.0010397107107564808,0.31867581605911257,-0.0010720385471358896,-0.9478631615638733]},{"type":"position","time":0.4220004081726074,"pos":[-6.536691665649414,4.940072536468506,10.376265525817871,-0.7307659387588501,-0.0004876272869296372,-0.6826279759407044,0.0003722829860635102,0.9999992847442627,-0.0011128736659884453,0.6826280355453491,-0.0010673810029402376,-0.7307652235031128]},{"type":"position","time":0.43830132484436037,"pos":[-6.450013637542725,5.825950622558594,10.126138687133789,-0.4662708640098572,-0.0020319202449172737,-0.8846396803855896,0.0006508954102173448,0.9999963045120239,-0.0026399518828839065,0.8846417665481567,-0.0018067405326291919,-0.46626782417297366]},{"type":"position","time":0.4530034065246582,"pos":[-6.38404655456543,6.490359783172607,9.939277648925782,-0.23235709965229035,-0.004766818135976791,-0.9726188778877258,0.0017422777600586415,0.9999843239784241,-0.005317164119333029,0.9726290106773377,-0.0029300530441105367,-0.23234516382217408]},{"type":"position","time":0.46965527534484866,"pos":[-6.294631481170654,7.3762407302856449,9.690876007080079,0.0991201102733612,-0.010722070932388306,-0.9950177073478699,0.005253524519503117,0.999933660030365,-0.010251706466078759,0.9950616359710693,-0.0042111994698643688,0.09916986525058747]},{"type":"position","time":0.4870333671569824,"pos":[-6.203370094299316,8.262124061584473,9.442996978759766,0.4192832112312317,-0.019100312143564225,-0.9076545238494873,0.011770426295697689,0.9998089671134949,-0.015602326020598412,0.9077792167663574,-0.004141687881201506,0.41942793130874636]},{"type":"position","time":0.5063338279724121,"pos":[-6.112773895263672,9.319095611572266,9.124549865722657,0.616718590259552,-0.009436436928808689,-0.7871271371841431,0.006850518751889467,0.9999546408653259,-0.006620489060878754,0.7871538996696472,-0.001309250365011394,0.6167552471160889]},{"type":"position","time":0.5196561813354492,"pos":[-6.08305549621582,9.912334442138672,8.928747177124024,0.6857386827468872,-0.0036506166215986015,-0.7278386354446411,0.0027927234768867494,0.9999932646751404,-0.0023844751995056869,0.7278424501419067,-0.0003975252329837531,0.6857442855834961]},{"type":"position","time":0.5366325378417969,"pos":[-6.052302360534668,10.655492782592774,8.665863990783692,0.755948543548584,-0.00043076518340967596,-0.6546308994293213,0.0003020723524969071,0.9999998807907105,-0.00030920319841243327,0.6546309590339661,0.0000359957994078286,0.7559486031532288]},{"type":"position","time":0.5530781745910645,"pos":[-6.028678894042969,11.344090461730957,8.40180492401123,0.8111339807510376,0.00016591345774941146,-0.5848603248596191,-0.0001977563078980893,1,0.000009415235581400339,0.5848603248596191,0.00010802280303323641,0.8111339807510376]},{"type":"position","time":0.5705657005310059,"pos":[-6.009275913238525,11.978178024291993,8.137048721313477,0.8544572591781616,0.00009503083856543526,-0.5195216536521912,-0.00012896927364636213,1,-0.000029195904062362389,0.5195216536521912,0.00009194898302666843,0.8544572591781616]},{"type":"position","time":0.5879185199737549,"pos":[-5.9917192459106449,12.694146156311036,7.805354118347168,0.8962610363960266,-0.00000918126625037985,-0.44352689385414126,-0.00002049312570306938,1,-0.00006211225263541564,0.44352689385414126,0.00006475804548244923,0.8962610363960266]},{"type":"position","time":0.6061375141143799,"pos":[-5.982637882232666,13.205609321594239,7.539574146270752,0.9216062426567078,-0.00002689122447918635,-0.3881262242794037,0.000004937210178468376,1,-0.000057561323046684268,0.3881262242794037,0.00005113261431688443,0.9216062426567078]},{"type":"position","time":0.6211726665496826,"pos":[-5.981224060058594,13.662572860717774,7.27354097366333,0.9416963458061218,-0.000022168380382936449,-0.3364640176296234,0.000006817143002990633,1,-0.00004680649726651609,0.3364640176296234,0.000041783783672144639,0.9416963458061218]},{"type":"position","time":0.6361713409423828,"pos":[-5.983693599700928,13.96953010559082,7.073950290679932,0.9538167715072632,-0.00001660445013840217,-0.30038899183273318,0.000004826886652153917,1,-0.000039949813071871179,0.30038899183273318,0.00003665485928650014,0.9538167715072632]},{"type":"position","time":0.6532673835754395,"pos":[-5.990255832672119,14.331119537353516,6.80780029296875,0.9667131304740906,-0.000010828754057001789,-0.2558627426624298,0.0000026529291972110515,1,-0.0000322990890708752,0.2558627426624298,0.000030545164918294179,0.9667131304740906]},{"type":"position","time":0.6697089672088623,"pos":[-5.998762130737305,14.638208389282227,6.5416107177734379,0.976457417011261,-0.000007162469046306796,-0.21571023762226106,0.0000015732434803794604,1,-0.00002608250724733807,0.21571023762226106,0.00002512909304641653,0.976457417011261]},{"type":"position","time":0.6886231899261475,"pos":[-6.010590553283691,14.945427894592286,6.208802223205566,0.985135555267334,-0.0000042601427594490819,-0.17177866399288178,9.510560516901023e-7,1,-0.000019345960026839749,0.17177866399288178,0.00001889502163976431,0.985135555267334]},{"type":"position","time":0.7039670944213867,"pos":[-6.018196105957031,15.088885307312012,6.009088039398193,0.9888494610786438,-0.0000030955243346397767,-0.14891837537288667,7.237993600028858e-7,1,-0.00001598053495399654,0.14891837537288667,0.000015694557077949868,0.9888494610786438]},{"type":"position","time":0.7204227447509766,"pos":[-6.027786731719971,15.232473373413086,5.742732524871826,0.9924517869949341,-0.000001916363999043824,-0.12263524532318115,4.805034450328094e-7,1,-0.000011737956810975448,0.12263524532318115,0.000011590430403884966,0.9924517869949341]},{"type":"position","time":0.7373075485229492,"pos":[-6.0366129875183109,15.321561813354493,5.4763102531433109,0.994957685470581,-0.0000011454491186668748,-0.10029572993516922,3.023204726559925e-7,1,-0.000008421624443144538,0.10029572993516922,0.000008348838491656352,0.994957685470581]},{"type":"position","time":0.7537930011749268,"pos":[-6.045101642608643,15.35615062713623,5.2098493576049809,0.9966872334480286,-6.727761956426548e-7,-0.08132965117692948,1.8502717580304307e-7,1,-0.000006004721853969386,0.08132965117692948,0.000005969781341264024,0.9966872334480286]},{"type":"position","time":0.7696683406829834,"pos":[-6.053166389465332,15.336238861083985,4.94335412979126,0.9978669881820679,-3.9263991880034157e-7,-0.06528007239103317,1.130768509938207e-7,1,-0.00000428621206083335,0.06528007239103317,0.000004269687906344188,0.9978669881820679]},{"type":"position","time":0.7880568504333496,"pos":[-6.0632452964782719,15.234708786010743,4.610218048095703,0.9988328218460083,-2.012405104778736e-7,-0.04830160364508629,6.32930223787298e-8,1,-0.0000028574902444233887,0.04830160364508629,0.0000028510978609119776,0.9988328218460083]},{"type":"position","time":0.8056094646453857,"pos":[-6.071083068847656,15.092171669006348,4.343690872192383,0.9993153810501099,-1.1886332629273966e-7,-0.03699662163853645,4.1041104736905257e-8,1,-0.00000210425469049369,0.03699662163853645,0.0000021012956494814718,0.9993153810501099]},{"type":"position","time":0.8191423416137695,"pos":[-6.076655387878418,14.949503898620606,4.1437811851501469,0.9995539784431458,-7.795685519340623e-8,-0.029862985014915468,2.918724817391194e-8,1,-0.000001633548095014703,0.029862985014915468,0.0000016319479527737713,0.9995539784431458]},{"type":"position","time":0.8356513977050781,"pos":[-6.084031581878662,14.711591720581055,3.8772294521331789,0.9997655749320984,-4.261530861526808e-8,-0.021651268005371095,1.805138083454949e-8,1,-0.0000011347215149726254,0.021651268005371095,0.0000011340646324242699,0.9997655749320984]},{"type":"position","time":0.8529517650604248,"pos":[-6.091439247131348,14.419179916381836,3.6106748580932619,0.9998939037322998,-2.316889613496187e-8,-0.014566280879080296,1.136214589081419e-8,1,-8.10636265669018e-7,0.014566280879080296,8.10384733540559e-7,0.9998939037322998]},{"type":"position","time":0.8713786602020264,"pos":[-6.1007399559021,13.977025032043457,3.277479410171509,0.9999753832817078,-1.0673171679798088e-8,-0.007018285803496838,6.778130501317037e-9,1,-5.550083983507648e-7,0.007018285803496838,5.549471211452328e-7,0.9999753832817078]},{"type":"position","time":0.8869345188140869,"pos":[-6.1063408851623539,13.670857429504395,3.077561378479004,0.9999950528144836,-6.5186007702777719e-9,-0.00315421842969954,5.102275046908744e-9,1,-4.4903396201334547e-7,0.00315421842969954,4.4901565843247229e-7,0.9999950528144836]},{"type":"position","time":0.9041070938110352,"pos":[-6.11383056640625,13.214945793151856,2.8110032081604006,0.9999991655349731,-3.0040236964623547e-9,0.0013049454428255559,3.4315021935071856e-9,1,-3.275811479852564e-7,-0.0013049454428255559,3.275853543982521e-7,0.9999991655349731]},{"type":"position","time":0.9210793972015381,"pos":[-6.123218059539795,12.568415641784668,2.4778051376342775,0.9999815225601196,-6.905823135561207e-10,0.00607553543522954,2.1499122482282475e-9,1,-2.401912411187368e-7,-0.00607553543522954,2.401998528966942e-7,0.9999815225601196]},{"type":"position","time":0.9387996196746826,"pos":[-6.13764762878418,11.989879608154297,2.211552858352661,0.9999265074729919,1.0037572995003075e-9,0.012121141888201237,3.064654308104764e-9,1,-3.3562730550329436e-7,-0.012121141888201237,3.356398110554437e-7,0.9999265074729919]},{"type":"position","time":0.9543962478637695,"pos":[-6.156139373779297,11.520211219787598,2.012456178665161,0.9998074173927307,6.051734668943709e-9,0.019624071195721628,7.108347688244976e-9,1,-6.705392934236443e-7,-0.019624071195721628,6.705496957692958e-7,0.9998074173927307]},{"type":"position","time":0.9712653160095215,"pos":[-6.190773963928223,10.84630012512207,1.7481203079223633,0.9994269609451294,3.342684706808541e-8,0.03384961187839508,2.4536751297432603e-8,1,-0.0000017119701851697756,-0.03384961187839508,0.000001711819663796632,0.9994269609451294]},{"type":"position","time":0.9883480072021484,"pos":[-6.235880374908447,9.92726993560791,1.4179048538208008,0.9986711144447327,8.345655544417241e-8,0.051536913961172107,4.8461707535807366e-8,1,-0.000002558435198807274,-0.051536913961172107,0.0000025575329800631154,0.9986711144447327]},{"type":"position","time":1.0043613910675049,"pos":[-6.278470993041992,9.130733489990235,1.1547223329544068,0.9977940917015076,1.256312316399999e-7,0.0663844496011734,5.773788203100594e-8,1,-0.000002760311190286302,-0.0663844496011734,0.0000027580551886785544,0.9977940917015076]},{"type":"position","time":1.0207903385162354,"pos":[-6.329641819000244,8.279696464538575,0.8930946588516235,0.9965218901634216,2.0059653138559953e-7,0.08333157002925873,7.087938058703003e-8,1,-0.0000032548211947869278,-0.08333157002925873,0.000003249407200200949,0.9965218901634216]},{"type":"position","time":1.0378522872924805,"pos":[-6.387799263000488,7.374160289764404,0.6329341530799866,0.9948059320449829,3.138050033157924e-7,0.10178999602794647,9.211439078171679e-8,1,-0.0000039831120375311,-0.10178999602794647,0.0000039717997424304489,0.9948059320449829]},{"type":"position","time":1.0537123680114747,"pos":[-6.436944484710693,6.659241676330566,0.4391481876373291,0.9931724667549133,4.196620864149736e-7,0.1166553646326065,1.1175040270927639e-7,1,-0.000004548865035758354,-0.1166553646326065,0.000004530843398242723,0.9931724667549133]},{"type":"position","time":1.0713915824890137,"pos":[-6.525987148284912,5.399586200714111,0.11805421113967896,0.9897878766059876,6.275580517467461e-7,0.14254795014858247,1.4465881292835548e-7,1,-0.000005406879154179478,-0.14254795014858247,0.000005372284704208141,0.9897878766059876]},{"type":"position","time":1.0895500183105469,"pos":[-6.603446006774902,4.6671648025512699,-0.13709482550621034,0.9866050481796265,6.861213819320255e-7,0.16312730312347413,7.624792885962961e-8,1,-0.000004667201210395433,-0.16312730312347413,0.000004617122613126412,0.9866050481796265]},{"type":"position","time":1.104959487915039,"pos":[-6.68433141708374,4.692813396453857,-0.39120182394981387,0.9831709861755371,6.588632004422834e-7,0.18268778920173646,1.0806888717240782e-9,1,-0.0000036123142308497337,-0.18268778920173646,0.000003551720055838814,0.9831709861755371]},{"type":"position","time":1.120112419128418,"pos":[-6.745335102081299,4.769484043121338,-0.5816771984100342,0.9806362390518189,6.105502734499169e-7,0.19583795964717866,-3.3470157201342945e-10,1,-0.000003115953859378351,-0.19583795964717866,0.000003055551815123181,0.9806362390518189]},{"type":"position","time":1.137178897857666,"pos":[-6.826677322387695,4.8456621170043949,-0.8356409668922424,0.9774304032325745,4.995166591470479e-7,0.2112577110528946,2.9636776588404247e-8,1,-0.0000025016106519615279,-0.2112577110528946,0.0000024514113192708466,0.9774304032325745]},{"type":"position","time":1.1541895866394044,"pos":[-6.908018589019775,4.8905181884765629,-1.0896039009094239,0.9744535088539124,3.9938066720424106e-7,0.22458937764167787,3.3211829730817047e-8,1,-0.0000019223707568016836,-0.22458937764167787,0.0000018807199921866414,0.9744535088539124]},{"type":"position","time":1.1698837280273438,"pos":[-6.989356994628906,4.9154767990112309,-1.3435664176940919,0.9717462658882141,3.145710536500701e-7,0.23602795600891114,2.212103034082702e-8,1,-0.0000014238444236980286,-0.23602795600891114,0.0000013888366083847359,0.9717462658882141]},{"type":"position","time":1.1878056526184083,"pos":[-7.091022968292236,4.931458473205566,-1.6610206365585328,0.9687162637710571,2.3084479039425788e-7,0.24817097187042237,1.1750060480153479e-8,1,-9.76049932432943e-7,-0.24817097187042237,9.484314205110422e-7,0.9687162637710571]},{"type":"position","time":1.2040798664093018,"pos":[-7.15202522277832,4.936610698699951,-1.851491928100586,0.9671065211296082,1.924714183587639e-7,0.25437167286872866,8.63871285616824e-9,1,-7.894981877143437e-7,-0.25437167286872866,7.657263267901726e-7,0.9671065211296082]},{"type":"position","time":1.2210519313812256,"pos":[-7.255802154541016,4.9413604736328129,-2.168259620666504,0.9644865393638611,1.5385600704576064e-7,0.2641320526599884,6.278379593993577e-9,1,-6.054222581042268e-7,-0.2641320526599884,5.855799258824845e-7,0.9644865393638611]},{"type":"position","time":1.2418594360351563,"pos":[-7.337216377258301,4.943261623382568,-2.422194242477417,0.9627983570098877,1.1976510450040224e-7,0.27022087574005129,4.5484531696615708e-9,1,-4.59418060927419e-7,-0.27022087574005129,4.4355601858114826e-7,0.9627983570098877]},{"type":"position","time":1.2568559646606446,"pos":[-7.417122840881348,4.944296836853027,-2.676607608795166,0.9615598917007446,6.832558341329787e-8,0.2745952904224396,2.195513770786306e-9,1,-2.5651095825196537e-7,-0.2745952904224396,2.4725352432142247e-7,0.9615598917007446]},{"type":"position","time":1.2717971801757813,"pos":[-7.486761093139648,4.944860458374023,-2.9339821338653566,0.9617353677749634,3.806326276389882e-8,0.2739800214767456,-8.886905100702336e-10,1,-1.3580762470155606e-7,-0.2739800214767456,1.303675105646107e-7,0.9617353677749634]},{"type":"position","time":1.286879062652588,"pos":[-7.535677909851074,4.9451069831848148,-3.1279029846191408,0.9624537825584412,3.496220202237055e-8,0.2714455723762512,-2.451904679290351e-9,1,-1.2010642080895196e-7,-0.2714455723762512,1.1493132490159042e-7,0.9624537825584412]},{"type":"position","time":1.305710792541504,"pos":[-7.61635684967041,4.9453349113464359,-3.4513251781463625,0.9638105630874634,3.9342346269677367e-8,0.2665880620479584,-3.6530412028668027e-10,1,-1.462565961674045e-7,-0.2665880620479584,1.408662626545265e-7,0.9638105630874634]},{"type":"position","time":1.3221304416656495,"pos":[-7.678651332855225,4.9454264640808109,-3.710611581802368,0.9650083780288696,4.594856761741539e-8,0.26221901178359988,3.4006486515636427e-10,1,-1.7648123673552619e-7,-0.26221901178359988,1.703950402998089e-7,0.9650083780288696]},{"type":"position","time":1.337059497833252,"pos":[-7.72161340713501,4.9454665184021,-3.9059338569641115,0.9662129878997803,6.588644652083531e-8,0.2577449083328247,3.1508237685606846e-10,1,-2.5680773774183765e-7,-0.2577449083328247,2.4821218858051e-7,0.9662129878997803]},{"type":"position","time":1.3555164337158204,"pos":[-7.791855335235596,4.945502758026123,-4.231782913208008,0.9682756662368774,9.846751680697708e-8,0.24988456070423127,-2.0790767718548154e-10,1,-3.9324640965787696e-7,-0.24988456070423127,3.8071897279223779e-7,0.9682756662368774]},{"type":"position","time":1.3724634647369385,"pos":[-7.846879959106445,4.945517539978027,-4.492711067199707,0.9698030948638916,9.39452036163857e-8,0.24388927221298219,-3.4667690940182185e-10,1,-3.838175928194687e-7,-0.24388927221298219,3.7214292092357939e-7,0.9698030948638916]},{"type":"position","time":1.391040563583374,"pos":[-7.900846481323242,4.945525169372559,-4.7538604736328129,0.9712160229682922,8.056986899873664e-8,0.23820041120052339,-1.4688986138544636e-10,1,-3.376451331860153e-7,-0.23820041120052339,3.2789137094368927e-7,0.9712160229682922]},{"type":"position","time":1.4055736064910889,"pos":[-7.948165416717529,4.945529937744141,-5.016279697418213,0.9730712175369263,1.0761088731214841e-7,0.2305045872926712,-2.3464621912161478e-10,1,-4.658586760797334e-7,-0.2305045872926712,4.532595880846202e-7,0.9730712175369263]},{"type":"position","time":1.4214799404144288,"pos":[-7.9855804443359379,4.945531845092773,-5.280277729034424,0.975688099861145,2.1823174733981433e-7,0.21916379034519196,-2.5850728224696697e-9,1,-9.842389090408688e-7,-0.21916379034519196,9.597436019248562e-7,0.975688099861145]},{"type":"position","time":1.4388861656188965,"pos":[-8.01616096496582,4.945531845092773,-5.5451741218566898,0.9786538481712341,3.450883241384872e-7,0.20551566779613496,-9.06826880253675e-9,1,-0.0000016359513210773003,-0.20551566779613496,0.0000015991663531167433,0.9786538481712341]},{"type":"position","time":1.4582014083862305,"pos":[-8.043816566467286,4.945531845092773,-5.810403347015381,0.9814463257789612,3.7857640222682678e-7,0.1917370706796646,-1.3846343627221814e-8,1,-0.000001903580482576217,-0.1917370706796646,0.0000018656072597877938,0.9814463257789612]},{"type":"position","time":1.4740331172943116,"pos":[-8.061579704284668,4.945531845092773,-6.07644510269165,0.984481692314148,4.175907690751046e-7,0.1754874587059021,-1.7971583332609954e-8,1,-0.0000022787844500271605,-0.1754874587059021,0.0000022402675767807524,0.984481692314148]},{"type":"position","time":1.4896657466888428,"pos":[-8.059112548828125,4.94553279876709,-6.342971324920654,0.9883454442024231,6.649088959420624e-7,0.15222789347171784,-4.2809670475207898e-8,1,-0.0000040899089981394358,-0.15222789347171784,0.000004035726306028664,0.9883454442024231]},{"type":"position","time":1.506723165512085,"pos":[-8.031702995300293,4.9455342292785648,-6.608042240142822,0.9928003549575806,0.0000011077022463723552,0.11978098005056381,-1.360458554700017e-7,1,-0.000008120124221022707,-0.11978098005056381,0.000008045366485021077,0.9928003549575806]},{"type":"position","time":1.5238893032073975,"pos":[-7.983735084533691,4.9455342292785648,-6.870246887207031,0.9967594742774963,0.0000013712256077269558,0.08043963462114334,-3.2342356348635806e-7,1,-0.000013038970791967586,-0.08043963462114334,0.000012970702300663106,0.9967594742774963]},{"type":"position","time":1.5393288135528565,"pos":[-7.912895679473877,4.945533752441406,-7.127173900604248,0.9994070529937744,0.0000011919506732738228,0.0344325453042984,-5.700102292394149e-7,1,-0.000018072392776957714,-0.0344325453042984,0.00001804204839572776,0.9994070529937744]},{"type":"position","time":1.555210828781128,"pos":[-7.815110683441162,4.9455342292785648,-7.375022888183594,0.9998084902763367,4.3497996671248986e-7,-0.019570302218198777,-9.158233638117963e-7,1,-0.000024561091777286493,0.019570302218198777,0.00002457431037328206,0.9998084902763367]},{"type":"position","time":1.5732123851776124,"pos":[-7.703484058380127,4.9455342292785648,-7.617181777954102,0.9971541166305542,-9.700432883619215e-7,-0.07539025694131851,-0.0000012204585573272198,1,-0.000029009432182647289,0.07539025694131851,0.000029018885470577517,0.9971541166305542]},{"type":"position","time":1.591357946395874,"pos":[-7.572896957397461,4.9455342292785648,-7.849558353424072,0.9910187125205994,-0.0000028103479507990416,-0.13372336328029633,-0.000001387290467391722,1,-0.00003129729157080874,0.13372336328029633,0.00003120171095361002,0.9910187125205994]},{"type":"position","time":1.605872631072998,"pos":[-7.3991594314575199,4.945534706115723,-8.050657272338868,0.9782752990722656,-0.00000694459367878153,-0.2073100209236145,-0.000002151983380827005,1,-0.00004365358472568914,0.2073100209236145,0.00004315135083743371,0.9782752990722656]},{"type":"position","time":1.622223138809204,"pos":[-7.194370746612549,4.945535659790039,-8.22070026397705,0.956202507019043,-0.000015177939530985896,-0.29270586371421816,-0.000004007495590485632,1,-0.00006494545959867537,0.29270586371421816,0.00006327403389150277,0.956202507019043]},{"type":"position","time":1.640329360961914,"pos":[-6.979772567749023,4.940463066101074,-8.379085540771485,0.9270059466362,-0.000022836795324110427,-0.37504658102989199,-0.000005246503405942349,1,-0.00007385838398477063,0.37504658102989199,0.00007043484220048413,0.9270059466362]},{"type":"position","time":1.658740520477295,"pos":[-6.704636096954346,4.940981388092041,-8.567452430725098,0.8845481276512146,-0.0000260604629147565,-0.46644893288612368,-0.000004363917923910776,1,-0.00006414540985133499,0.46644893288612368,0.00005877525109099224,0.8845481276512146]},{"type":"position","time":1.6733214855194092,"pos":[-6.531436443328857,4.942422389984131,-8.66731071472168,0.855775773525238,-0.000027147865694132635,-0.5173469185829163,-0.0000036063845527678497,1,-0.00005844071347382851,0.5173469185829163,0.00005187789793126285,0.855775773525238]},{"type":"position","time":1.6881041526794434,"pos":[-6.287085056304932,4.943783760070801,-8.77353572845459,0.8102721571922302,-0.00003213626041542739,-0.586053729057312,-0.0000035123302950523795,1,-0.000059691119531635198,0.586053729057312,0.0000504244671901688,0.8102721571922302]},{"type":"position","time":1.707383155822754,"pos":[-6.037288188934326,4.944572925567627,-8.867009162902832,0.760532557964325,-0.00003714686681632884,-0.6492998003959656,-0.000003794954409386264,1,-0.00006165572995087132,0.6492998003959656,0.000049355250666849318,0.760532557964325]},{"type":"position","time":1.723766803741455,"pos":[-5.783260822296143,4.945010185241699,-8.948260307312012,0.7088041305541992,-0.00003777349047595635,-0.7054053544998169,-0.0000035132482025801439,1,-0.00005707880700356327,0.7054053544998169,0.00004293595702620223,0.7088041305541992]},{"type":"position","time":1.739670991897583,"pos":[-5.522597789764404,4.945249557495117,-9.0037202835083,0.6516420245170593,-0.00003984410795965232,-0.758526623249054,-0.000003256898025938426,1,-0.00005532625800697133,0.758526623249054,0.000038523361581610519,0.6516420245170593]},{"type":"position","time":1.754850149154663,"pos":[-5.2577996253967289,4.945380687713623,-9.034241676330567,0.5885850787162781,-0.00004528373392531648,-0.8084352612495422,-0.0000034842314562411049,1,-0.000058550762332743037,0.8084352612495422,0.00003727888179128058,0.5885850787162781]},{"type":"position","time":1.7732977867126465,"pos":[-4.99179744720459,4.945451736450195,-9.053967475891114,0.5250120162963867,-0.00004698017437476665,-0.8510948419570923,-0.0000034865900033764776,1,-0.00005735045488108881,0.8510948419570923,0.00003307709630462341,0.5250120162963867]},{"type":"position","time":1.7895686626434327,"pos":[-4.7254414558410648,4.945489883422852,-9.068530082702637,0.46474894881248476,-0.000042134950490435588,-0.8854424953460693,-0.0000028013475912302967,1,-0.000049056685384130108,0.8854424953460693,0.00002527947617636528,0.46474894881248476]},{"type":"position","time":1.8082313537597657,"pos":[-4.458776473999023,4.945511341094971,-9.073022842407227,0.40677183866500857,-0.00003630944775068201,-0.9135298132896423,-0.000002020514784817351,1,-0.0000406460058002267,0.9135298132896423,0.00001837945092120208,0.40677183866500857]},{"type":"position","time":1.8252558708190919,"pos":[-4.125482559204102,4.945524215698242,-9.065773963928223,0.3366943299770355,-0.000031905572541290897,-0.9416139721870422,-0.0000014981530966906576,1,-0.00003441961598582566,0.9416139721870422,0.000012999571481486783,0.3366943299770355]},{"type":"position","time":1.8394043445587159,"pos":[-3.925813913345337,4.945528030395508,-9.053986549377442,0.2965138256549835,-0.000029861368602723816,-0.9550285339355469,-0.0000013265038205645397,1,-0.00003167936301906593,0.9550285339355469,0.00001066021741280565,0.2965138256549835]},{"type":"position","time":1.8559696674346924,"pos":[-3.660490036010742,4.945531368255615,-9.027207374572754,0.24381621181964875,-0.000027365480491425843,-0.9698214530944824,-0.000001151630272033799,1,-0.000028506552553153598,0.9698214530944824,0.000008067235285125208,0.24381621181964875]},{"type":"position","time":1.8743371963500977,"pos":[-3.3959314823150636,4.945533275604248,-8.993483543395996,0.19355535507202149,-0.000025135648684226909,-0.9810893535614014,-9.903368436425808e-7,1,-0.00002581552143965382,0.9810893535614014,0.000005968341611151118,0.19355535507202149]},{"type":"position","time":1.891589641571045,"pos":[-3.0657267570495607,4.9455342292785648,-8.947556495666504,0.13671500980854035,-0.00002054118158412166,-0.9906104207038879,-7.172696996349259e-7,1,-0.00002083487379422877,0.9906104207038879,0.0000035589746403275059,0.13671500980854035]},{"type":"position","time":1.9064912796020508,"pos":[-2.8689756393432619,4.9455342292785648,-8.911762237548829,0.10392338037490845,-0.000018521928723203019,-0.9945853352546692,-5.91184345921647e-7,1,-0.000018684537280933,0.9945853352546692,0.000002529743596824119,0.10392338037490845]},{"type":"position","time":1.9231605529785157,"pos":[-2.6098315715789797,4.9455342292785648,-8.849085807800293,0.058291081339120868,-0.00001856265589594841,-0.9982996582984924,-5.71704163121467e-7,1,-0.000018627655663294719,0.9982996582984924,0.0000016565581972827204,0.058291081339120868]},{"type":"position","time":1.9405882358551026,"pos":[-2.3525469303131105,4.9455342292785648,-8.778912544250489,0.013780459761619568,-0.000018907670892076568,-0.9999050498008728,-6.06096421051916e-7,1,-0.00001891781903395895,0.9999050498008728,8.667350925861683e-7,0.013780459761619568]},{"type":"position","time":1.9569447040557862,"pos":[-2.096756935119629,4.945534706115723,-8.703448295593262,-0.027776651084423066,-0.00001718055864330381,-0.9996141791343689,-5.435340426629409e-7,1,-0.000017172085790662096,0.9996141791343689,6.634128624227742e-8,-0.027776651084423066]},{"type":"position","time":1.9738812446594239,"pos":[-1.8436708450317383,4.945535182952881,-8.619439125061036,-0.06780091673135758,-0.00001532158967165742,-0.9976988434791565,-4.37040597489613e-7,1,-0.00001532722671981901,0.9976988434791565,-6.031648922544264e-7,-0.06780091673135758]},{"type":"position","time":1.9925251007080079,"pos":[-1.5316649675369263,4.945535182952881,-8.502140045166016,-0.11707400530576706,-0.000014481528523901943,-0.9931231737136841,-3.7937499541840227e-7,1,-0.000014537082279275637,0.9931231737136841,-0.0000013251483323983849,-0.11707400530576706]},{"type":"position","time":2.0084002017974855,"pos":[-1.2854880094528199,4.945535182952881,-8.399635314941407,-0.15493588149547578,-0.000013868972928321455,-0.9879245162010193,-3.6454082419368208e-7,1,-0.000013981323718326167,0.9879245162010193,-0.0000018060698039334966,-0.15493588149547578]},{"type":"position","time":2.023982286453247,"pos":[-1.1055282354354859,4.945535182952881,-8.312509536743164,-0.18436506390571595,-0.000013888981811760459,-0.9828578233718872,-3.740278771147132e-7,1,-0.000014061060937820003,0.9828578233718872,-0.000002224752051915857,-0.18436506390571595]},{"type":"position","time":2.039564371109009,"pos":[-0.8734252452850342,4.945534706115723,-8.181357383728028,-0.22707600891590119,-0.000016081217836472207,-0.9738770127296448,-4.764291077208327e-7,1,-0.00001640148911974393,0.9738770127296448,-0.00000326040117215598,-0.22707600891590119]},{"type":"position","time":2.0573437213897707,"pos":[-0.6442950963973999,4.945534706115723,-8.044897079467774,-0.2681158185005188,-0.000016917520042625257,-0.9633866548538208,-5.47811794149311e-7,1,-0.00001740800689731259,0.9633866548538208,-0.000004139607881370466,-0.2681158185005188]},{"type":"position","time":2.073579788208008,"pos":[-0.41667747497558596,4.945535182952881,-7.905913829803467,-0.3050054907798767,-0.000014634522813139484,-0.9523506164550781,-4.49819879122515e-7,1,-0.000015222676665871404,0.9523506164550781,-0.000004214613454678329,-0.3050054907798767]},{"type":"position","time":2.0929722785949709,"pos":[-0.1370268017053604,4.945535182952881,-7.724498271942139,-0.3478958010673523,-0.000011790833923441824,-0.9375331997871399,-3.032610038644634e-7,1,-0.00001246391093445709,0.9375331997871399,-0.000004051824816997396,-0.3478958010673523]},{"type":"position","time":2.1079039573669435,"pos":[0.0285026915371418,4.945535182952881,-7.612231731414795,-0.37158074975013735,-0.000010687047506507952,-0.9284006357192993,-2.544271637816564e-7,1,-0.0000114094136733911,0.9284006357192993,-0.00000400330827687867,-0.37158074975013735]},{"type":"position","time":2.122897148132324,"pos":[0.09685470908880234,4.945535182952881,-7.565158367156982,-0.38110867142677309,-0.000004778510174219264,-0.9245302677154541,-4.829239586001677e-8,1,-0.000005148674972588196,0.9245302677154541,-0.0000019175568013451995,-0.38110867142677309]},{"type":"position","time":2.139247179031372,"pos":[0.09850801527500153,4.945535659790039,-7.563946723937988,-0.3822076916694641,-1.400499911596853e-7,-0.9240764379501343,2.718341995944229e-8,1,-1.628000632081239e-7,0.9240764379501343,-8.734298972967736e-8,-0.3822076916694641]},{"type":"position","time":2.1565258502960207,"pos":[0.09853716194629669,4.945535659790039,-7.563916206359863,-0.38233470916748049,5.141765200278314e-7,-0.9240239262580872,1.3280387456404697e-8,1,5.509586458174454e-7,0.9240239262580872,1.9837922593524127e-7,-0.38233470916748049]},{"type":"position","time":2.1723835468292238,"pos":[0.09853729605674744,4.945535659790039,-7.563914775848389,-0.3823493719100952,1.366893656040702e-7,-0.9240178465843201,-2.452906100458563e-9,1,1.489443377522548e-7,0.9240178465843201,5.921530643604456e-8,-0.3823493719100952]},{"type":"position","time":2.1915218830108644,"pos":[0.09853735566139221,4.945535659790039,-7.563915252685547,-0.3823511600494385,-6.290350995641347e-8,-0.924017071723938,-3.679207161155773e-9,1,-6.65537029931329e-8,0.924017071723938,-2.2047235148647816e-8,-0.3823511600494385]},{"type":"position","time":2.206484794616699,"pos":[0.098537378013134,4.945535659790039,-7.563915252685547,-0.38235124945640566,-9.869444994592414e-8,-0.924017071723938,-1.6271207714524394e-9,1,-1.0613690903937823e-7,0.924017071723938,-3.907809542624818e-8,-0.38235124945640566]},{"type":"position","time":2.2227935791015627,"pos":[0.0985374003648758,4.945535659790039,-7.563915252685547,-0.38235124945640566,-7.854568906395798e-8,-0.924017071723938,7.582240391101891e-10,1,-8.531833373126574e-8,0.924017071723938,-3.3322184123107948e-8,-0.38235124945640566]},{"type":"position","time":2.239867687225342,"pos":[0.09853741526603699,4.945535659790039,-7.563915252685547,-0.38235124945640566,-5.841413042162458e-8,-0.924017071723938,3.141536808470846e-9,1,-6.451752909697461e-8,0.924017071723938,-2.7571191552056008e-8,-0.38235124945640566]},{"type":"position","time":2.2562549114227297,"pos":[0.09853743016719818,4.945535659790039,-7.563915252685547,-0.38235124945640566,-3.829976336078289e-8,-0.924017071723938,5.522817758674137e-9,1,-4.373449513650485e-8,0.924017071723938,-2.182511593673553e-8,-0.38235124945640566]},{"type":"position","time":2.2729883193969728,"pos":[0.09853744506835938,4.945535659790039,-7.563915252685547,-0.38235124945640566,-1.8202577223291884e-8,-0.924017071723938,7.902069221188413e-9,1,-2.296921230993121e-8,0.924017071723938,-1.608395372443283e-8,-0.38235124945640566]},{"type":"position","time":2.289111614227295,"pos":[0.09853745996952057,4.945535659790039,-7.563915252685547,-0.38235124945640566,1.8774439780600007e-9,-0.924017071723938,1.0279292972370513e-8,1,-2.2216650741313517e-9,0.924017071723938,-1.0347698697898977e-8,-0.38235124945640566]},{"type":"position","time":2.3063387870788576,"pos":[0.09853746742010117,4.945535659790039,-7.563915252685547,-0.38235124945640566,2.1940314454127475e-8,-0.924017071723938,1.2654491676755697e-8,1,1.850815856130339e-8,0.924017071723938,-4.616348636687917e-9,-0.38235124945640566]},{"type":"position","time":2.323225498199463,"pos":[0.09853748232126236,4.945535659790039,-7.563915252685547,-0.38235124945640566,4.198605196847893e-8,-0.924017071723938,1.5027666222522386e-8,1,3.922027502767378e-8,0.924017071723938,1.1101022323600774e-9,-0.38235124945640566]},{"type":"position","time":2.34012508392334,"pos":[0.09853749722242356,4.945535659790039,-7.563915252685547,-0.38235124945640566,6.201466362654173e-8,-0.924017071723938,1.7398816609670577e-8,1,5.991470430899426e-8,0.924017071723938,6.831657017869475e-