{"data":[{"pos":[-110.6040267944336,1018.7186889648438,-304.9761657714844,0.8919931650161743,-1.1271609423602058e-8,-0.4520488679409027,3.189877695319865e-9,1,-1.8640152532611866e-8,0.4520488679409027,1.5184909329946096e-8,0.8919931650161743]},{"pos":[-110.6040267944336,1018.7186889648438,-304.9761657714844,0.8919931650161743,6.40454533851198e-9,-0.4520488679409027,-1.9736174916573647e-9,1,1.0273429218443653e-8,0.4520488679409027,-8.271657137015609e-9,0.8919931650161743]},{"pos":[-110.6040267944336,1018.7186889648438,-304.9761657714844,0.8919931650161743,2.4065597514777438e-8,-0.4520488679409027,-7.132700208245524e-9,1,3.916230895129047e-8,0.4520488679409027,-3.17081827461152e-8,0.8919931650161743]},{"pos":[-110.6040267944336,1018.7186889648438,-304.9761657714844,0.8919931650161743,4.171156220422745e-8,-0.4520488679409027,-1.2287375561470526e-8,1,6.802650887038908e-8,0.4520488679409027,-5.512468703727791e-8,0.8919931650161743]},{"pos":[-110.6040267944336,1018.7186889648438,-304.9761657714844,0.8919931650161743,5.934245095318147e-8,-0.4520488679409027,-1.7437645993823027e-8,1,9.686604585112946e-8,0.4520488679409027,-7.852118244500162e-8,0.8919931650161743]},{"pos":[-110.6040267944336,1018.7186889648438,-304.9761657714844,0.8919931650161743,7.69582726434237e-8,-0.4520488679409027,-2.258351905481959e-8,1,1.2568094120979368e-7,0.4520488679409027,-1.0189769028556839e-7,0.8919931650161743]},{"pos":[-110.6040267944336,1018.7186889648438,-304.9761657714844,0.8919931650161743,4.9819970371345337e-8,-0.4520488679409027,-1.4606042597620217e-8,1,8.138827922721248e-8,0.4520488679409027,-6.599514534855189e-8,0.8919931650161743]},{"pos":[-110.6040267944336,1018.7186889648438,-304.9761657714844,0.8919931650161743,2.2704854885091664e-8,-0.4520488679409027,-6.635382465702833e-9,1,3.713346075073787e-8,0.4520488679409027,-3.012327454143815e-8,0.8919931650161743]},{"pos":[-110.6040267944336,1018.7186889648438,-304.9761657714844,0.8919931650161743,-4.38709379935176e-9,-0.4520488679409027,1.328466892047686e-9,1,-7.0835493026777389e-9,0.4520488679409027,5.717945672500946e-9,0.8919931650161743]},{"pos":[-110.6040267944336,1018.7186889648438,-304.9761657714844,0.8919931650161743,-3.145589388964254e-8,-0.4520488679409027,9.285511026746463e-9,1,-5.12627806870114e-8,0.4520488679409027,4.152854771177772e-8,0.8919931650161743]},{"pos":[-110.6040267944336,1018.7186889648438,-304.9761657714844,0.8919931650161743,-5.8501569810687218e-8,-0.4520488679409027,1.723575593359783e-8,1,-9.540426759713228e-8,0.4520488679409027,7.730855600129871e-8,0.8919931650161743]},{"pos":[-110.6040267944336,1018.7186889648438,-304.9761657714844,0.8919931650161743,-6.238940386538161e-8,-0.4520488679409027,1.8369162191334e-8,1,-1.017682791371044e-7,0.4520488679409027,8.24728516590767e-8,0.8919931650161743]},{"pos":[-110.6040267944336,1018.7186889648438,-304.9761657714844,0.8919931650161743,-4.3149068318371067e-8,-0.4520488679409027,1.269446769924798e-8,1,-7.04032103726604e-8,0.4520488679409027,5.706066019683931e-8,0.8919931650161743]},{"pos":[-110.6040267944336,1018.7186889648438,-304.9761657714844,0.8919931650161743,-2.392517295390917e-8,-0.4520488679409027,7.024622217244314e-9,1,-3.906493262206823e-8,0.4520488679409027,3.167017936789307e-8,0.8919931650161743]},{"pos":[-110.6040267944336,1018.7186889648438,-304.9761657714844,0.8919931650161743,-4.717701784784367e-9,-0.4520488679409027,1.3596200831855754e-9,1,-7.753430786294757e-9,0.4520488679409027,6.301393185026427e-9,0.8919931650161743]},{"pos":[-110.6040267944336,1018.7186889648438,-304.9761657714844,0.8919931650161743,1.4473360288036475e-8,-0.4520488679409027,-4.300543032798032e-9,1,2.3531317339120507e-8,0.4520488679409027,-1.9045717891685855e-8,0.8919931650161743]},{"pos":[-110.6040267944336,1018.7186889648438,-304.9761657714844,0.8919931650161743,3.364802481087281e-8,-0.4520488679409027,-9.95586901808565e-9,1,5.478933573499489e-8,0.4520488679409027,-4.4371173402169009e-8,0.8919931650161743]},{"pos":[-110.6040267944336,1018.7186889648438,-304.9761657714844,0.8919931650161743,5.280630688275778e-8,-0.4520488679409027,-1.560636420094852e-8,1,8.602064838214574e-8,0.4520488679409027,-6.967498933363459e-8,0.8919931650161743]},{"pos":[-110.6040267944336,1018.7186889648438,-304.9761657714844,0.8919931650161743,7.194822160272452e-8,-0.4520488679409027,-2.12520312459219e-8,1,1.1722527659685511e-7,0.4520488679409027,-9.495718700236466e-8,0.8919931650161743]},{"pos":[-110.6040267944336,1018.7186889648438,-304.9761657714844,0.8919931650161743,4.813402654235688e-8,-0.4520488679409027,-1.4212871768393143e-8,1,7.843453175837567e-8,0.4520488679409027,-6.353815251713968e-8,0.8919931650161743]},{"pos":[-110.6040267944336,1018.7186889648438,-304.9761657714844,0.8919931650161743,2.434017787322773e-8,-0.4520488679409027,-7.179725258765757e-9,1,3.967693018580576e-8,0.4520488679409027,-3.214596588918539e-8,0.8919931650161743]},{"pos":[-110.6040267944336,1018.7186889648438,-304.9761657714844,0.8919931650161743,5.666575542129237e-10,-0.4520488679409027,-1.52586346335859e-10,1,9.52444789703577e-10,0.4520488679409027,-7.805976975916451e-10,0.8919931650161743]},{"pos":[-110.6040267944336,1018.7186889648438,-304.9761657714844,0.8919931650161743,-2.318654956923183e-8,-0.4520488679409027,6.868548840799349e-9,1,-3.7738953295729519e-8,0.4520488679409027,3.0557970376321467e-8,0.8919931650161743]},{"pos":[-110.6040267944336,1018.7186889648438,-304.9761657714844,0.8919931650161743,-4.691946386969903e-8,-0.4520488679409027,1.3883686200699686e-8,1,-7.639729204811374e-8,0.4520488679409027,6.186976264643818e-8,0.8919931650161743]},{"pos":[-110.6040267944336,1018.7186889648438,-304.9761657714844,0.8919931650161743,-7.06320975041308e-8,-0.4520488679409027,2.0892828800356257e-8,1,-1.1502260832685352e-7,0.4520488679409027,9.315479587712616e-8,0.8919931650161743]},{"pos":[-110.6040267944336,1018.7186889648438,-304.9761657714844,0.8919931650161743,-5.0120718242396836e-8,-0.4520488679409027,1.482269240682399e-8,1,-8.162608367001667e-8,0.4520488679409027,6.610932956618854e-8,0.8919931650161743]},{"pos":[-110.46794128417969,1018.7186889648438,-305.011962890625,0.8415251970291138,-2.8938403673350878e-8,-0.5402178168296814,3.054880348685174e-9,1,-4.880928017314545e-8,0.5402178168296814,3.9423941444738378e-8,0.8415251970291138]},{"pos":[-110.08430480957031,1018.7186889648438,-305.0919189453125,0.7449696660041809,6.785117356855608e-9,-0.667098343372345,-6.538044328152637e-9,1,2.8698505794011455e-9,0.667098343372345,2.2235671082171395e-9,0.7449696660041809]},{"pos":[-109.95276641845703,1018.7186889648438,-305.11346435546877,0.7128956913948059,1.9673063178515805e-8,-0.7012701034545898,-7.495293274928372e-9,1,2.0433924774465596e-8,0.7012701034545898,-9.311031945458126e-9,0.7128956913948059]},{"pos":[-109.68775939941406,1018.7186889648438,-305.1428527832031,0.6455729007720947,4.664220654149176e-8,-0.7636986970901489,-6.353878312381767e-9,1,5.570300842805409e-8,0.7636986970901489,-3.110790203209035e-8,0.6455729007720947]},{"pos":[-109.28885650634766,1018.7186889648438,-305.1722717285156,0.5438826680183411,8.96780250059237e-8,-0.8391612768173218,2.0185662030769437e-9,1,1.0817453954814482e-7,0.8391612768173218,-6.05281584853401e-8,0.5438826680183411]},{"pos":[-109.1556625366211,1018.7186889648438,-305.17816162109377,0.5126999020576477,1.0460296095970989e-7,-0.8585678935050964,6.005381081308769e-9,1,1.2542038518859045e-7,0.8585678935050964,-6.945904829080973e-8,0.5126999020576477]},{"pos":[-108.88904571533203,1018.7186889648438,-305.1755065917969,0.4481099247932434,7.075411190271552e-8,-0.893978476524353,1.0147734208487691e-8,1,8.423180020145083e-8,0.893978476524353,-4.681696097463828e-8,0.4481099247932434]},{"pos":[-108.62300109863281,1018.7186889648438,-305.15771484375,0.38295865058898928,3.5943461540455249e-8,-0.9237654805183411,1.0337306122210066e-8,1,4.3195186094635576e-8,0.9237654805183411,-2.609121629859601e-8,0.38295865058898928]},{"pos":[-108.35820007324219,1018.7186889648438,-305.1264343261719,0.318488746881485,3.36394356814651e-10,-0.9479266405105591,6.781352368534499e-9,1,2.6333037972392505e-9,0.9479266405105591,-7.266902191105373e-9,0.318488746881485]},{"pos":[-108.09492492675781,1018.7186889648438,-305.0841369628906,0.2560217082500458,-3.590599106928494e-8,-0.9666710495948792,-1.9083955249410423e-10,1,-3.719450347716702e-8,0.9666710495948792,9.707079584586609e-9,0.2560217082500458]},{"pos":[-107.83283233642578,1018.7186889648438,-305.0350036621094,0.19758543372154237,-7.26315008137135e-8,-0.98028564453125,-1.0082978896264195e-8,1,-7.612449337557337e-8,0.98028564453125,2.492529027620094e-8,0.19758543372154237]},{"pos":[-107.57232666015625,1018.7186889648438,-304.9780578613281,0.14248764514923097,-1.0970303065960252e-7,-0.9897965788841248,-2.2489974327299934e-8,1,-1.1407149003161976e-7,0.9897965788841248,3.8514276212708867e-8,0.14248764514923097]},{"pos":[-107.31298065185547,1018.7186889648438,-304.9160461425781,0.09180645644664765,-7.798254841873131e-8,-0.995776891708374,-2.056950343387598e-8,1,-8.02097019914072e-8,0.995776891708374,2.7846404293541128e-8,0.09180645644664765]},{"pos":[-106.92567443847656,1018.7186889648438,-304.81610107421877,0.022419190034270288,-3.018735839077635e-8,-0.9997486472129822,-1.3328011583269017e-8,1,-3.049382613085072e-8,0.9997486472129822,1.400830829112465e-8,0.022419190034270288]},{"pos":[-106.79717254638672,1018.7186889648438,-304.7805480957031,0.0022005378268659117,-1.4226584355014893e-8,-0.9999975562095642,-9.901119035760076e-9,1,-1.4248406898786925e-8,0.9999975562095642,9.932448641336578e-9,0.0022005378268659117]},{"pos":[-106.54158782958985,1018.7186889648438,-304.7044677734375,-0.03699260205030441,1.769980961796591e-8,-0.9993155598640442,-1.8219289410481566e-9,1,1.7779376193516329e-8,0.9993155598640442,2.4783872731859448e-9,-0.03699260205030441]},{"pos":[-106.28836822509766,1018.7186889648438,-304.6208801269531,-0.07493358850479126,4.960374511142618e-8,-0.9971885085105896,7.784192845861071e-9,1,4.915865758903237e-8,0.9971885085105896,-4.078672954932472e-9,-0.07493358850479126]},{"pos":[-106.03714752197266,1018.7186889648438,-304.5314636230469,-0.11080434173345566,8.14553757777503e-8,-0.9938422441482544,1.8746264984770279e-8,1,7.987002703657709e-8,0.9938422441482544,-9.78088277037159e-9,-0.11080434173345566]},{"pos":[-105.7885971069336,1018.7186889648438,-304.43487548828127,-0.14552971720695496,1.1322780579803293e-7,-0.9893538951873779,3.099837542208661e-8,1,1.0988648568854842e-7,0.9893538951873779,-1.467661370213591e-8,-0.14552971720695496]},{"pos":[-105.54293823242188,1018.7186889648438,-304.3311462402344,-0.17925234138965608,1.0695205787669693e-7,-0.9838031530380249,3.301591533499959e-8,1,1.0269725692069187e-7,0.9838031530380249,-1.4072436549383838e-8,-0.17925234138965608]},{"pos":[-105.30010223388672,1018.7186889648438,-304.220947265625,-0.21174746751785279,6.283567444143046e-8,-0.9773244261741638,2.2423687795480874e-8,1,5.943524072904438e-8,0.9773244261741638,-9.329956363046677e-9,-0.21174746751785279]},{"pos":[-105.05995178222656,1018.7186889648438,-304.10504150390627,-0.2427883744239807,1.891703504952602e-8,-0.9700793027877808,1.0005176243055303e-8,1,1.699644158748015e-8,0.9700793027877808,-5.579275708100795e-9,-0.2427883744239807]},{"pos":[-104.82451629638672,1018.7186889648438,-303.9798583984375,-0.27444276213645937,-2.4776324991648836e-8,-0.9616034626960754,-4.120975560795159e-9,1,-2.458950554284911e-8,0.9616034626960754,-2.785667252425128e-9,-0.27444276213645937]},{"pos":[-104.59329986572266,1018.7186889648438,-303.8470153808594,-0.3058244585990906,-6.821453979455328e-8,-0.952087938785553,-1.9955090024836865e-8,1,-6.523744389141939e-8,0.952087938785553,-9.522067578870975e-10,-0.3058244585990906]},{"pos":[-104.36691284179688,1018.7186889648438,-303.70611572265627,-0.33718809485435488,-1.1136987154714007e-7,-0.941437304019928,-3.749313748357963e-8,1,-1.0486904500339733e-7,0.941437304019928,-6.315449552207753e-11,-0.33718809485435488]},{"pos":[-104.1439208984375,1018.7186889648438,-303.55987548828127,-0.36704084277153017,-8.240383664315232e-8,-0.9302048087120056,-3.071928844633476e-8,1,-7.646553257245614e-8,0.9302048087120056,5.092595789513155e-10,-0.36704084277153017]},{"pos":[-103.92300415039063,1018.7186889648438,-303.4105224609375,-0.39434120059013369,-5.3652485121347129e-8,-0.9189640879631043,-2.268789422998907e-8,1,-4.8647940786850089e-8,0.9189640879631043,1.6654719825481835e-9,-0.39434120059013369]},{"pos":[-103.59634399414063,1018.7186889648438,-303.1796875,-0.4328482747077942,-1.0932302174637698e-8,-0.9014667868614197,-8.689971409125974e-9,1,-7.954660929954116e-9,0.9014667868614197,4.39055902745622e-9,-0.4328482747077942]},{"pos":[-103.48861694335938,1018.7186889648438,-303.1011047363281,-0.4441743791103363,3.1977749337386287e-9,-0.895940363407135,-3.55154683440162e-9,1,5.329909402718158e-9,0.895940363407135,5.549383619296577e-9,-0.4441743791103363]},{"pos":[-103.2758560180664,1018.7186889648438,-302.9403381347656,-0.46651849150657656,3.12988568396122e-8,-0.8845114707946777,7.350799524630247e-9,1,3.150843497223832e-8,0.8845114707946777,8.197401868415e-9,-0.46651849150657656]},{"pos":[-103.06504821777344,1018.7186889648438,-302.77703857421877,-0.48713642358779909,5.9186969991742447e-8,-0.8733258843421936,1.8990245820305064e-8,1,5.7179260437578708e-8,0.8733258843421936,1.1269427169224855e-8,-0.48713642358779909]},{"pos":[-102.75170135498047,1018.7186889648438,-302.5284118652344,-0.5153985023498535,1.0063242683600038e-7,-0.8569506406784058,3.764584377563551e-8,1,9.47893781244602e-8,0.8569506406784058,1.6593672214071377e-8,-0.5153985023498535]},{"pos":[-102.64826965332031,1018.7186889648438,-302.44427490234377,-0.5237379670143127,1.1434634217266648e-7,-0.8518794178962708,4.408819265222519e-8,1,1.0712277287439065e-7,0.8518794178962708,1.854645148569034e-8,-0.5237379670143127]},{"pos":[-102.44168853759766,1018.7186889648438,-302.2756652832031,-0.5389513969421387,1.0488847834722037e-7,-0.8423368334770203,4.244532902930587e-8,1,9.736307049479365e-8,0.8423368334770203,1.672068883351585e-8,-0.5389513969421387]},{"pos":[-102.23818969726563,1018.7186889648438,-302.1033630371094,-0.5540075302124023,5.887090281930796e-8,-0.8325116634368897,2.5418486870876224e-8,1,5.3799688259914549e-8,0.8325116634368897,8.644234661403516e-9,-0.5540075302124023]},{"pos":[-102.14942932128906,1018.7186889648438,-302.0280456542969,-0.5554928183555603,-9.817959778501973e-9,-0.8315213322639465,-2.1077972700567217e-9,1,-1.0399123340221195e-8,0.8315213322639465,-4.0239602761005248e-9,-0.5554928183555603]},{"pos":[-102.14897155761719,1018.7186889648438,-302.02764892578127,-0.5554985404014587,-3.269088466595349e-8,-0.8315175175666809,-1.1298057600583889e-8,1,-3.1767015684636138e-8,0.8315175175666809,-8.251998195873967e-9,-0.5554985404014587]},{"pos":[-102.1489028930664,1018.7186889648438,-302.027587890625,-0.5554996728897095,-7.840733218245077e-8,-0.8315167427062988,-2.9666551881746274e-8,1,-7.44754373727119e-8,0.8315167427062988,-1.6702843552707237e-8,-0.5554996728897095]},{"pos":[-102.1489028930664,1018.7186889648438,-302.027587890625,-0.5554997324943543,-8.995695566227369e-8,-0.8315167427062988,-3.4753522726305167e-8,1,-8.496688508330408e-8,0.8315167427062988,-1.830094475963051e-8,-0.5554997324943543]},{"pos":[-102.1489028930664,1018.7186889648438,-302.027587890625,-0.5554997324943543,-5.610404585354445e-8,-0.8315167427062988,-2.2489912154810555e-8,1,-5.244742240506639e-8,0.8315167427062988,-1.043378983212051e-8,-0.5554997324943543]},{"pos":[-102.1489028930664,1018.7186889648438,-302.027587890625,-0.5554997324943543,-4.482938109617862e-8,-0.8315167427062988,-1.840553309762072e-8,1,-4.161685751569166e-8,0.8315167427062988,-7.813643954079908e-9,-0.5554997324943543]},{"pos":[-102.1489028930664,1018.7186889648438,-302.027587890625,-0.5554997324943543,-2.2294493362551294e-8,-0.8315167427062988,-1.0242009018668341e-8,1,-1.9969604636571604e-8,0.8315167427062988,-2.576707736068329e-9,-0.5554997324943543]},{"pos":[-102.1489028930664,1018.7186889648438,-302.027587890625,-0.5554997324943543,2.2114889086655155e-10,-0.8315167427062988,-2.085457584399819e-9,1,1.6591608087423993e-9,0.8315167427062988,2.6557562815554549e-9,-0.5554997324943543]},{"pos":[-102.1489028930664,1018.7186889648438,-302.027587890625,-0.5554997324943543,2.2717562941920734e-8,-0.8315167427062988,6.064127866522995e-9,1,2.3269455695640319e-8,0.8315167427062988,7.883752317638937e-9,-0.5554997324943543]},{"pos":[-102.1489028930664,1018.7186889648438,-302.027587890625,-0.5554997324943543,4.519476348718854e-8,-0.8315167427062988,1.4206752219081409e-8,1,4.486129512315529e-8,0.8315167427062988,1.310728503511882e-8,-0.5554997324943543]},{"pos":[-102.1489028930664,1018.7186889648438,-302.027587890625,-0.5554997324943543,6.765277049680663e-8,-0.8315167427062988,2.234242124643515e-8,1,6.643469419032044e-8,0.8315167427062988,1.832635554421813e-8,-0.5554997324943543]},{"pos":[-102.1489028930664,1018.7186889648438,-302.027587890625,-0.5554997324943543,9.009159640527287e-8,-0.8315167427062988,3.047114560672526e-8,1,8.798966888434734e-8,0.8315167427062988,2.3540971838542647e-8,-0.5554997324943543]},{"pos":[-102.1489028930664,1018.7186889648438,-302.027587890625,-0.5554997324943543,1.2371390312182485e-7,-0.8315167427062988,4.2651208786992359e-8,1,1.202876234174255e-7,0.8315167427062988,3.13545456265274e-8,-0.5554997324943543]},{"pos":[-102.1489028930664,1018.7186889648438,-302.027587890625,-0.5554997324943543,1.0017463836220486e-7,-0.8315167427062988,3.465019560167093e-8,1,9.732391248462591e-8,0.8315167427062988,2.5251191360098347e-8,-0.5554997324943543]},{"pos":[-102.1489028930664,1018.7186889648438,-302.027587890625,-0.5554997324943543,5.3126257171243199e-8,-0.8315167427062988,1.8658417033634579e-8,1,5.142591774642824e-8,0.8315167427062988,1.3052297909155186e-8,-0.5554997324943543]},{"pos":[-102.1489028930664,1018.7186889648438,-302.027587890625,-0.5554997324943543,6.1180576160779769e-9,-0.8315167427062988,2.6802962072025595e-9,1,5.567120542337989e-9,0.8315167427062988,8.638228465862596e-10,-0.5554997324943543]},{"pos":[-102.1489028930664,1018.7186889648438,-302.027587890625,-0.5554997324943543,-6.431897503489381e-8,-0.8315167427062988,-2.126130027590989e-8,1,-6.314765244042064e-8,0.8315167427062988,-1.7399376162074988e-8,-0.5554997324943543]},{"pos":[-102.08726501464844,1018.7186889648438,-302.0317077636719,-0.4882132411003113,-1.1173409575349069e-7,-0.8727243542671204,-2.9317739347334283e-8,1,-1.1162835278355488e-7,0.8727243542671204,-2.8912134908409827e-8,-0.4882132411003113]},{"pos":[-101.89474487304688,1018.7186889648438,-302.0315856933594,-0.4269425570964813,-8.514513893942422e-8,-0.9042787551879883,-1.699676310806808e-8,1,-8.613328361661843e-8,0.9042787551879883,-2.1404153116577619e-8,-0.4269425570964813]},{"pos":[-101.76567840576172,1018.7186889648438,-302.0185852050781,-0.40524980425834658,-7.166361370991581e-8,-0.9142059683799744,-1.2493020840054215e-8,1,-7.285099457021716e-8,0.9142059683799744,-1.8101657062175037e-8,-0.40524980425834658]},{"pos":[-101.50370788574219,1018.7186889648438,-301.9722900390625,-0.3748421370983124,-4.44933938581471e-8,-0.9270886778831482,-5.480595977047642e-9,1,-4.577667667149399e-8,0.9270886778831482,-1.2078029243411948e-8,-0.3748421370983124]},{"pos":[-101.24382019042969,1018.7186889648438,-301.9127197265625,-0.3546110987663269,-1.7148000353017779e-8,-0.9350138902664185,9.564236208570165e-11,1,-1.8376107746576055e-8,0.9350138902664185,-6.605798574810251e-9,-0.3546110987663269]},{"pos":[-100.98583221435547,1018.7186889648438,-301.84527587890627,-0.34092554450035097,1.0297439345663406e-8,-0.9400902986526489,4.92351182046491e-9,1,9.168148906724128e-9,0.9400902986526489,-1.5028930322458223e-9,-0.34092554450035097]},{"pos":[-100.60383605957031,1018.7186889648438,-301.7266845703125,-0.33179834485054018,5.1545473667147237e-8,-0.9433503150939941,1.1674643474179902e-8,1,5.053461293869077e-8,0.9433503150939941,5.754022591730745e-9,-0.33179834485054018]},{"pos":[-100.47850036621094,1018.7186889648438,-301.6812744140625,-0.332207053899765,6.529887741635321e-8,-0.9432064890861511,1.4037206064188013e-8,1,6.428668086755352e-8,0.9432064890861511,8.116504801591873e-9,-0.332207053899765]},{"pos":[-100.23348236083985,1018.7186889648438,-301.5761413574219,-0.3404228687286377,9.276532608737398e-8,-0.9402724504470825,1.9454304833743664e-8,1,9.161454528339164e-8,0.9402724504470825,1.2895341683361039e-8,-0.3404228687286377]},{"pos":[-99.99406433105469,1018.7186889648438,-301.4587707519531,-0.35396450757980349,1.2013849470804417e-7,-0.9352588653564453,2.5811683457277469e-8,1,1.1868593219332979e-7,0.9352588653564453,1.7870009472176208e-8,-0.35396450757980349]},{"pos":[-99.76124572753906,1018.7186889648438,-301.32879638671877,-0.3723171055316925,7.777130406338984e-8,-0.9281055927276611,1.7938218022095499e-8,1,7.6599690146395e-8,0.9281055927276611,1.1870815441739069e-8,-0.3723171055316925]},{"pos":[-99.5349349975586,1018.7186889648438,-301.18780517578127,-0.39407798647880556,3.565727979548683e-8,-0.9190769791603088,9.196139849620977e-9,1,3.485375543732516e-8,0.9190769791603088,5.2831357066907e-9,-0.39407798647880556]},{"pos":[-99.31985473632813,1018.7186889648438,-301.0302734375,-0.42183056473731997,-6.136997132699662e-9,-0.9066746830940247,-7.618934927400289e-10,1,-6.414215825145675e-9,0.9066746830940247,-2.0149228951993338e-9,-0.42183056473731997]},{"pos":[-99.01126861572266,1018.7186889648438,-300.77581787109377,-0.4675591289997101,-6.80589167245671e-8,-0.8839617967605591,-1.8922948541444385e-8,1,-6.698402899019129e-8,0.8839617967605591,-1.4591829078369756e-8,-0.4675591289997101]},{"pos":[-98.81208038330078,1018.7186889648438,-300.5985412597656,-0.49617281556129458,-1.0877251099827845e-7,-0.8682237863540649,-3.3052955927814767e-8,1,-1.0639253389399528e-7,0.8682237863540649,-2.4091722394814498e-8,-0.49617281556129458]},{"pos":[-98.61328887939453,1019.591796875,-300.4208068847656,-0.5241379141807556,-1.4902265377259028e-7,-0.8516333699226379,-4.87888272004966e-8,1,-1.4495742561848602e-7,0.8516333699226379,-3.442749374471532e-8,-0.5241379141807556]},{"pos":[-98.47006225585938,1020.2134399414063,-300.28131103515627,-0.5440427660942078,-1.2780331815065439e-7,-0.8390575051307678,-4.435063516439186e-8,1,-1.2356086642739684e-7,0.8390575051307678,-3.000965875799011e-8,-0.5440427660942078]},{"pos":[-98.28327941894531,1020.9945678710938,-300.0909729003906,-0.5690159797668457,-9.979130055626229e-8,-0.8223264813423157,-3.732017361812723e-8,1,-9.552839230764221e-8,0.8223264813423157,-2.36678161513737e-8,-0.5690159797668457]},{"pos":[-98.09907531738281,1021.72119140625,-299.8981628417969,-0.5918676853179932,-7.209428076748736e-8,-0.8060351610183716,-2.9089550324101766e-8,1,-6.808278385506128e-8,0.8060351610183716,-1.6848799688773398e-8,-0.5918676853179932]},{"pos":[-97.87197875976563,1022.5528564453125,-299.6541748046875,-0.6176066398620606,-3.7896995763730959e-8,-0.7864871025085449,-1.7329895740658686e-8,1,-3.457645547655375e-8,0.7864871025085449,-7.724908712702927e-9,-0.6176066398620606]},{"pos":[-97.69192504882813,1023.1568603515625,-299.45745849609377,-0.6355699896812439,-1.0860284227476314e-8,-0.7720432281494141,-6.903223770393652e-9,1,-8.383989502647183e-9,0.7720432281494141,9.759476213289098e-13,-0.6355699896812439]},{"pos":[-97.55780029296875,1023.5741577148438,-299.30908203125,-0.6474997997283936,9.245220589093606e-9,-0.762065589427948,1.4052894403704386e-9,1,1.0937767136454113e-8,0.762065589427948,6.0112803623724179e-9,-0.6474997997283936]},{"pos":[-97.33551025390625,1024.2015380859376,-299.0606689453125,-0.6652153730392456,4.245496754151645e-8,-0.7466515302658081,1.6007822623009816e-8,1,4.2598610860977718e-8,0.7466515302658081,1.6384984036221796e-8,-0.6652153730392456]},{"pos":[-97.15879821777344,1024.64208984375,-298.8609619140625,-0.677584707736969,6.877147740169676e-8,-0.7354447245597839,2.8234760307555008e-8,1,6.749662162519599e-8,0.7354447245597839,2.496957307585035e-8,-0.677584707736969]},{"pos":[-96.98271179199219,1025.0281982421876,-298.6606750488281,-0.6883406639099121,9.488663010870369e-8,-0.7253875732421875,4.081693916191398e-8,1,9.207583673287445e-8,0.7253875732421875,3.377144253136066e-8,-0.6883406639099121]},{"pos":[-96.80722045898438,1025.3597412109376,-298.45989990234377,-0.6977521181106567,1.2081969202881738e-7,-0.7163392901420593,5.367090594177171e-8,1,1.1638438479621982e-7,0.7163392901420593,4.276087040011589e-8,-0.6977521181106567]},{"pos":[-96.63229370117188,1025.6365966796876,-298.2586364746094,-0.7060237526893616,1.4658748170859327e-7,-0.7081881761550903,6.673000996215706e-8,1,1.4046339913420526e-7,0.7081881761550903,5.1913090715061119e-8,-0.7060237526893616]},{"pos":[-96.4577407836914,1025.8592529296876,-298.0570068359375,-0.7132591605186462,1.3923317965236493e-7,-0.7009003758430481,6.467706015200747e-8,1,1.3283153066367959e-7,0.7009003758430481,4.941113473933001e-8,-0.7132591605186462]},{"pos":[-96.28345489501953,1026.0272216796876,-297.85516357421877,-0.7195568680763245,9.902732500677303e-8,-0.6944335103034973,4.69460808005806e-8,1,9.39570838909276e-8,0.6944335103034973,3.50065363363683e-8,-0.7195568680763245]},{"pos":[-96.10933685302735,1026.1407470703126,-297.6531677246094,-0.7250153422355652,5.9011895814364837e-8,-0.6887327432632446,2.870810789090683e-8,1,5.5461395476186229e-8,0.6887327432632446,2.043814717467285e-8,-0.7250153422355652]},{"pos":[-95.93523406982422,1026.1998291015626,-297.4511413574219,-0.7296974062919617,1.9166970233186477e-8,-0.6837702393531799,1.0067654265810689e-8,1,1.7287428377699144e-8,0.6837702393531799,5.7306293044234739e-9,-0.7296974062919617]},{"pos":[-95.7611312866211,1026.2042236328126,-297.2491149902344,-0.7336966395378113,-2.0526071509152645e-8,-0.6794771552085877,-8.880954638357253e-9,1,-2.0619008722633226e-8,0.6794771552085877,-9.093692021622246e-9,-0.7336966395378113]},{"pos":[-95.58702850341797,1026.154296875,-297.0470886230469,-0.737112283706665,-6.00836571607033e-8,-0.6757702827453613,-2.805937704408734e-8,1,-5.8304944872134e-8,0.6757702827453613,-2.4015598398818839e-8,-0.737112283706665]},{"pos":[-95.41292572021485,1026.0498046875,-296.8450622558594,-0.7400311827659607,-9.952005797231323e-8,-0.6725725531578064,-4.74049954846123e-8,1,-9.58095682790372e-8,0.6725725531578064,-3.901876866052589e-8,-0.7400311827659607]},{"pos":[-95.23882293701172,1025.8907470703126,-296.6430358886719,-0.7425272464752197,-1.3884758232052264e-7,-0.6698158383369446,-6.686821762968975e-8,1,-1.3316511626726425e-7,0.6698158383369446,-5.408934100614715e-8,-0.7425272464752197]},{"pos":[-95.0647201538086,1025.6773681640626,-296.4410095214844,-0.7446629405021668,-1.271345837494664e-7,-0.66744065284729,-6.17033464322958e-8,1,-1.2163836515810545e-7,0.66744065284729,-4.939625952715687e-8,-0.7446629405021668]},{"pos":[-94.89061737060547,1025.4093017578126,-296.2389831542969,-0.7464913129806519,-9.848601223438891e-8,-0.665395200252533,-4.818446086574113e-8,1,-9.395428435254871e-8,0.665395200252533,-3.807434723057668e-8,-0.7464913129806519]},{"pos":[-94.71651458740235,1025.0869140625,-296.0369567871094,-0.7480571866035461,-6.989711209826055e-8,-0.6636342406272888,-3.455121699857955e-8,1,-6.637817051569073e-8,0.6636342406272888,-2.6725299306917806e-8,-0.7480571866035461]},{"pos":[-94.54241180419922,1024.7099609375,-295.8349304199219,-0.7493988275527954,-4.1362902436503649e-8,-0.6621188521385193,-2.0830839275731706e-8,1,-3.88937664297373e-8,0.6621188521385193,-1.5354451932125813e-8,-0.7493988275527954]},{"pos":[-94.3683090209961,1024.2783203125,-295.6329040527344,-0.7505487203598023,-1.2879064925641615e-8,-0.6608151197433472,-7.0453300970996228e-9,1,-1.1487633067019943e-8,0.6608151197433472,-3.9663672346534899e-9,-0.7505487203598023]},{"pos":[-94.19420623779297,1023.7923583984375,-295.4308776855469,-0.7515345811843872,1.555811479647673e-8,-0.659693717956543,6.78759759509262e-9,1,1.5851295387392385e-8,0.659693717956543,7.435061455396408e-9,-0.7515345811843872]},{"pos":[-94.02010345458985,1023.2518310546875,-295.2288513183594,-0.7523800134658814,4.395182173766443e-8,-0.6587293148040772,2.0653724064345626e-8,1,4.313208989970008e-8,0.6587293148040772,1.8846510130288153e-8,-0.7523800134658814]},{"pos":[-93.84600067138672,1022.6568603515625,-295.0268249511719,-0.753105103969574,7.230480747466572e-8,-0.6579002141952515,3.454167796235197e-8,1,7.036217652967025e-8,0.6579002141952515,3.026514150406001e-8,-0.753105103969574]},{"pos":[-93.6718978881836,1022.0073852539063,-294.8247985839844,-0.7537272572517395,1.0061942390393597e-7,-0.6571873426437378,4.844243051138619e-8,1,9.754759133784319e-8,0.6571873426437378,4.1688529961447787e-8,-0.7537272572517395]},{"pos":[-93.49779510498047,1021.3034057617188,-294.6227722167969,-0.7542610764503479,1.288977102831268e-7,-0.6565746665000916,6.234883187516971e-8,1,1.24693244174523e-7,0.6565746665000916,5.3114590059522018e-8,-0.7542610764503479]},{"pos":[-93.32369232177735,1020.544921875,-294.4207458496094,-0.7547191381454468,1.5714141454736819e-7,-0.6560479998588562,7.625528297694473e-8,1,1.518030643410384e-7,0.6560479998588562,6.454155254687066e-8,-0.7547191381454468]},{"pos":[-93.14958953857422,1019.73193359375,-294.2187194824219,-0.7551122903823853,1.1905778052323513e-7,-0.6555954813957214,5.7912554751737846e-8,1,1.1489905205053219e-7,0.6555954813957214,4.879447956795957e-8,-0.7551122903823853]},{"pos":[-92.9754867553711,1018.864501953125,-294.0166931152344,-0.7554497122764587,8.10171414400429e-8,-0.6552066206932068,3.954965066554905e-8,1,7.805075341593693e-8,0.6552066206932068,3.305022033828209e-8,-0.7554497122764587]},{"pos":[-92.80138397216797,1017.9425048828125,-293.8146667480469,-0.7557393908500671,4.3017980289050686e-8,-0.654872477054596,2.1174349384978087e-8,1,4.125336161564519e-8,0.654872477054596,1.7310291866579065e-8,-0.7557393908500671]},{"pos":[-92.64308166503906,1017.8038940429688,-293.6309814453125,-0.7559881210327148,5.058987451178609e-9,-0.6545853614807129,2.792920339445004e-9,1,4.5029620032721599e-9,0.6545853614807129,1.5759812344029456e-9,-0.7559881210327148]},{"pos":[-92.49180603027344,1017.8010864257813,-293.4554443359375,-0.7562016844749451,-3.2860963727898709e-8,-0.6543385982513428,-1.5589575852459349e-8,1,-3.220366551204279e-8,0.6543385982513428,-1.4151602556466969e-8,-0.7562016844749451]},{"pos":[-92.3298568725586,1017.7005004882813,-293.2675476074219,-0.7563850283622742,-7.074284980035373e-8,-0.6541266441345215,-3.396908354602601e-8,1,-6.886914150072698e-8,0.6541266441345215,-2.9871504381162597e-8,-0.7563850283622742]},{"pos":[-92.17330932617188,1017.681640625,-293.08587646484377,-0.756542444229126,-1.0858749988074124e-7,-0.6539446115493774,-5.234234734530219e-8,1,-1.054956157986453e-7,0.6539446115493774,-4.5582918772879569e-8,-0.756542444229126]},{"pos":[-92.03652954101563,1017.6812744140625,-292.9271545410156,-0.7566775679588318,-7.787294720174032e-8,-0.6537882089614868,-3.7619653170395398e-8,1,-7.557034109595406e-8,0.6537882089614868,-3.258709568854101e-8,-0.7566775679588318]},{"pos":[-91.87944030761719,1017.7675170898438,-292.7448425292969,-0.7567936778068543,-4.7187583618324427e-8,-0.6536538600921631,-2.2900033869177606e-8,1,-4.567705502722674e-8,0.6536538600921631,-1.959941009488375e-8,-0.7567936778068543]},{"pos":[-91.67613983154297,1017.8308715820313,-292.5090026855469,-0.7569172382354736,-8.871232637375215e-9,-0.6535107493400574,-4.507977546808206e-9,1,-8.353445046793695e-9,0.6535107493400574,-3.376854573744481e-9,-0.7569172382354736]},{"pos":[-91.5512924194336,1017.8487548828125,-292.3641357421875,-0.7569804787635803,1.409730998602754e-8,-0.6534374952316284,6.5220544520627758e-9,1,1.4018543659233274e-8,0.6534374952316284,6.350008519007133e-9,-0.7569804787635803]},{"pos":[-91.33509826660156,1017.8921508789063,-292.11328125,-0.7570708990097046,5.2343267498144999e-8,-0.6533327698707581,2.489499273394813e-8,1,5.126942070887708e-8,0.6533327698707581,2.254987130356767e-8,-0.7570708990097046]},{"pos":[-91.20974731445313,1017.8932495117188,-291.96783447265627,-0.7571173906326294,7.527004441953977e-8,-0.6532788872718811,3.591172159644884e-8,1,7.359897580272445e-8,0.6532788872718811,3.226269384981606e-8,-0.7571173906326294]},{"pos":[-91.03848266601563,1017.9089965820313,-291.7691345214844,-0.7571710348129273,1.0581506160178833e-7,-0.6532166600227356,5.059169083665438e-8,1,1.0334779432241703e-7,0.6532166600227356,4.520462226764721e-8,-0.7571710348129273]},{"pos":[-90.82664489746094,1017.9396362304688,-291.5233459472656,-0.7572274804115295,6.379686823265729e-8,-0.653151273727417,3.055895803072417e-8,1,6.224712478797301e-8,0.653151273727417,2.7175612871133127e-8,-0.7572274804115295]},{"pos":[-90.68102264404297,1017.8709106445313,-291.3531494140625,-0.7575716376304627,3.0219521107710537e-8,-0.6527519822120667,1.4562075101309802e-8,1,2.9395094358619646e-8,0.6527519822120667,1.2763465839782384e-8,-0.7575716376304627]},{"pos":[-90.51200103759766,1017.7168579101563,-291.15478515625,-0.7581561207771301,-1.1701493107807437e-8,-0.652073085308075,-5.447462925189939e-9,1,-1.1611375860809403e-8,0.652073085308075,-5.251092005664759e-9,-0.7581561207771301]},{"pos":[-90.42410278320313,1017.5835571289063,-291.05072021484377,-0.7587060332298279,-3.6821703019995769e-8,-0.6514331102371216,-1.7473832158998449e-8,1,-3.617286381540907e-8,0.6514331102371216,-1.606153787747644e-8,-0.7587060332298279]},{"pos":[-90.31069946289063,1017.358154296875,-290.9161682128906,-0.759557843208313,-7.027195181308343e-8,-0.6504397392272949,-3.3548229083635309e-8,1,-6.886130421435155e-8,0.6504397392272949,-3.048304364483556e-8,-0.759557843208313]},{"pos":[-90.19744873046875,1017.0782470703125,-290.7817687988281,-0.7604290246963501,-1.036712546920171e-7,-0.6494210362434387,-4.9666162738049027e-8,1,-1.0148064433224136e-7,0.6494210362434387,-4.491457517019626e-8,-0.7604290246963501]},{"pos":[-90.08419799804688,1016.7438354492188,-290.6473693847656,-0.7613012790679932,-7.27588655990985e-8,-0.6483983397483826,-3.497066813906713e-8,1,-7.115325928452876e-8,0.6483983397483826,-3.1494145957822187e-8,-0.7613012790679932]},{"pos":[-89.970947265625,1016.3549194335938,-290.5129699707031,-0.7621724009513855,-4.189384839037302e-8,-0.6473740935325623,-2.0235960462855475e-8,1,-4.088911964572617e-8,0.6473740935325623,-1.8064319817767683e-8,-0.7621724009513855]},{"pos":[-89.82194519042969,1015.9115600585938,-290.3159484863281,-0.7661978602409363,-1.1109037245660147e-8,-0.6426047682762146,-5.56042323296424e-9,1,-1.065764365648647e-8,0.6426047682762146,-4.5927088798691788e-9,-0.7661978602409363]},{"pos":[-89.67887878417969,1015.4136352539063,-290.11920166015627,-0.7719175815582275,1.952690631412679e-8,-0.6357226371765137,9.359613528658884e-9,1,1.9351295676983683e-8,0.6357226371765137,8.987487198908184e-9,-0.7719175815582275]},{"pos":[-89.53060913085938,1014.8612060546875,-289.9078674316406,-0.7783669233322144,4.998604907768822e-8,-0.6278095841407776,2.4655356867242518e-8,1,4.905171380187312e-8,0.6278095841407776,2.2701362567545403e-8,-0.7783669233322144]},{"pos":[-89.4078140258789,1014.330078125,-289.7275695800781,-0.7851679921150208,8.025259745636504e-8,-0.6192828416824341,4.0370036202830309e-8,1,7.840575477757739e-8,0.6192828416824341,3.6561214500352438e-8,-0.7851679921150208]},{"pos":[-89.28201293945313,1014.2549438476563,-289.5357971191406,-0.792331874370575,1.1031534086214379e-7,-0.6100903153419495,5.655146040339787e-8,1,1.0737397104776392e-7,0.6100903153419495,5.0574321619478727e-8,-0.792331874370575]},{"pos":[-89.14739227294922,1014.20849609375,-289.3227233886719,-0.799838662147522,7.428791803931745e-8,-0.6002150177955627,3.894626487976893e-8,1,7.186955741644852e-8,0.6002150177955627,3.410792004387986e-8,-0.799838662147522]},{"pos":[-89.02415466308594,1014.1075439453125,-289.11846923828127,-0.8078585863113403,3.853523011798643e-8,-0.5893763303756714,2.085356776149183e-8,1,3.679905802300709e-8,0.5893763303756714,1.7437834287648003e-8,-0.8078585863113403]},{"pos":[-88.89950561523438,1013.9520874023438,-288.90203857421877,-0.8162758946418762,3.0778175563739298e-9,-0.5776622891426086,2.1937816008232859e-9,1,2.2280948197561658e-9,0.5776622891426086,5.514748657731161e-10,-0.8162758946418762]},{"pos":[-88.77611541748047,1013.7905883789063,-288.6773681640625,-0.82499760389328,-3.206696774782358e-8,-0.565136194229126,-1.7096599691512894e-8,1,-3.1784043841298629e-8,0.565136194229126,-1.6559853932562875e-8,-0.82499760389328]},{"pos":[-88.65492248535156,1013.6685180664063,-288.4476623535156,-0.8337098956108093,-6.68866775299648e-8,-0.5522026419639587,-3.704451145836174e-8,1,-6.519761797108004e-8,0.5522026419639587,-3.3899826945571479e-8,-0.8337098956108093]},{"pos":[-88.53678131103516,1013.6627807617188,-288.2127990722656,-0.8424705266952515,-1.0137411265986884e-7,-0.5387424230575562,-5.7677116416243737e-8,1,-9.797417277468412e-8,0.5387424230575562,-5.146723935922637e-8,-0.8424705266952515]},{"pos":[-88.4256591796875,1013.7154541015625,-287.9787292480469,-0.8514541387557983,-7.225411025046924e-8,-0.5244290232658386,-4.229563899116329e-8,1,-6.910622829536806e-8,0.5244290232658386,-3.6659727697951897e-8,-0.8514541387557983]},{"pos":[-88.31657409667969,1013.7819213867188,-287.73681640625,-0.8604325652122498,-4.343696602404634e-8,-0.5095643401145935,-2.634012652436013e-8,1,-4.076632009741843e-8,0.5095643401145935,-2.1654678050708754e-8,-0.8604325652122498]},{"pos":[-88.22119140625,1013.88818359375,-287.5158386230469,-0.8691405057907105,-1.4926373026469265e-8,-0.49456527829170229,-9.78014469410482e-9,1,-1.2993336184763394e-8,0.49456527829170229,-6.456113421648979e-9,-0.8691405057907105]},{"pos":[-88.12126922607422,1013.9911499023438,-287.27655029296877,-0.8772789239883423,1.3282847710627266e-8,-0.47998088598251345,7.3686021728747168e-9,1,1.420583295441702e-8,0.47998088598251345,8.925690409000709e-9,-0.8772789239883423]},{"pos":[-88.0320053100586,1014.1333618164063,-287.0561218261719,-0.8848179578781128,4.120283492170529e-8,-0.46593689918518069,2.5052633745303866e-8,1,4.0854924776567717e-8,0.46593689918518069,2.4476223714486879e-8,-0.8848179578781128]},{"pos":[-87.94136047363281,1014.2833251953125,-286.8249816894531,-0.8918127417564392,6.884581438271198e-8,-0.45240476727485659,4.3219113621262298e-8,1,6.69808599695898e-8,0.45240476727485659,4.0181848959264246e-8,-0.8918127417564392]},{"pos":[-87.85289764404297,1014.4442749023438,-286.592041015625,-0.8983278870582581,9.622295493727506e-8,-0.4393256604671478,6.182416711908445e-8,1,9.260689637358155e-8,0.4393256604671478,5.603041941526499e-8,-0.8983278870582581]},{"pos":[-87.77164459228516,1014.6232299804688,-286.3749694824219,-0.9041470289230347,7.743745555899295e-8,-0.4272213876247406,5.076208253740333e-8,1,7.382839584124668e-8,0.4272213876247406,4.5065075227057608e-8,-0.9041470289230347]},{"pos":[-87.68353271484375,1014.781005859375,-286.13592529296877,-0.9093130826950073,4.356942895356042e-8,-0.41611263155937197,2.921096609043161e-8,1,4.087238281158534e-8,0.41611263155937197,2.501074014560345e-8,-0.9093130826950073]},{"pos":[-87.59407806396485,1014.917236328125,-285.890380859375,-0.9138789772987366,9.966803382610579e-9,-0.4059866964817047,7.146593539175683e-9,1,8.462547107512819e-9,0.4059866964817047,4.832321209846668e-9,-0.9138789772987366]},{"pos":[-87.50369262695313,1015.0252075195313,-285.6430969238281,-0.9177167415618897,-2.3397717541229214e-8,-0.3972354531288147,-1.5334739700278989e-8,1,-2.347416661052648e-8,0.3972354531288147,-1.545113370582385e-8,-0.9177167415618897]},{"pos":[-87.41314697265625,1015.0850830078125,-285.3956604003906,-0.9209244847297669,-5.655547496985491e-8,-0.38974109292030337,-3.8123051382399356e-8,1,-5.502889521835641e-8,0.38974109292030337,-3.5819336829945317e-8,-0.9209244847297669]},{"pos":[-87.32190704345703,1015.1393432617188,-285.1463623046875,-0.9236263036727905,-8.953264796218719e-8,-0.38329416513442995,-6.113217665415505e-8,1,-8.627672087868632e-8,0.38329416513442995,-5.625583909818488e-8,-0.9236263036727905]},{"pos":[-87.23155975341797,1015.1903076171875,-284.8995056152344,-0.9259101748466492,-7.651711797507233e-8,