{"a":[{"p":[-139.73687744140626,990.2281494140625,-301.8543395996094,1,0,0,0,1,0,0,0,1]},{"p":[-139.73687744140626,990.2281494140625,-301.8543395996094,1,0,0,0,1,0,0,0,1]},{"p":[-139.73687744140626,990.2281494140625,-301.8543395996094,1,0,0,0,1,0,0,0,1]},{"p":[-139.73687744140626,990.2281494140625,-301.8543395996094,1,0,0,0,1,0,0,0,1]},{"p":[-139.73687744140626,990.2281494140625,-301.8543395996094,1,0,0,0,1,0,0,0,1]},{"p":[-139.73687744140626,990.2281494140625,-301.8543395996094,1,0,0,0,1,0,0,0,1]},{"p":[-139.73687744140626,990.2281494140625,-301.8543395996094,1,0,0,0,1,0,0,0,1]},{"p":[-139.73687744140626,990.2281494140625,-301.8543395996094,1,0,0,0,1,0,0,0,1]},{"p":[-139.73687744140626,990.2281494140625,-301.8543395996094,1,0,0,0,1,0,0,0,1]},{"p":[-139.73687744140626,990.2281494140625,-301.8543395996094,1,0,0,0,1,0,0,0,1]},{"p":[-139.73687744140626,990.2281494140625,-301.8543395996094,1,0,0,0,1,0,0,0,1]},{"p":[-139.73687744140626,990.2281494140625,-301.8543395996094,1,0,0,0,1,0,0,0,1]},{"p":[-139.73687744140626,990.2281494140625,-301.8543395996094,1,0,0,0,1,0,0,0,1]},{"p":[-139.73687744140626,990.2281494140625,-301.8543395996094,1,0,0,0,1,0,0,0,1]},{"p":[-139.73687744140626,990.2281494140625,-301.8543395996094,1,0,0,0,1,0,0,0,1]},{"p":[-139.73687744140626,990.2281494140625,-301.8543395996094,1,0,0,0,1,0,0,0,1]},{"p":[-139.73687744140626,990.2281494140625,-301.8543395996094,1,0,0,0,1,0,0,0,1]},{"p":[-139.73687744140626,990.2281494140625,-301.8543395996094,1,0,0,0,1,0,0,0,1]},{"p":[-139.73687744140626,990.2281494140625,-301.8543395996094,1,0,0,0,1,0,0,0,1]},{"p":[-139.73687744140626,990.2281494140625,-301.8543395996094,1,0,0,0,1,0,0,0,1]},{"p":[-139.73687744140626,990.2281494140625,-301.8543395996094,1,0,0,0,1,0,0,0,1]},{"p":[-139.73687744140626,990.2281494140625,-301.8543395996094,1,0,0,0,1,0,0,0,1]},{"p":[-139.73687744140626,990.2281494140625,-301.8543395996094,1,0,0,0,1,0,0,0,1]},{"p":[-139.73687744140626,990.2281494140625,-301.8543395996094,1,0,0,0,1,0,0,0,1]},{"p":[-139.73687744140626,990.2281494140625,-301.8543395996094,1,0,0,0,1,0,0,0,1]},{"p":[-139.73687744140626,990.2281494140625,-301.8543395996094,1,0,0,0,1,0,0,0,1]},{"p":[-139.73687744140626,990.2281494140625,-301.8543395996094,1,0,0,0,1,0,0,0,1]},{"p":[-139.73687744140626,990.2281494140625,-301.8543395996094,1,0,0,0,1,0,0,0,1]},{"p":[-139.73687744140626,990.2281494140625,-301.8543395996094,1,0,0,0,1,0,0,0,1]},{"p":[-139.73687744140626,990.2281494140625,-301.8543395996094,1,0,0,0,1,0,0,0,1]},{"p":[-139.73687744140626,990.2281494140625,-301.8543395996094,1,0,0,0,1,0,0,0,1]},{"p":[-139.73687744140626,990.2281494140625,-301.8543395996094,1,0,0,0,1,0,0,0,1]},{"p":[-139.73687744140626,990.2281494140625,-301.8543395996094,1,0,0,0,1,0,0,0,1]},{"p":[-139.73687744140626,990.2281494140625,-301.8543395996094,1,0,0,0,1,0,0,0,1]},{"p":[-139.73687744140626,990.2281494140625,-301.8543395996094,1,0,0,0,1,0,0,0,1]},{"p":[-139.73687744140626,990.2281494140625,-301.8543395996094,1,0,0,0,1,0,0,0,1]},{"p":[-139.73687744140626,990.2281494140625,-301.8543395996094,1,0,0,0,1,0,0,0,1]},{"p":[-139.73687744140626,990.2281494140625,-301.8543395996094,1,0,0,0,1,0,0,0,1]},{"p":[-139.73687744140626,990.2281494140625,-301.8543395996094,1,0,0,0,1,0,0,0,1]},{"p":[-139.73687744140626,990.2281494140625,-301.8543395996094,1,0,0,0,1,0,0,0,1]},{"p":[-139.73687744140626,990.2281494140625,-301.8543395996094,1,0,0,0,1,0,0,0,1]},{"p":[-139.73687744140626,990.2281494140625,-301.8543395996094,1,0,0,0,1,0,0,0,1]},{"p":[-139.73687744140626,990.2281494140625,-301.8543395996094,1,0,0,0,1,0,0,0,1]},{"p":[-139.73687744140626,990.2281494140625,-301.8543395996094,1,0,0,0,1,0,0,0,1]},{"p":[-139.73687744140626,990.2281494140625,-301.8543395996094,1,0,0,0,1,0,0,0,1]},{"p":[-139.73687744140626,990.2281494140625,-301.8543395996094,1,0,0,0,1,0,0,0,1]},{"p":[-139.73687744140626,990.2281494140625,-301.8543395996094,1,0,0,0,1,0,0,0,1]},{"p":[-139.73687744140626,990.2281494140625,-301.8543395996094,1,0,0,0,1,0,0,0,1]},{"p":[-139.73687744140626,990.2281494140625,-301.8543395996094,1,0,0,0,1,0,0,0,1]},{"p":[-139.73687744140626,990.2281494140625,-301.8543395996094,1,0,0,0,1,0,0,0,1]},{"p":[-139.73687744140626,990.2281494140625,-301.8543395996094,1,0,0,0,1,0,0,0,1]},{"p":[-139.73687744140626,990.2281494140625,-301.8543395996094,1,0,0,0,1,0,0,0,1]},{"p":[-139.73687744140626,990.2281494140625,-301.8543395996094,1,0,0,0,1,0,0,0,1]},{"p":[-139.73687744140626,990.2281494140625,-301.8543395996094,1,0,0,0,1,0,0,0,1]},{"p":[-139.73687744140626,990.2281494140625,-301.8543395996094,1,0,0,0,1,0,0,0,1]},{"p":[-139.73687744140626,990.2281494140625,-301.8543395996094,1,0,0,0,1,0,0,0,1]},{"p":[-139.73687744140626,990.2281494140625,-301.8543395996094,1,0,0,0,1,0,0,0,1]},{"p":[-139.73687744140626,990.2281494140625,-301.8543395996094,1,0,0,0,1,0,0,0,1]},{"p":[-139.73687744140626,990.2281494140625,-301.8543395996094,1,0,0,0,1,0,0,0,1]},{"p":[-139.73687744140626,990.2281494140625,-301.8543395996094,1,0,0,0,1,0,0,0,1]},{"p":[-139.73687744140626,990.2281494140625,-301.8543395996094,1,0,0,0,1,0,0,0,1]},{"p":[-139.73687744140626,990.2281494140625,-301.8543395996094,1,0,0,0,1,0,0,0,1]},{"p":[-139.73687744140626,990.2281494140625,-301.8543395996094,1,0,0,0,1,0,0,0,1]},{"p":[-139.73687744140626,990.2281494140625,-301.8543395996094,1,0,0,0,1,0,0,0,1]},{"p":[-139.73687744140626,990.2281494140625,-301.8543395996094,1,0,0,0,1,0,0,0,1]},{"p":[-139.73687744140626,990.2281494140625,-301.8543395996094,1,0,0,0,1,0,0,0,1]},{"p":[-139.73687744140626,990.2281494140625,-301.8543395996094,1,0,0,0,1,0,0,0,1]},{"p":[-139.73687744140626,990.2281494140625,-301.8543395996094,1,0,0,0,1,0,0,0,1]},{"p":[-139.73687744140626,990.2281494140625,-301.8543395996094,1,0,0,0,1,0,0,0,1]},{"p":[-139.73687744140626,990.2281494140625,-301.8543395996094,1,0,0,0,1,0,0,0,1]},{"p":[-139.73687744140626,990.2281494140625,-301.8543395996094,1,0,0,0,1,0,0,0,1]},{"p":[-139.73687744140626,990.2281494140625,-301.8543395996094,1,0,0,0,1,0,0,0,1]},{"p":[-139.73687744140626,990.2281494140625,-301.8543395996094,1,0,0,0,1,0,0,0,1]},{"p":[-139.73687744140626,990.2281494140625,-301.8543395996094,1,0,0,0,1,0,0,0,1]},{"p":[-139.73687744140626,990.2281494140625,-301.8543395996094,1,0,0,0,1,0,0,0,1]},{"p":[-139.73687744140626,990.2281494140625,-301.8543395996094,1,0,0,0,1,0,0,0,1]},{"p":[-139.73687744140626,990.2281494140625,-301.8543395996094,1,0,0,0,1,0,0,0,1]},{"p":[-139.73687744140626,990.2281494140625,-301.8543395996094,1,0,0,0,1,0,0,0,1]},{"p":[-139.73687744140626,990.2281494140625,-301.8543395996094,1,0,0,0,1,0,0,0,1]},{"p":[-139.73687744140626,990.2281494140625,-301.8543395996094,1,0,0,0,1,0,0,0,1]},{"p":[-139.73687744140626,990.2281494140625,-301.8543395996094,1,0,0,0,1,0,0,0,1]},{"p":[-139.73687744140626,990.2281494140625,-301.8543395996094,1,0,0,0,1,0,0,0,1]},{"p":[-139.73687744140626,990.2281494140625,-301.8543395996094,1,0,0,0,1,0,0,0,1]},{"p":[-139.73687744140626,990.2281494140625,-301.8543395996094,1,0,0,0,1,0,0,0,1]},{"p":[-139.73687744140626,990.2281494140625,-301.8543395996094,1,0,0,0,1,0,0,0,1]},{"p":[-139.73687744140626,990.2281494140625,-301.8543395996094,1,0,0,0,1,0,0,0,1]},{"p":[-139.73687744140626,990.2281494140625,-301.8543395996094,1,0,0,0,1,0,0,0,1]},{"p":[-139.73687744140626,990.2281494140625,-301.8543395996094,1,0,0,0,1,0,0,0,1]},{"p":[-139.73330688476563,990.2281494140625,-301.82684326171877,0.961789608001709,0,-0.27378958463668826,0,1,0,0.27378958463668826,0,0.961789608001709]},{"p":[-139.73272705078126,990.2281494140625,-301.8223571777344,0.9298176169395447,0,-0.368020623922348,0,1,0,0.368020623922348,0,0.9298176169395447]},{"p":[-139.7327117919922,990.2281494140625,-301.8221130371094,0.9215849041938782,0,-0.388176828622818,0,1,0,0.388176828622818,0,0.9215849041938782]},{"p":[-139.7327117919922,990.2281494140625,-301.8221130371094,0.9205511808395386,0,-0.39062193036079409,0,1,0,0.39062193036079409,0,0.9205511808395386]},{"p":[-139.7327117919922,990.2281494140625,-301.8221130371094,0.9204849004745483,0,-0.39077815413475039,0,1,0,0.39077815413475039,0,0.9204849004745483]},{"p":[-139.7327117919922,990.2281494140625,-301.8221130371094,0.9204772114753723,0,-0.3907962441444397,0,1,0,0.3907962441444397,0,0.9204772114753723]},{"p":[-139.7327117919922,990.2281494140625,-301.8221130371094,0.9204763174057007,0,-0.39079830050468447,0,1,0,0.39079830050468447,0,0.9204763174057007]},{"p":[-139.7327117919922,990.2281494140625,-301.8221130371094,0.9204762578010559,0,-0.39079856872558596,0,1,0,0.39079856872558596,0,0.9204762578010559]},{"p":[-139.7327117919922,990.2281494140625,-301.8221130371094,0.9204761981964111,0,-0.3907985985279083,0,1,0,0.3907985985279083,0,0.9204761981964111]},{"p":[-139.7327117919922,990.2281494140625,-301.8221130371094,0.9204761981964111,0,-0.3907985985279083,0,1,0,0.3907985985279083,0,0.9204761981964111]},{"p":[-139.7327117919922,990.2281494140625,-301.8221130371094,0.9204761981964111,0,-0.3907985985279083,0,1,0,0.3907985985279083,0,0.9204761981964111]},{"p":[-139.7327117919922,990.2281494140625,-301.8221130371094,0.9204761981964111,0,-0.3907985985279083,0,1,0,0.3907985985279083,0,0.9204761981964111]},{"p":[-139.7327117919922,990.2281494140625,-301.8221130371094,0.9204761981964111,0,-0.3907985985279083,0,1,0,0.3907985985279083,0,0.9204761981964111]},{"p":[-139.7327117919922,990.2281494140625,-301.8221130371094,0.9204761981964111,0,-0.3907985985279083,0,1,0,0.3907985985279083,0,0.9204761981964111]},{"p":[-139.7327117919922,990.2281494140625,-301.8221130371094,0.9204761981964111,0,-0.3907985985279083,0,1,0,0.3907985985279083,0,0.9204761981964111]},{"p":[-139.7327117919922,990.2281494140625,-301.8221130371094,0.9204761981964111,0,-0.3907985985279083,0,1,0,0.3907985985279083,0,0.9204761981964111]},{"p":[-139.7327117919922,990.2281494140625,-301.8221130371094,0.9204761981964111,0,-0.3907985985279083,0,1,0,0.3907985985279083,0,0.9204761981964111]},{"p":[-139.7327117919922,990.2281494140625,-301.8221130371094,0.9204761981964111,0,-0.3907985985279083,0,1,0,0.3907985985279083,0,0.9204761981964111]},{"p":[-139.7327117919922,990.2281494140625,-301.8221130371094,0.9204761981964111,0,-0.3907985985279083,0,1,0,0.3907985985279083,0,0.9204761981964111]},{"p":[-139.7327117919922,990.2281494140625,-301.8221130371094,0.9204761981964111,0,-0.3907985985279083,0,1,0,0.3907985985279083,0,0.9204761981964111]},{"p":[-139.7327117919922,990.2281494140625,-301.8221130371094,0.9204761981964111,0,-0.3907985985279083,0,1,0,0.3907985985279083,0,0.9204761981964111]},{"p":[-139.7327117919922,990.2281494140625,-301.8221130371094,0.9204761981964111,0,-0.3907985985279083,0,1,0,0.3907985985279083,0,0.9204761981964111]},{"p":[-139.6119842529297,990.2281494140625,-301.8188781738281,0.8548994660377502,0,-0.5187937021255493,0,1,0,0.5187937021255493,0,0.8548994660377502]},{"p":[-139.3733367919922,990.2281494140625,-301.8016357421875,0.769368052482605,0,-0.6388057470321655,0,1,0,0.6388057470321655,0,0.769368052482605]},{"p":[-139.11024475097657,990.2281494140625,-301.76788330078127,0.6758280992507935,0,-0.7370592355728149,0,1,0,0.7370592355728149,0,0.6758280992507935]},{"p":[-138.84852600097657,990.2281494140625,-301.7171325683594,0.5777891278266907,0,-0.8161860704421997,0,1,0,0.8161860704421997,0,0.5777891278266907]},{"p":[-138.59283447265626,990.2281494140625,-301.6417541503906,0.4743879437446594,0,-0.880315899848938,0,1,0,0.880315899848938,0,0.4743879437446594]},{"p":[-138.3396453857422,990.2281494140625,-301.55810546875,0.3749430477619171,0,-0.927047848701477,0,1,0,0.927047848701477,0,0.3749430477619171]},{"p":[-138.0930633544922,990.2281494140625,-301.4567565917969,0.2762107849121094,0,-0.9610970616340637,0,1,0,0.9610970616340637,0,0.2762107849121094]},{"p":[-137.8534698486328,990.2281494140625,-301.33978271484377,0.1798073798418045,0,-0.9837018251419067,0,1,0,0.9837018251419067,0,0.1798073798418045]},{"p":[-137.61944580078126,990.2281494140625,-301.21197509765627,0.08875802904367447,0,-0.9960532188415527,0,1,0,0.9960532188415527,0,0.08875802904367447]},{"p":[-137.3905029296875,990.2281494140625,-301.07525634765627,0.0041673630475997929,0,-0.9999912977218628,0,1,0,0.9999912977218628,0,0.0041673630475997929]},{"p":[-137.1662139892578,990.2281494140625,-300.9309997558594,-0.07353085279464722,0,-0.9972929358482361,0,1,0,0.9972929358482361,0,-0.07353085279464722]},{"p":[-136.94639587402345,990.2281494140625,-300.7800598144531,-0.144431009888649,0,-0.9895148873329163,0,1,0,0.9895148873329163,0,-0.144431009888649]},{"p":[-136.72926330566407,990.2281494140625,-300.6252746582031,-0.20754335820674897,0,-0.978225827217102,0,1,0,0.978225827217102,0,-0.20754335820674897]},{"p":[-136.51368713378907,990.2281494140625,-300.46832275390627,-0.2627730667591095,0,-0.9648576378822327,0,1,0,0.9648576378822327,0,-0.2627730667591095]},{"p":[-136.29891967773438,990.2281494140625,-300.31024169921877,-0.31054240465164187,0,-0.9505595564842224,0,1,0,0.9505595564842224,0,-0.31054240465164187]},{"p":[-136.084228515625,990.2281494140625,-300.152099609375,-0.3513036370277405,0,-0.9362615942955017,0,1,0,0.9362615942955017,0,-0.3513036370277405]},{"p":[-135.86953735351563,990.2281494140625,-299.993896484375,-0.3860326111316681,0,-0.9224851131439209,0,1,0,0.9224851131439209,0,-0.3860326111316681]},{"p":[-135.65484619140626,990.2281494140625,-299.835693359375,-0.4156336188316345,0,-0.9095321297645569,0,1,0,0.9095321297645569,0,-0.4156336188316345]},{"p":[-135.440185546875,990.2281494140625,-299.677490234375,-0.4408864676952362,0,-0.8975628614425659,0,1,0,0.8975628614425659,0,-0.4408864676952362]},{"p":[-135.22552490234376,990.2281494140625,-299.519287109375,-0.46244940161705019,0,-0.8866456747055054,0,1,0,0.8866456747055054,0,-0.46244940161705019]},{"p":[-135.0108642578125,990.2281494140625,-299.361083984375,-0.4808829724788666,0,-0.8767848014831543,0,1,0,0.8767848014831543,0,-0.4808829724788666]},{"p":[-134.7962188720703,990.2281494140625,-299.20281982421877,-0.49665743112564089,0,-0.8679466247558594,0,1,0,0.8679466247558594,0,-0.49665743112564089]},{"p":[-134.5815887451172,990.2281494140625,-299.0445556640625,-0.5101736187934876,0,-0.8600714802742004,0,1,0,0.8600714802742004,0,-0.5101736187934876]},{"p":[-134.36758422851563,990.2281494140625,-298.8854675292969,-0.5221975445747376,0,-0.8528245687484741,0,1,0,0.8528245687484741,0,-0.5221975445747376]},{"p":[-134.1565704345703,990.2281494140625,-298.722412109375,-0.5345904231071472,0,-0.8451112508773804,0,1,0,0.8451112508773804,0,-0.5345904231071472]},{"p":[-133.95025634765626,990.2281494140625,-298.553466796875,-0.5483733415603638,0,-0.8362336158752441,0,1,0,0.8362336158752441,0,-0.5483733415603638]},{"p":[-133.6927490234375,991.3118896484375,-298.3418273925781,-0.5655208826065064,0,-0.8247339725494385,0,1,0,0.8247339725494385,0,-0.5655208826065064]},{"p":[-133.495361328125,992.1202392578125,-298.1626281738281,-0.580618143081665,0,-0.8141760230064392,0,1,0,0.8141760230064392,0,-0.580618143081665]},{"p":[-133.30491638183595,992.8741455078125,-297.97601318359377,-0.5973371267318726,0,-0.8019902110099793,0,1,0,0.8019902110099793,0,-0.5973371267318726]},{"p":[-133.12176513671876,993.5735473632813,-297.7822265625,-0.6156598925590515,0,-0.7880119681358337,0,1,0,0.7880119681358337,0,-0.6156598925590515]},{"p":[-132.94390869140626,994.2184448242188,-297.58355712890627,-0.6343685388565064,0,-0.7730307579040527,0,1,0,0.7730307579040527,0,-0.6343685388565064]},{"p":[-132.72682189941407,994.9479370117188,-297.33062744140627,-0.6569732427597046,0,-0.7539138793945313,0,1,0,0.7539138793945313,0,-0.6569732427597046]},{"p":[-132.55609130859376,995.47021484375,-297.12579345703127,-0.6735039949417114,0,-0.7391836047172546,0,1,0,0.7391836047172546,0,-0.6735039949417114]},{"p":[-132.3883056640625,995.93798828125,-296.91851806640627,-0.6887717843055725,0,-0.7249782085418701,0,1,0,0.7249782085418701,0,-0.6887717843055725]},{"p":[-132.30545043945313,996.1514282226563,-296.8140563964844,-0.6959124803543091,0,-0.7181265950202942,0,1,0,0.7181265950202942,0,-0.6959124803543091]},{"p":[-132.1417999267578,996.5374145507813,-296.603515625,-0.70950847864151,0,-0.7046968936920166,0,1,0,0.7046968936920166,0,-0.70950847864151]},{"p":[-131.97840881347657,996.8689575195313,-296.3927001953125,-0.7214921712875366,0,-0.6924225687980652,0,1,0,0.6924225687980652,0,-0.7214921712875366]},{"p":[-131.81651306152345,997.14599609375,-296.1808166503906,-0.7322142124176025,0,-0.6810743808746338,0,1,0,0.6810743808746338,0,-0.7322142124176025]},{"p":[-131.61595153808595,997.4156494140625,-295.91455078125,-0.7442530393600464,0,-0.6678977608680725,0,1,0,0.6678977608680725,0,-0.7442530393600464]},{"p":[-131.45677185058595,997.570068359375,-295.7005615234375,-0.7527844309806824,0,-0.6582671403884888,0,1,0,0.6582671403884888,0,-0.7527844309806824]},{"p":[-131.33810424804688,997.6500854492188,-295.5395812988281,-0.7585365176200867,0,-0.6516305804252625,0,1,0,0.6516305804252625,0,-0.7585365176200867]},{"p":[-131.14112854003907,997.71533203125,-295.2706604003906,-0.76715087890625,0,-0.6414666771888733,0,1,0,0.6414666771888733,0,-0.76715087890625]},{"p":[-130.9835968017578,997.7062377929688,-295.0554504394531,-0.7729989886283875,0,-0.6344072818756104,0,1,0,0.6344072818756104,0,-0.7729989886283875]},{"p":[-130.86573791503907,997.6636352539063,-294.8938903808594,-0.7768304944038391,0,-0.629709780216217,0,1,0,0.629709780216217,0,-0.7768304944038391]},{"p":[-130.70919799804688,997.5591430664063,-294.677978515625,-0.7814899682998657,0,-0.623917818069458,0,1,0,0.623917818069458,0,-0.7814899682998657]},{"p":[-130.55276489257813,997.4002075195313,-294.4620361328125,-0.7855740785598755,0,-0.6187676191329956,0,1,0,0.6187676191329956,0,-0.7855740785598755]},{"p":[-130.35791015625,997.1248168945313,-294.1915588378906,-0.7901301980018616,0,-0.6129390597343445,0,1,0,0.6129390597343445,0,-0.7901301980018616]},{"p":[-130.24151611328126,996.918701171875,-294.0289001464844,-0.7926276922225952,0,-0.6097059845924377,0,1,0,0.6097059845924377,0,-0.7926276922225952]},{"p":[-130.05047607421876,996.507080078125,-293.7557373046875,-0.797186553478241,0,-0.6037330627441406,0,1,0,0.6037330627441406,0,-0.797186553478241]},{"p":[-129.9005584716797,996.116455078125,-293.5351867675781,-0.8012791275978088,0,-0.598290741443634,0,1,0,0.598290741443634,0,-0.8012791275978088]},{"p":[-129.79190063476563,995.7877807617188,-293.3673095703125,-0.8051224946975708,0,-0.593108594417572,0,1,0,0.593108594417572,0,-0.8051224946975708]},{"p":[-129.65365600585938,995.3018188476563,-293.1393127441406,-0.8118807077407837,0,-0.5838233828544617,0,1,0,0.5838233828544617,0,-0.8118807077407837]},{"p":[-129.51638793945313,994.7612915039063,-292.9106750488281,-0.8184769153594971,0,-0.5745394229888916,0,1,0,0.5745394229888916,0,-0.8184769153594971]},{"p":[-129.35223388671876,994.009033203125,-292.62060546875,-0.827579915523529,0,-0.5613479614257813,0,1,0,0.5613479614257813,0,-0.827579915523529]},{"p":[-129.25901794433595,993.516845703125,-292.4436950683594,-0.8337361812591553,0,-0.5521630048751831,0,1,0,0.5521630048751831,0,-0.8337361812591553]},{"p":[-129.1214141845703,992.6283569335938,-292.1401672363281,-0.8475784659385681,0,-0.5306700468063355,0,1,0,0.5306700468063355,0,-0.8475784659385681]},{"p":[-129.0487518310547,992.0543823242188,-291.9648742675781,-0.8564385175704956,0,-0.5162490606307983,0,1,0,0.5162490606307983,0,-0.8564385175704956]},{"p":[-128.9556427001953,991.9398803710938,-291.72119140625,-0.8684524893760681,0,-0.4957723617553711,0,1,0,0.4957723617553711,0,-0.8684524893760681]},{"p":[-128.86785888671876,991.9376220703125,-291.4712829589844,-0.8803162574768066,0,-0.4743873178958893,0,1,0,0.4743873178958893,0,-0.8803162574768066]},{"p":[-128.78724670410157,991.8370361328125,-291.2216491699219,-0.8917661309242249,0,-0.45249658823013308,0,1,0,0.45249658823013308,0,-0.8917661309242249]},{"p":[-128.70889282226563,991.6746215820313,-290.9757995605469,-0.9017122387886047,0,-0.4323367476463318,0,1,0,0.4323367476463318,0,-0.9017122387886047]},{"p":[-128.65240478515626,991.6477661132813,-290.7826843261719,-0.911098301410675,0,-0.41218918561935427,0,1,0,0.41218918561935427,0,-0.911098301410675]},{"p":[-128.57679748535157,991.6527099609375,-290.48565673828127,-0.9227786064147949,0,-0.38533052802085879,0,1,0,0.38533052802085879,0,-0.9227786064147949]},{"p":[-128.51539611816407,992.515625,-290.24139404296877,-0.9316532611846924,0,-0.3633486032485962,0,1,0,0.3633486032485962,0,-0.9316532611846924]},{"p":[-128.4777069091797,993.1270141601563,-290.0484924316406,-0.9384559392929077,0,-0.3453989624977112,0,1,0,0.3453989624977112,0,-0.9384559392929077]},{"p":[-128.43716430664063,993.89453125,-289.7851257324219,-0.9473977088928223,0,-0.3200587332248688,0,1,0,0.3200587332248688,0,-0.9473977088928223]},{"p":[-128.38783264160157,994.7772827148438,-289.4555358886719,-0.9567636847496033,0,-0.2908664345741272,0,1,0,0.2908664345741272,0,-0.9567636847496033]},{"p":[-128.35252380371095,995.4221801757813,-289.19122314453127,-0.963085412979126,0,-0.26919591426849368,0,1,0,0.26919591426849368,0,-0.963085412979126]},{"p":[-128.32342529296876,996.0125732421875,-288.9261779785156,-0.9688313007354736,0,-0.24772144854068757,0,1,0,0.24772144854068757,0,-0.9688313007354736]},{"p":[-128.2978973388672,996.5484619140625,-288.6607360839844,-0.9738781452178955,0,-0.2270711362361908,0,1,0,0.2270711362361908,0,-0.9738781452178955]},{"p":[-128.27439880371095,997.0299072265625,-288.3951110839844,-0.9781308174133301,0,-0.2079906165599823,0,1,0,0.2079906165599823,0,-0.9781308174133301]},{"p":[-128.2511444091797,997.456787109375,-288.1294860839844,-0.9815598130226135,0,-0.19115540385246278,0,1,0,0.19115540385246278,0,-0.9815598130226135]},{"p":[-128.22848510742188,997.8291625976563,-287.8637390136719,-0.9843246340751648,0,-0.17636613547801972,0,1,0,0.17636613547801972,0,-0.9843246340751648]},{"p":[-128.20733642578126,998.1470336914063,-287.597900390625,-0.9866356253623962,0,-0.16294197738170625,0,1,0,0.16294197738170625,0,-0.9866356253623962]},{"p":[-128.18673706054688,998.4104614257813,-287.33203125,-0.9885343313217163,0,-0.15099646151065827,0,1,0,0.15099646151065827,0,-0.9885343313217163]},{"p":[-128.16676330566407,998.619384765625,-287.066162109375,-0.9900959134101868,0,-0.14039240777492524,0,1,0,0.14039240777492524,0,-0.9900959134101868]},{"p":[-128.14776611328126,998.7738037109375,-286.8001708984375,-0.9914078712463379,0,-0.13080687820911408,0,1,0,0.13080687820911408,0,-0.9914078712463379]},{"p":[-128.12890625,998.8736572265625,-286.5341796875,-0.99248206615448,0,-0.12239014357328415,0,1,0,0.12239014357328415,0,-0.99248206615448]},{"p":[-128.11074829101563,998.9190673828125,-286.26812744140627,-0.9933840036392212,0,-0.11483984440565109,0,1,0,0.11483984440565109,0,-0.9933840036392212]},{"p":[-128.0930633544922,998.9099731445313,-286.00201416015627,-0.9941427707672119,0,-0.10807450115680695,0,1,0,0.10807450115680695,0,-0.9941427707672119]},{"p":[-128.07542419433595,998.8463745117188,-285.73590087890627,-0.9947665333747864,0,-0.10217417776584625,0,1,0,0.10217417776584625,0,-0.9947665333747864]},{"p":[-128.06219482421876,998.7628784179688,-285.53631591796877,-0.9951551556587219,0,-0.09831707179546356,0,1,0,0.09831707179546356,0,-0.9951551556587219]},{"p":[-128.04014587402345,998.5556640625,-285.20367431640627,-0.9956918358802795,0,-0.09272446483373642,0,1,0,0.09272446483373642,0,-0.9956918358802795]},{"p":[-128.0225067138672,998.3285522460938,-284.93756103515627,-0.9960379004478455,0,-0.08892995864152909,0,1,0,0.08892995864152909,0,-0.9960379004478455]},{"p":[-128.00486755371095,998.0469360351563,-284.67144775390627,-0.9963209629058838,0,-0.08570043742656708,0,1,0,0.08570043742656708,0,-0.9963209629058838]},{"p":[-127.98725128173828,997.7108154296875,-284.40533447265627,-0.9965553283691406,0,-0.08293089270591736,0,1,0,0.08293089270591736,0,-0.9965553283691406]},{"p":[-127.96964263916016,997.3201904296875,-284.13922119140627,-0.9967503547668457,0,-0.08055241405963898,0,1,0,0.08055241405963898,0,-0.9967503547668457]},{"p":[-127.95203399658203,996.8751220703125,-283.87310791015627,-0.9969133734703064,0,-0.07850930839776993,0,1,0,0.07850930839776993,0,-0.9969133734703064]},{"p":[-127.9344253540039,996.3755493164063,-283.60699462890627,-0.9970500469207764,0,-0.07675421983003617,0,1,0,0.07675421983003617,0,-0.9970500469207764]},{"p":[-127.91681671142578,995.8214111328125,-283.34088134765627,-0.9971649646759033,0,-0.07524656504392624,0,1,0,0.07524656504392624,0,-0.9971649646759033]},{"p":[-127.90271759033203,995.2127685546875,-283.12786865234377,-0.9972618222236633,0,-0.07395148277282715,0,1,0,0.07395148277282715,0,-0.9972618222236633]},{"p":[-127.88683319091797,994.5496826171875,-282.8880310058594,-0.9973437190055847,0,-0.07283902913331986,0,1,0,0.07283902913331986,0,-0.9973437190055847]},{"p":[-127.87398529052735,994.0166015625,-282.6939392089844,-0.9973964095115662,0,-0.07211406528949738,0,1,0,0.07211406528949738,0,-0.9973964095115662]},{"p":[-127.85298919677735,993.499267578125,-282.37677001953127,-0.9974717497825623,0,-0.07106396555900574,0,1,0,0.07106396555900574,0,-0.9974717497825623]},{"p":[-127.83426666259766,993.5880737304688,-282.115478515625,-0.997481107711792,0,-0.07093247771263123,0,1,0,0.07093247771263123,0,-0.997481107711792]},{"p":[-127.79917907714844,993.6986083984375,-281.8543395996094,-0.996979832649231,0,-0.07766100019216538,0,1,0,0.07766100019216538,0,-0.996979832649231]},{"p":[-127.74560546875,993.7754516601563,-281.59405517578127,-0.9956895709037781,0,-0.09274842590093613,0,1,0,0.09274842590093613,0,-0.9956895709037781]},{"p":[-127.66739654541016,993.8563842773438,-281.3406066894531,-0.9929839372634888,0,-0.1182490661740303,0,1,0,0.1182490661740303,0,-0.9929839372634888]},{"p":[-127.56378936767578,993.9743041992188,-281.11260986328127,-0.9876246452331543,0,-0.15683597326278687,0,1,0,0.15683597326278687,0,-0.9876246452331543]},{"p":[-127.4568862915039,994.8372192382813,-280.88824462890627,-0.980170726776123,0,-0.19815489649772645,0,1,0,0.19815489649772645,0,-0.980170726776123]},{"p":[-127.32698059082031,995.6455688476563,-280.67315673828127,-0.9653462767601013,0,-0.2609723210334778,0,1,0,0.2609723210334778,0,-0.9653462767601013]},{"p":[-127.1624755859375,996.3994750976563,-280.47723388671877,-0.9415955543518066,0,-0.33674588799476626,0,1,0,0.33674588799476626,0,-0.9415955543518066]},{"p":[-126.96600341796875,997.098876953125,-280.3022766113281,-0.9135123491287231,0,-0.40681102871894839,0,1,0,0.40681102871894839,0,-0.9135123491287231]},{"p":[-126.69216918945313,997.896484375,-280.1132507324219,-0.8708885312080383,0,-0.4914805293083191,0,1,0,0.4914805293083191,0,-0.8708885312080383]},{"p":[-126.51753234863281,998.3341674804688,-280.016845703125,-0.8397058844566345,0,-0.5430414080619812,0,1,0,0.5430414080619812,0,-0.8397058844566345]},{"p":[-126.27308654785156,998.8700561523438,-279.9107360839844,-0.7933514714241028,0,-0.6087638735771179,0,1,0,0.6087638735771179,0,-0.7933514714241028]},{"p":[-126.02501678466797,999.3515014648438,-279.8129577636719,-0.7455529570579529,0,-0.6664463877677918,0,1,0,0.6664463877677918,0,-0.7455529570579529]},{"p":[-125.77589416503906,999.7783813476563,-279.71783447265627,-0.6994678974151611,0,-0.7146639823913574,0,1,0,0.7146639823913574,0,-0.6994678974151611]},{"p":[-125.52580261230469,1000.1507568359375,-279.62530517578127,-0.6562016606330872,0,-0.7545855641365051,0,1,0,0.7545855641365051,0,-0.6562016606330872]},{"p":[-125.27555847167969,1000.4686279296875,-279.53314208984377,-0.616797149181366,0,-0.7871221303939819,0,1,0,0.7871221303939819,0,-0.616797149181366]},{"p":[-125.02426147460938,1000.7320556640625,-279.4439392089844,-0.5805630087852478,0,-0.814215362071991,0,1,0,0.814215362071991,0,-0.5805630087852478]},{"p":[-124.77230072021485,1000.9409790039063,-279.3565979003906,-0.5475110411643982,0,-0.8367984294891357,0,1,0,0.8367984294891357,0,-0.5475110411643982]},{"p":[-124.52012634277344,1001.0953979492188,-279.2698974609375,-0.5179769992828369,0,-0.8553945422172546,0,1,0,0.8553945422172546,0,-0.5179769992828369]},{"p":[-124.26792907714844,1001.1952514648438,-279.1832275390625,-0.49199149012565615,0,-0.8705999851226807,0,1,0,0.8705999851226807,0,-0.49199149012565615]},{"p":[-124.01545715332031,1001.2406616210938,-279.097412109375,-0.4689929485321045,0,-0.8832018971443176,0,1,0,0.8832018971443176,0,-0.4689929485321045]},{"p":[-123.76300048828125,1001.2315673828125,-279.01153564453127,-0.4489077031612396,0,-0.8935781121253967,0,1,0,0.8935781121253967,0,-0.4489077031612396]},{"p":[-123.51055908203125,1001.16796875,-278.92559814453127,-0.43147924542427065,0,-0.9021228551864624,0,1,0,0.9021228551864624,0,-0.43147924542427065]},{"p":[-123.25811767578125,1001.0498657226563,-278.83966064453127,-0.41638076305389407,0,-0.9091903567314148,0,1,0,0.9091903567314148,0,-0.41638076305389407]},{"p":[-122.94225311279297,1000.8255615234375,-278.733154296875,-0.3998279869556427,0,-0.9165902137756348,0,1,0,0.9165902137756348,0,-0.3998279869556427]},{"p":[-122.7525634765625,1000.650146484375,-278.66973876953127,-0.39106354117393496,0,-0.9203636646270752,0,1,0,0.9203636646270752,0,-0.39106354117393496]},{"p":[-122.43608856201172,1000.2896118164063,-278.56512451171877,-0.3779318034648895,0,-0.9258334636688232,0,1,0,0.9258334636688232,0,-0.3779318034648895]},{"p":[-122.24603271484375,1000.0324096679688,-278.5028381347656,-0.37089791893959048,0,-0.9286736249923706,0,1,0,0.9286736249923706,0,-0.37089791893959048]},{"p":[-121.99248504638672,999.6417846679688,-278.4202575683594,-0.3624797761440277,0,-0.9319916367530823,0,1,0,0.9319916367530823,0,-0.3624797761440277]},{"p":[-121.73883819580078,999.1967163085938,-278.33795166015627,-0.35501110553741457,0,-0.9348620772361755,0,1,0,0.9348620772361755,0,-0.35501110553741457]},{"p":[-121.48528289794922,998.6971435546875,-278.2553405761719,-0.34863629937171938,0,-0.9372580647468567,0,1,0,0.9372580647468567,0,-0.34863629937171938]},{"p":[-121.23174285888672,998.1430053710938,-278.1726989746094,-0.3431909680366516,0,-0.9392656683921814,0,1,0,0.9392656683921814,0,-0.3431909680366516]},{"p":[-120.97820281982422,997.5343627929688,-278.0900573730469,-0.33851170539855959,0,-0.9409621953964233,0,1,0,0.9409621953964233,0,-0.33851170539855959]},{"p":[-120.76509857177735,996.8712768554688,-278.0205993652344,-0.33448708057403567,0,-0.942400336265564,0,1,0,0.942400336265564,0,-0.33448708057403567]},{"p":[-120.54662322998047,996.1536865234375,-277.9484558105469,-0.33142048120498659,0,-0.9434831738471985,0,1,0,0.9434831738471985,0,-0.33142048120498659]},{"p":[-120.37120819091797,995.6298828125,-277.88067626953127,-0.33417877554893496,0,-0.9425097107887268,0,1,0,0.9425097107887268,0,-0.33417877554893496]},{"p":[-120.1742172241211,995.4403076171875,-277.7889404296875,-0.34444159269332888,0,-0.9388077259063721,0,1,0,0.9388077259063721,0,-0.34444159269332888]},{"p":[-119.95702362060547,995.444091796875,-277.6856994628906,-0.3560645580291748,0,-0.9344613552093506,0,1,0,0.9344613552093506,0,-0.3560645580291748]},{"p":[-119.7107925415039,995.48291015625,-277.5462951660156,-0.37831905484199526,0,-0.9256752729415894,0,1,0,0.9256752729415894,0,-0.37831905484199526]},{"p":[-119.56520080566406,996.1351928710938,-277.46197509765627,-0.39279210567474368,0,-0.91962730884552,0,1,0,0.91962730884552,0,-0.39279210567474368]},{"p":[-119.373291015625,996.9572143554688,-277.3248291015625,-0.43130695819854739,0,-0.902205228805542,0,1,0,0.902205228805542,0,-0.43130695819854739]},{"p":[-119.184814453125,997.7247314453125,-277.1492919921875,-0.4730808734893799,0,-0.8810189962387085,0,1,0,0.8810189962387085,0,-0.4730808734893799]},{"p":[-119.01044464111328,998.437744140625,-276.9484558105469,-0.5163804292678833,0,-0.8563593029975891,0,1,0,0.8563593029975891,0,-0.5163804292678833]},{"p":[-118.8586196899414,999.0962524414063,-276.7300109863281,-0.5661339163780212,0,-0.8243132829666138,0,1,0,0.8243132829666138,0,-0.5661339163780212]},{"p":[-118.72821044921875,999.7002563476563,-276.4975280761719,-0.6162986159324646,0,-0.7875125408172607,0,1,0,0.7875125408172607,0,-0.6162986159324646]},{"p":[-118.61006927490235,1000.2498168945313,-276.2585144042969,-0.6633020639419556,0,-0.7483518123626709,0,1,0,0.7483518123626709,0,-0.6633020639419556]},{"p":[-118.4666748046875,1000.860107421875,-275.95758056640627,-0.7135520577430725,0,-0.7006022334098816,0,1,0,0.7006022334098816,0,-0.7135520577430725]},{"p":[-118.38768005371094,1001.1853637695313,-275.77386474609377,-0.7402381896972656,0,-0.6723447442054749,0,1,0,0.6723447442054749,0,-0.7402381896972656]},{"p":[-118.29097747802735,1001.5713500976563,-275.525390625,-0.7729160785675049,0,-0.6345083117485046,0,1,0,0.6345083117485046,0,-0.7729160785675049]},{"p":[-118.1982421875,1001.9028930664063,-275.275390625,-0.8013482093811035,0,-0.5981981754302979,0,1,0,0.5981981754302979,0,-0.8013482093811035]},{"p":[-118.11004638671875,1002.179931640625,-275.02374267578127,-0.8258812427520752,0,-0.5638441443443298,0,1,0,0.5638441443443298,0,-0.8258812427520752]},{"p":[-118.02625274658203,1002.4024658203125,-274.7705993652344,-0.8471101522445679,0,-0.5314173698425293,0,1,0,0.5314173698425293,0,-0.8471101522445679]},{"p":[-117.94496154785156,1002.5704956054688,-274.5166320800781,-0.8651545643806458,0,-0.5015053749084473,0,1,0,0.5015053749084473,0,-0.8651545643806458]},{"p":[-117.8663558959961,1002.6840209960938,-274.2618103027344,-0.8805216550827026,0,-0.47400596737861636,0,1,0,0.47400596737861636,0,-0.8805216550827026]},{"p":[-117.79014587402344,1002.7430419921875,-274.00628662109377,-0.8936384916305542,0,-0.44878748059272768,0,1,0,0.44878748059272768,0,-0.8936384916305542]},{"p":[-117.71619415283203,1002.74755859375,-273.75006103515627,-0.9048674702644348,0,-0.42569345235824587,0,1,0,0.42569345235824587,0,-0.9048674702644348]},{"p":[-117.64447021484375,1002.6975708007813,-273.4931945800781,-0.9145371317863464,0,-0.4045020043849945,0,1,0,0.4045020043849945,0,-0.9145371317863464]},{"p":[-117.5713119506836,1002.5930786132813,-273.23675537109377,-0.9223251938819885,0,-0.3864145278930664,0,1,0,0.3864145278930664,0,-0.9223251938819885]},{"p":[-117.49066925048828,1002.4341430664063,-272.98260498046877,-0.9274984002113342,0,-0.3738270699977875,0,1,0,0.3738270699977875,0,-0.9274984002113342]},{"p":[-117.40100860595703,1002.2206420898438,-272.7314758300781,-0.9300776124000549,0,-0.3673631250858307,0,1,0,0.3673631250858307,0,-0.9300776124000549]},{"p":[-117.28118133544922,1001.8771362304688,-272.4204406738281,-0.930993914604187,0,-0.3650347590446472,0,1,0,0.3650347590446472,0,-0.930993914604187]},{"p":[-117.1821517944336,1001.541015625,-272.1728820800781,-0.9308283925056458,0,-0.36545664072036745,0,1,0,0.36545664072036745,0,-0.9308283925056458]},{"p":[-117.10599517822266,1001.253173828125,-271.9879150390625,-0.9303127527236939,0,-0.36676716804504397,0,1,0,0.36676716804504397,0,-0.9303127527236939]},{"p":[-117.00418090820313,1000.8217163085938,-271.741455078125,-0.9295194745063782,0,-0.3687729835510254,0,1,0,0.3687729835510254,0,-0.9295194745063782]},{"p":[-116.90237426757813,1000.3357543945313,-271.4949951171875,-0.928795337677002,0,-0.37059301137924197,0,1,0,0.37059301137924197,0,-0.928795337677002]},{"p":[-116.80076599121094,999.7952270507813,-271.2484130859375,-0.9281964302062988,0,-0.37209048867225649,0,1,0,0.37209048867225649,0,-0.9281964302062988]},{"p":[-116.70055389404297,999.2002563476563,-271.0077819824219,-0.9275386929512024,0,-0.3737272024154663,0,1,0,0.3737272024154663,0,-0.9275386929512024]},{"p":[-116.61450958251953,998.55078125,-270.80157470703127,-0.9269043803215027,0,-0.37529757618904116,0,1,0,0.37529757618904116,0,-0.9269043803215027]},{"p":[-116.5214614868164,997.9352416992188,-270.57855224609377,-0.9263463616371155,0,-0.37667277455329897,0,1,0,0.37667277455329897,0,-0.9263463616371155]},{"p":[-116.44141387939453,997.8571166992188,-270.38671875,-0.9258636832237244,0,-0.3778577446937561,0,1,0,0.3778577446937561,0,-0.9258636832237244]},{"p":[-116.34972381591797,997.8175659179688,-270.1669616699219,-0.9254475235939026,0,-0.3788757622241974,0,1,0,0.3788757622241974,0,-0.9254475235939026]},{"p":[-116.2479248046875,997.7216186523438,-269.9287414550781,-0.9247406125068665,0,-0.38059791922569277,0,1,0,0.38059791922569277,0,-0.9247406125068665]},{"p":[-116.12127685546875,997.5249633789063,-269.6555480957031,-0.9222145080566406,0,-0.3866787254810333,0,1,0,0.3866787254810333,0,-0.9222145080566406]},{"p":[-116.01567840576172,997.3660888671875,-269.4959716796875,-0.9161468744277954,0,-0.4008427858352661,0,1,0,0.4008427858352661,0,-0.9161468744277954]},{"p":[-115.80765533447266,997.1234741210938,-269.25982666015627,-0.8958098888397217,0,-0.4444374442100525,0,1,0,0.4444374442100525,0,-0.8958098888397217]},{"p":[-115.63883209228516,997.99658203125,-269.07379150390627,-0.8763095736503601,0,-0.4817483723163605,0,1,0,0.4817483723163605,0,-0.8763095736503601]},{"p":[-115.49983978271485,998.6182250976563,-268.9425964355469,-0.8560688495635986,0,-0.5168617963790894,0,1,0,0.5168617963790894,0,-0.8560688495635986]},{"p":[-115.28843688964844,999.3993530273438,-268.79046630859377,-0.8211178183555603,0,-0.5707587003707886,0,1,0,0.5707587003707886,0,-0.8211178183555603]},{"p":[-115.05866241455078,1000.1259765625,-268.6560974121094,-0.784765899181366,0,-0.6197922825813294,0,1,0,0.6197922825813294,0,-0.784765899181366]},{"p":[-114.75849151611328,1000.9576416015625,-268.51165771484377,-0.7344380021095276,0,-0.6786757707595825,0,1,0,0.6786757707595825,0,-0.7344380021095276]},{"p":[-114.57192993164063,1001.415771484375,-268.4419860839844,-0.6967707276344299,0,-0.717293918132782,0,1,0,0.717293918132782,0,-0.6967707276344299]},{"p":[-114.3133544921875,1001.9789428710938,-268.3808898925781,-0.6394441723823547,0,-0.7688375115394592,0,1,0,0.7688375115394592,0,-0.6394441723823547]},{"p":[-113.98572540283203,1002.6062622070313,-268.3196716308594,-0.5692465901374817,0,-0.8221668601036072,0,1,0,0.8221668601036072,0,-0.5692465901374817]},{"p":[-113.72171020507813,1003.0467529296875,-268.2825012207031,-0.5148121118545532,0,-0.8573030233383179,0,1,0,0.8573030233383179,0,-0.5148121118545532]},{"p":[-113.45616912841797,1003.4327392578125,-268.258544921875,-0.460803747177124,0,-0.8875020742416382,0,1,0,0.8875020742416382,0,-0.460803747177124]},{"p":[-113.2567367553711,1003.6865234375,-268.2435302734375,-0.4225814938545227,0,-0.9063249230384827,0,1,0,0.9063249230384827,0,-0.4225814938545227]},{"p":[-112.99053955078125,1003.9771728515625,-268.2277526855469,-0.3747907280921936,0,-0.92710942029953,0,1,0,0.92710942029953,0,-0.3747907280921936]},{"p":[-112.72421264648438,1004.2133178710938,-268.21435546875,-0.33112749457359316,0,-0.9435860514640808,0,1,0,0.9435860514640808,0,-0.33112749457359316]},{"p":[-112.45771026611328,1004.3949584960938,-268.20526123046877,-0.2910228669643402,0,-0.9567161202430725,0,1,0,0.9567161202430725,0,-0.2910228669643402]},{"p":[-112.12442779541016,1004.54541015625,-268.1992492675781,-0.24494683742523194,0,-0.9695364832878113,0,1,0,0.9695364832878113,0,-0.24494683742523194]},{"p":[-111.92443084716797,1004.5947875976563,-268.1982421875,-0.21981178224086762,0,-0.9755423069000244,0,1,0,0.9755423069000244,0,-0.21981178224086762]},{"p":[-111.65776824951172,1004.6129150390625,-268.20050048828127,-0.18871863186359406,0,-0.9820312261581421,0,1,0,0.9820312261581421,0,-0.18871863186359406]},{"p":[-111.3911361694336,1004.5765380859375,-268.205078125,-0.16033591330051423,0,-0.9870625138282776,0,1,0,0.9870625138282776,0,-0.16033591330051423]},{"p":[-111.12456512451172,1004.4857177734375,-268.21234130859377,-0.13444732129573823,0,-0.9909207224845886,0,1,0,0.9909207224845886,0,-0.13444732129573823]},{"p":[-110.79135131835938,1004.2955322265625,-268.2207946777344,-0.10662772506475449,0,-0.9942989945411682,0,1,0,0.9942989945411682,0,-0.10662772506475449]},{"p":[-110.52469635009766,1004.08203125,-268.222412109375,-0.08994893729686737,0,-0.9959464073181152,0,1,0,0.9959464073181152,0,-0.08994893729686737]},{"p":[-110.25806427001953,1003.8140258789063,-268.218505859375,-0.07856377214193344,0,-0.9969090819358826,0,1,0,0.9969090819358826,0,-0.07