{"a":[{"p":[-115.26653289794922,1018.7186889648438,-303.1781005859375,0.5832915306091309,0,0.8122628927230835,0,1,0,-0.8122628927230835,0,0.5832915306091309]},{"p":[-115.26653289794922,1018.7186889648438,-303.1781005859375,0.5832915306091309,0,0.8122628927230835,0,1,0,-0.8122628927230835,0,0.5832915306091309]},{"p":[-115.26653289794922,1018.7186889648438,-303.1781005859375,0.5832915306091309,0,0.8122628927230835,0,1,0,-0.8122628927230835,0,0.5832915306091309]},{"p":[-115.26653289794922,1018.7186889648438,-303.1781005859375,0.5832915306091309,0,0.8122628927230835,0,1,0,-0.8122628927230835,0,0.5832915306091309]},{"p":[-115.26653289794922,1018.7186889648438,-303.1781005859375,0.5832915306091309,0,0.8122628927230835,0,1,0,-0.8122628927230835,0,0.5832915306091309]},{"p":[-115.26653289794922,1018.7186889648438,-303.1781005859375,0.5832915306091309,0,0.8122628927230835,0,1,0,-0.8122628927230835,0,0.5832915306091309]},{"p":[-115.26653289794922,1018.7186889648438,-303.1781005859375,0.5832915306091309,0,0.8122628927230835,0,1,0,-0.8122628927230835,0,0.5832915306091309]},{"p":[-115.26653289794922,1018.7186889648438,-303.1781005859375,0.5832915306091309,0,0.8122628927230835,0,1,0,-0.8122628927230835,0,0.5832915306091309]},{"p":[-115.26653289794922,1018.7186889648438,-303.1781005859375,0.5832915306091309,0,0.8122628927230835,0,1,0,-0.8122628927230835,0,0.5832915306091309]},{"p":[-115.26653289794922,1018.7186889648438,-303.1781005859375,0.5832915306091309,0,0.8122628927230835,0,1,0,-0.8122628927230835,0,0.5832915306091309]},{"p":[-115.26653289794922,1018.7186889648438,-303.1781005859375,0.5832915306091309,0,0.8122628927230835,0,1,0,-0.8122628927230835,0,0.5832915306091309]},{"p":[-115.26653289794922,1018.7186889648438,-303.1781005859375,0.5832915306091309,0,0.8122628927230835,0,1,0,-0.8122628927230835,0,0.5832915306091309]},{"p":[-115.26653289794922,1018.7186889648438,-303.1781005859375,0.5832915306091309,0,0.8122628927230835,0,1,0,-0.8122628927230835,0,0.5832915306091309]},{"p":[-115.26653289794922,1018.7186889648438,-303.1781005859375,0.5832915306091309,0,0.8122628927230835,0,1,0,-0.8122628927230835,0,0.5832915306091309]},{"p":[-115.26653289794922,1018.7186889648438,-303.1781005859375,0.5832915306091309,0,0.8122628927230835,0,1,0,-0.8122628927230835,0,0.5832915306091309]},{"p":[-115.26653289794922,1018.7186889648438,-303.1781005859375,0.5832915306091309,0,0.8122628927230835,0,1,0,-0.8122628927230835,0,0.5832915306091309]},{"p":[-115.26653289794922,1018.7186889648438,-303.1781005859375,0.5832915306091309,0,0.8122628927230835,0,1,0,-0.8122628927230835,0,0.5832915306091309]},{"p":[-115.26653289794922,1018.7186889648438,-303.1781005859375,0.5832915306091309,0,0.8122628927230835,0,1,0,-0.8122628927230835,0,0.5832915306091309]},{"p":[-115.26653289794922,1018.7186889648438,-303.1781005859375,0.5832915306091309,0,0.8122628927230835,0,1,0,-0.8122628927230835,0,0.5832915306091309]},{"p":[-115.26653289794922,1018.7186889648438,-303.1781005859375,0.5832915306091309,0,0.8122628927230835,0,1,0,-0.8122628927230835,0,0.5832915306091309]},{"p":[-115.26653289794922,1018.7186889648438,-303.1781005859375,0.5832915306091309,0,0.8122628927230835,0,1,0,-0.8122628927230835,0,0.5832915306091309]},{"p":[-115.26653289794922,1018.7186889648438,-303.1781005859375,0.5832915306091309,0,0.8122628927230835,0,1,0,-0.8122628927230835,0,0.5832915306091309]},{"p":[-115.26653289794922,1018.7186889648438,-303.1781005859375,0.5832915306091309,0,0.8122628927230835,0,1,0,-0.8122628927230835,0,0.5832915306091309]},{"p":[-115.26653289794922,1018.7186889648438,-303.1781005859375,0.5832915306091309,0,0.8122628927230835,0,1,0,-0.8122628927230835,0,0.5832915306091309]},{"p":[-115.26653289794922,1018.7186889648438,-303.1781005859375,0.5832915306091309,0,0.8122628927230835,0,1,0,-0.8122628927230835,0,0.5832915306091309]},{"p":[-115.26653289794922,1018.7186889648438,-303.1781005859375,0.5832915306091309,0,0.8122628927230835,0,1,0,-0.8122628927230835,0,0.5832915306091309]},{"p":[-115.26653289794922,1018.7186889648438,-303.1781005859375,0.5832915306091309,0,0.8122628927230835,0,1,0,-0.8122628927230835,0,0.5832915306091309]},{"p":[-115.26653289794922,1018.7186889648438,-303.1781005859375,0.5832915306091309,0,0.8122628927230835,0,1,0,-0.8122628927230835,0,0.5832915306091309]},{"p":[-115.26653289794922,1018.7186889648438,-303.1781005859375,0.5832915306091309,0,0.8122628927230835,0,1,0,-0.8122628927230835,0,0.5832915306091309]},{"p":[-115.26653289794922,1018.7186889648438,-303.1781005859375,0.5832915306091309,0,0.8122628927230835,0,1,0,-0.8122628927230835,0,0.5832915306091309]},{"p":[-115.26653289794922,1018.7186889648438,-303.1781005859375,0.5832915306091309,0,0.8122628927230835,0,1,0,-0.8122628927230835,0,0.5832915306091309]},{"p":[-115.26653289794922,1018.7186889648438,-303.1781005859375,0.5832915306091309,0,0.8122628927230835,0,1,0,-0.8122628927230835,0,0.5832915306091309]},{"p":[-115.26653289794922,1018.7186889648438,-303.1781005859375,0.5832915306091309,0,0.8122628927230835,0,1,0,-0.8122628927230835,0,0.5832915306091309]},{"p":[-115.26653289794922,1018.7186889648438,-303.1781005859375,0.5832915306091309,0,0.8122628927230835,0,1,0,-0.8122628927230835,0,0.5832915306091309]},{"p":[-115.26653289794922,1018.7186889648438,-303.1781005859375,0.5832915306091309,0,0.8122628927230835,0,1,0,-0.8122628927230835,0,0.5832915306091309]},{"p":[-115.26653289794922,1018.7186889648438,-303.1781005859375,0.5832915306091309,0,0.8122628927230835,0,1,0,-0.8122628927230835,0,0.5832915306091309]},{"p":[-115.26653289794922,1018.7186889648438,-303.1781005859375,0.5832915306091309,0,0.8122628927230835,0,1,0,-0.8122628927230835,0,0.5832915306091309]},{"p":[-115.26653289794922,1018.7186889648438,-303.1781005859375,0.5832915306091309,0,0.8122628927230835,0,1,0,-0.8122628927230835,0,0.5832915306091309]},{"p":[-115.26653289794922,1018.7186889648438,-303.1781005859375,0.5832915306091309,0,0.8122628927230835,0,1,0,-0.8122628927230835,0,0.5832915306091309]},{"p":[-115.26653289794922,1018.7186889648438,-303.1781005859375,0.5832915306091309,0,0.8122628927230835,0,1,0,-0.8122628927230835,0,0.5832915306091309]},{"p":[-115.26653289794922,1018.7186889648438,-303.1781005859375,0.5832915306091309,0,0.8122628927230835,0,1,0,-0.8122628927230835,0,0.5832915306091309]},{"p":[-115.26653289794922,1018.7186889648438,-303.1781005859375,0.5832915306091309,0,0.8122628927230835,0,1,0,-0.8122628927230835,0,0.5832915306091309]},{"p":[-115.26653289794922,1018.7186889648438,-303.1781005859375,0.5832915306091309,0,0.8122628927230835,0,1,0,-0.8122628927230835,0,0.5832915306091309]},{"p":[-115.26653289794922,1018.7186889648438,-303.1781005859375,0.5832915306091309,0,0.8122628927230835,0,1,0,-0.8122628927230835,0,0.5832915306091309]},{"p":[-115.26653289794922,1018.7186889648438,-303.1781005859375,0.5832915306091309,0,0.8122628927230835,0,1,0,-0.8122628927230835,0,0.5832915306091309]},{"p":[-115.26653289794922,1018.7186889648438,-303.1781005859375,0.5832915306091309,0,0.8122628927230835,0,1,0,-0.8122628927230835,0,0.5832915306091309]},{"p":[-115.26653289794922,1018.7186889648438,-303.1781005859375,0.5832915306091309,0,0.8122628927230835,0,1,0,-0.8122628927230835,0,0.5832915306091309]},{"p":[-115.26653289794922,1018.7186889648438,-303.1781005859375,0.5832915306091309,0,0.8122628927230835,0,1,0,-0.8122628927230835,0,0.5832915306091309]},{"p":[-115.26653289794922,1018.7186889648438,-303.1781005859375,0.5832915306091309,0,0.8122628927230835,0,1,0,-0.8122628927230835,0,0.5832915306091309]},{"p":[-115.26653289794922,1018.7186889648438,-303.1781005859375,0.5832915306091309,0,0.8122628927230835,0,1,0,-0.8122628927230835,0,0.5832915306091309]},{"p":[-115.26653289794922,1018.7186889648438,-303.1781005859375,0.5832915306091309,0,0.8122628927230835,0,1,0,-0.8122628927230835,0,0.5832915306091309]},{"p":[-115.26653289794922,1018.7186889648438,-303.1781005859375,0.5832915306091309,0,0.8122628927230835,0,1,0,-0.8122628927230835,0,0.5832915306091309]},{"p":[-115.26653289794922,1018.7186889648438,-303.1781005859375,0.5832915306091309,0,0.8122628927230835,0,1,0,-0.8122628927230835,0,0.5832915306091309]},{"p":[-115.26653289794922,1018.7186889648438,-303.1781005859375,0.5832915306091309,0,0.8122628927230835,0,1,0,-0.8122628927230835,0,0.5832915306091309]},{"p":[-115.26653289794922,1018.7186889648438,-303.1781005859375,0.5832915306091309,0,0.8122628927230835,0,1,0,-0.8122628927230835,0,0.5832915306091309]},{"p":[-115.26653289794922,1018.7186889648438,-303.1781005859375,0.5832915306091309,0,0.8122628927230835,0,1,0,-0.8122628927230835,0,0.5832915306091309]},{"p":[-115.26653289794922,1018.7186889648438,-303.1781005859375,0.5832915306091309,0,0.8122628927230835,0,1,0,-0.8122628927230835,0,0.5832915306091309]},{"p":[-115.26653289794922,1018.7186889648438,-303.1781005859375,0.5832915306091309,0,0.8122628927230835,0,1,0,-0.8122628927230835,0,0.5832915306091309]},{"p":[-115.26653289794922,1018.7186889648438,-303.1781005859375,0.5832915306091309,0,0.8122628927230835,0,1,0,-0.8122628927230835,0,0.5832915306091309]},{"p":[-115.26653289794922,1018.7186889648438,-303.1781005859375,0.5832915306091309,0,0.8122628927230835,0,1,0,-0.8122628927230835,0,0.5832915306091309]},{"p":[-115.26653289794922,1018.7186889648438,-303.1781005859375,0.5832915306091309,0,0.8122628927230835,0,1,0,-0.8122628927230835,0,0.5832915306091309]},{"p":[-115.26653289794922,1018.7186889648438,-303.1781005859375,0.5832915306091309,0,0.8122628927230835,0,1,0,-0.8122628927230835,0,0.5832915306091309]},{"p":[-115.26653289794922,1018.7186889648438,-303.1781005859375,0.5832915306091309,0,0.8122628927230835,0,1,0,-0.8122628927230835,0,0.5832915306091309]},{"p":[-115.26653289794922,1018.7186889648438,-303.1781005859375,0.5832915306091309,0,0.8122628927230835,0,1,0,-0.8122628927230835,0,0.5832915306091309]},{"p":[-115.26653289794922,1018.7186889648438,-303.1781005859375,0.5832915306091309,0,0.8122628927230835,0,1,0,-0.8122628927230835,0,0.5832915306091309]},{"p":[-115.26653289794922,1018.7186889648438,-303.1781005859375,0.5832915306091309,0,0.8122628927230835,0,1,0,-0.8122628927230835,0,0.5832915306091309]},{"p":[-115.26653289794922,1018.7186889648438,-303.1781005859375,0.5832915306091309,0,0.8122628927230835,0,1,0,-0.8122628927230835,0,0.5832915306091309]},{"p":[-115.26653289794922,1018.7186889648438,-303.1781005859375,0.5832915306091309,0,0.8122628927230835,0,1,0,-0.8122628927230835,0,0.5832915306091309]},{"p":[-115.26653289794922,1018.7186889648438,-303.1781005859375,0.5832915306091309,0,0.8122628927230835,0,1,0,-0.8122628927230835,0,0.5832915306091309]},{"p":[-115.26653289794922,1018.7186889648438,-303.1781005859375,0.5832915306091309,0,0.8122628927230835,0,1,0,-0.8122628927230835,0,0.5832915306091309]},{"p":[-115.26653289794922,1018.7186889648438,-303.1781005859375,0.5832915306091309,0,0.8122628927230835,0,1,0,-0.8122628927230835,0,0.5832915306091309]},{"p":[-115.26653289794922,1018.7186889648438,-303.1781005859375,0.5832915306091309,0,0.8122628927230835,0,1,0,-0.8122628927230835,0,0.5832915306091309]},{"p":[-115.26653289794922,1018.7186889648438,-303.1781005859375,0.5832915306091309,0,0.8122628927230835,0,1,0,-0.8122628927230835,0,0.5832915306091309]},{"p":[-115.26653289794922,1018.7186889648438,-303.1781005859375,0.5832915306091309,0,0.8122628927230835,0,1,0,-0.8122628927230835,0,0.5832915306091309]},{"p":[-115.26653289794922,1018.7186889648438,-303.1781005859375,0.5832915306091309,0,0.8122628927230835,0,1,0,-0.8122628927230835,0,0.5832915306091309]},{"p":[-115.26653289794922,1018.7186889648438,-303.1781005859375,0.5832915306091309,0,0.8122628927230835,0,1,0,-0.8122628927230835,0,0.5832915306091309]},{"p":[-115.26653289794922,1018.7186889648438,-303.1781005859375,0.5832915306091309,0,0.8122628927230835,0,1,0,-0.8122628927230835,0,0.5832915306091309]},{"p":[-115.26653289794922,1018.7186889648438,-303.1781005859375,0.5832915306091309,0,0.8122628927230835,0,1,0,-0.8122628927230835,0,0.5832915306091309]},{"p":[-115.26653289794922,1018.7186889648438,-303.1781005859375,0.5832915306091309,0,0.8122628927230835,0,1,0,-0.8122628927230835,0,0.5832915306091309]},{"p":[-115.26653289794922,1018.7186889648438,-303.1781005859375,0.5832915306091309,0,0.8122628927230835,0,1,0,-0.8122628927230835,0,0.5832915306091309]},{"p":[-115.26653289794922,1018.7186889648438,-303.1781005859375,0.5832915306091309,0,0.8122628927230835,0,1,0,-0.8122628927230835,0,0.5832915306091309]},{"p":[-115.26653289794922,1018.7186889648438,-303.1781005859375,0.5832915306091309,0,0.8122628927230835,0,1,0,-0.8122628927230835,0,0.5832915306091309]},{"p":[-115.26653289794922,1018.7186889648438,-303.1781005859375,0.5832915306091309,0,0.8122628927230835,0,1,0,-0.8122628927230835,0,0.5832915306091309]},{"p":[-115.26653289794922,1018.7186889648438,-303.1781005859375,0.5832915306091309,0,0.8122628927230835,0,1,0,-0.8122628927230835,0,0.5832915306091309]}],"d":1.4046707153320313}