{"data":[{"pos":[-87.99459838867188,1094.9962158203126,-244.50180053710938,0.9892265796661377,0,0.14639246463775636,0,1,0,-0.14639246463775636,0,0.9892265796661377]},{"pos":[-87.99459838867188,1094.9962158203126,-244.50180053710938,0.9892265796661377,0,0.14639246463775636,0,1,0,-0.14639246463775636,0,0.9892265796661377]},{"pos":[-87.99459838867188,1094.9962158203126,-244.50180053710938,0.9892265796661377,0,0.14639246463775636,0,1,0,-0.14639246463775636,0,0.9892265796661377]},{"pos":[-87.99459838867188,1094.9962158203126,-244.50180053710938,0.9892265796661377,0,0.14639246463775636,0,1,0,-0.14639246463775636,0,0.9892265796661377]},{"pos":[-87.99459838867188,1094.9962158203126,-244.50180053710938,0.9892265796661377,0,0.14639246463775636,0,1,0,-0.14639246463775636,0,0.9892265796661377]},{"pos":[-87.99459838867188,1094.9962158203126,-244.50180053710938,0.9892265796661377,0,0.14639246463775636,0,1,0,-0.14639246463775636,0,0.9892265796661377]},{"pos":[-87.99459838867188,1094.9962158203126,-244.50180053710938,0.9892265796661377,0,0.14639246463775636,0,1,0,-0.14639246463775636,0,0.9892265796661377]},{"pos":[-87.99459838867188,1094.9962158203126,-244.50180053710938,0.9892265796661377,0,0.14639246463775636,0,1,0,-0.14639246463775636,0,0.9892265796661377]},{"pos":[-87.99459838867188,1094.9962158203126,-244.50180053710938,0.9892265796661377,0,0.14639246463775636,0,1,0,-0.14639246463775636,0,0.9892265796661377]},{"pos":[-87.99459838867188,1094.9962158203126,-244.50180053710938,0.9892265796661377,0,0.14639246463775636,0,1,0,-0.14639246463775636,0,0.9892265796661377]},{"pos":[-87.99459838867188,1094.9962158203126,-244.50180053710938,0.9892265796661377,0,0.14639246463775636,0,1,0,-0.14639246463775636,0,0.9892265796661377]},{"pos":[-87.99459838867188,1094.9962158203126,-244.50180053710938,0.9892265796661377,0,0.14639246463775636,0,1,0,-0.14639246463775636,0,0.9892265796661377]},{"pos":[-87.99459838867188,1094.9962158203126,-244.50180053710938,0.9892265796661377,0,0.14639246463775636,0,1,0,-0.14639246463775636,0,0.9892265796661377]},{"pos":[-87.99459838867188,1094.9962158203126,-244.50180053710938,0.9892265796661377,0,0.14639246463775636,0,1,0,-0.14639246463775636,0,0.9892265796661377]},{"pos":[-87.99459838867188,1094.9962158203126,-244.50180053710938,0.9892265796661377,0,0.14639246463775636,0,1,0,-0.14639246463775636,0,0.9892265796661377]},{"pos":[-87.99459838867188,1094.9962158203126,-244.50180053710938,0.9892265796661377,0,0.14639246463775636,0,1,0,-0.14639246463775636,0,0.9892265796661377]},{"pos":[-87.99459838867188,1094.9962158203126,-244.50180053710938,0.9892265796661377,0,0.14639246463775636,0,1,0,-0.14639246463775636,0,0.9892265796661377]},{"pos":[-87.99459838867188,1094.9962158203126,-244.50180053710938,0.9892265796661377,0,0.14639246463775636,0,1,0,-0.14639246463775636,0,0.9892265796661377]},{"pos":[-87.99459838867188,1094.9962158203126,-244.50180053710938,0.9892265796661377,0,0.14639246463775636,0,1,0,-0.14639246463775636,0,0.9892265796661377]},{"pos":[-87.99459838867188,1094.9962158203126,-244.50180053710938,0.9892265796661377,0,0.14639246463775636,0,1,0,-0.14639246463775636,0,0.9892265796661377]},{"pos":[-87.99459838867188,1094.9962158203126,-244.50180053710938,0.9892265796661377,0,0.14639246463775636,0,1,0,-0.14639246463775636,0,0.9892265796661377]},{"pos":[-88.05297088623047,1094.9962158203126,-244.638427734375,0.984229326248169,0,0.17689712345600129,0,1,0,-0.17689712345600129,0,0.984229326248169]},{"pos":[-88.14930725097656,1094.9962158203126,-244.88084411621095,0.9790630340576172,0,0.20355740189552308,0,1,0,-0.20355740189552308,0,0.9790630340576172]},{"pos":[-88.24139404296875,1094.9962158203126,-245.1309814453125,0.9747701287269592,0,0.22321102023124696,0,1,0,-0.22321102023124696,0,0.9747701287269592]},{"pos":[-88.32462310791016,1094.9962158203126,-245.3843231201172,0.9718670845031738,0,0.2355300933122635,0,1,0,-0.2355300933122635,0,0.9718670845031738]},{"pos":[-88.40251159667969,1094.9962158203126,-245.6393585205078,0.9699427485466003,0,0.24333325028419496,0,1,0,-0.24333325028419496,0,0.9699427485466003]},{"pos":[-88.4830322265625,1094.9962158203126,-245.89356994628907,0.9679139852523804,0,0.25128173828125,0,1,0,-0.25128173828125,0,0.9679139852523804]},{"pos":[-88.56953430175781,1094.9962158203126,-246.2840118408203,0.969614565372467,0,0.24463777244091035,0,1,0,-0.24463777244091035,0,0.969614565372467]},{"pos":[-88.57305145263672,1094.9962158203126,-246.4169158935547,0.9730367064476013,0,0.2306504249572754,0,1,0,-0.2306504249572754,0,0.9730367064476013]},{"pos":[-88.52098083496094,1094.9962158203126,-246.67779541015626,0.9845665693283081,0,0.175010547041893,0,1,0,-0.175010547041893,0,0.9845665693283081]},{"pos":[-88.42232513427735,1094.9962158203126,-246.92518615722657,0.9948424696922302,0,0.10143230855464935,0,1,0,-0.10143230855464935,0,0.9948424696922302]},{"pos":[-88.26944732666016,1094.9962158203126,-247.14297485351563,0.9999814033508301,0,0.006101422477513552,0,1,0,-0.006101422477513552,0,0.9999814033508301]},{"pos":[-88.062744140625,1094.9962158203126,-247.31015014648438,0.9935119152069092,0,-0.11372791230678559,0,1,0,0.11372791230678559,0,0.9935119152069092]},{"pos":[-87.69314575195313,1094.9962158203126,-247.4607696533203,0.9464635252952576,0,-0.32281070947647097,0,1,0,0.32281070947647097,0,0.9464635252952576]},{"pos":[-87.56255340576172,1094.9962158203126,-247.4857940673828,0.9207285046577454,0,-0.3902038633823395,0,1,0,0.3902038633823395,0,0.9207285046577454]},{"pos":[-87.29640197753906,1094.9962158203126,-247.4958038330078,0.8511088490486145,0,-0.5249893069267273,0,1,0,0.5249893069267273,0,0.8511088490486145]},{"pos":[-86.89756774902344,1094.9962158203126,-247.4668731689453,0.7161893248558044,0,-0.6979060769081116,0,1,0,0.6979060769081116,0,0.7161893248558044]},{"pos":[-86.76578521728516,1094.9962158203126,-247.44699096679688,0.6689985990524292,0,-0.7432636618614197,0,1,0,0.7432636618614197,0,0.6689985990524292]},{"pos":[-86.5082015991211,1094.9962158203126,-247.37857055664063,0.5642940402030945,0,-0.8255739212036133,0,1,0,0.8255739212036133,0,0.5642940402030945]},{"pos":[-86.2584457397461,1094.9962158203126,-247.285400390625,0.4533926546573639,0,-0.8913108706474304,0,1,0,0.8913108706474304,0,0.4533926546573639]},{"pos":[-86.01950073242188,1094.9962158203126,-247.16725158691407,0.33837658166885378,0,-0.9410107731819153,0,1,0,0.9410107731819153,0,0.33837658166885378]},{"pos":[-85.79536437988281,1094.9962158203126,-247.0230255126953,0.21978192031383515,0,-0.975549042224884,0,1,0,0.975549042224884,0,0.21978192031383515]},{"pos":[-85.58617401123047,1094.9962158203126,-246.8577880859375,0.10138233751058579,0,-0.9948475360870361,0,1,0,0.9948475360870361,0,0.10138233751058579]},{"pos":[-85.3939437866211,1094.9962158203126,-246.67312622070313,-0.015331877395510674,0,-0.9998824596405029,0,1,0,0.9998824596405029,0,-0.015331877395510674]},{"pos":[-85.21800231933594,1094.9962158203126,-246.47283935546876,-0.1275685429573059,0,-0.9918297529220581,0,1,0,0.9918297529220581,0,-0.1275685429573059]},{"pos":[-85.05547332763672,1094.9962158203126,-246.261474609375,-0.23205086588859559,0,-0.9727036356925964,0,1,0,0.9727036356925964,0,-0.23205086588859559]},{"pos":[-84.90274047851563,1094.9962158203126,-246.04290771484376,-0.326252281665802,0,-0.9452827572822571,0,1,0,0.9452827572822571,0,-0.326252281665802]},{"pos":[-84.7887191772461,1094.9962158203126,-245.8022003173828,-0.42532628774642947,0,-0.9050400853157044,0,1,0,0.9050400853157044,0,-0.42532628774642947]},{"pos":[-84.7297592163086,1094.9962158203126,-245.54266357421876,-0.5322195887565613,0,-0.8466063141822815,0,1,0,0.8466063141822815,0,-0.5322195887565613]},{"pos":[-84.71422576904297,1094.9962158203126,-245.27671813964845,-0.6359226107597351,0,-0.7717528343200684,0,1,0,0.7717528343200684,0,-0.6359226107597351]},{"pos":[-84.74307250976563,1094.9962158203126,-245.0119171142578,-0.7328081130981445,0,-0.6804353594779968,0,1,0,0.6804353594779968,0,-0.7328081130981445]},{"pos":[-84.8057861328125,1094.9962158203126,-244.75289916992188,-0.8164772987365723,0,-0.5773774981498718,0,1,0,0.5773774981498718,0,-0.8164772987365723]},{"pos":[-84.88059997558594,1094.9962158203126,-244.49696350097657,-0.8804763555526733,0,-0.4740900695323944,0,1,0,0.4740900695323944,0,-0.8804763555526733]},{"pos":[-84.98918914794922,1094.9962158203126,-244.25363159179688,-0.9320071339607239,0,-0.36243996024131777,0,1,0,0.36243996024131777,0,-0.9320071339607239]},{"pos":[-85.12312316894531,1094.9962158203126,-244.02316284179688,-0.9689316749572754,0,-0.24732844531536103,0,1,0,0.24732844531536103,0,-0.9689316749572754]},{"pos":[-85.28165435791016,1094.9962158203126,-243.80889892578126,-0.9915116429328919,0,-0.13001775741577149,0,1,0,0.13001775741577149,0,-0.9915116429328919]},{"pos":[-85.4693374633789,1094.9962158203126,-243.61978149414063,-0.9999709725379944,0,-0.007620202377438545,0,1,0,0.007620202377438545,0,-0.9999709725379944]},{"pos":[-85.68744659423828,1094.9962158203126,-243.46693420410157,-0.992510199546814,0,0.12216167896986008,0,1,0,-0.12216167896986008,0,-0.992510199546814]},{"pos":[-85.91075134277344,1094.9962158203126,-243.32119750976563,-0.9713211059570313,0,0.23777161538600923,0,1,0,-0.23777161538600923,0,-0.9713211059570313]},{"pos":[-86.139404296875,1094.9962158203126,-243.18402099609376,-0.9404405951499939,0,0.3399581015110016,0,1,0,-0.3399581015110016,0,-0.9404405951499939]},{"pos":[-86.37283325195313,1094.9962158203126,-243.05511474609376,-0.903006911277771,0,0.42962604761123659,0,1,0,-0.42962604761123659,0,-0.903006911277771]},{"pos":[-86.60960388183594,1094.9962158203126,-242.9324493408203,-0.8619140982627869,0,0.5070543885231018,0,1,0,-0.5070543885231018,0,-0.8619140982627869]},{"pos":[-86.84964752197266,1094.9962158203126,-242.81631469726563,-0.8189105987548828,0,0.5739210844039917,0,1,0,-0.5739210844039917,0,-0.8189105987548828]},{"pos":[-87.09314727783203,1094.9962158203126,-242.7076416015625,-0.7749267816543579,0,0.6320510506629944,0,1,0,-0.6320510506629944,0,-0.7749267816543579]},{"pos":[-87.33985900878906,1094.9962158203126,-242.6064453125,-0.7307482957839966,0,0.6826469898223877,0,1,0,-0.6826469898223877,0,-0.7307482957839966]},{"pos":[-87.71446990966797,1094.9962158203126,-242.46624755859376,-0.6641525626182556,0,0.7475970387458801,0,1,0,-0.7475970387458801,0,-0.6641525626182556]},{"pos":[-87.967041015625,1094.9962158203126,-242.38075256347657,-0.6224948763847351,0,0.7826238870620728,0,1,0,-0.7826238870620728,0,-0.6224948763847351]},{"pos":[-88.094482421875,1094.9962158203126,-242.34158325195313,-0.6023528575897217,0,0.7982299327850342,0,1,0,-0.7982299327850342,0,-0.6023528575897217]},{"pos":[-88.3506851196289,1094.9962158203126,-242.2676239013672,-0.5624525547027588,0,0.8268295526504517,0,1,0,-0.8268295526504517,0,-0.5624525547027588]},{"pos":[-88.73516082763672,1094.9962158203126,-242.15725708007813,-0.5082609057426453,0,0.861203134059906,0,1,0,-0.861203134059906,0,-0.5082609057426453]},{"pos":[-88.86396026611328,1094.9962158203126,-242.122802734375,-0.491994172334671,0,0.8705984950065613,0,1,0,-0.8705984950065613,0,-0.491994172334671]},{"pos":[-89.25167846679688,1094.9962158203126,-242.02442932128907,-0.4447326064109802,0,0.8956633806228638,0,1,0,-0.8956633806228638,0,-0.4447326064109802]},{"pos":[-89.51032257080078,1094.9962158203126,-241.9595184326172,-0.4182712435722351,0,0.9083221554756165,0,1,0,-0.9083221554756165,0,-0.4182712435722351]},{"pos":[-89.7716064453125,1094.9962158203126,-241.9063262939453,-0.38988253474235537,0,0.9208645820617676,0,1,0,-0.9208645820617676,0,-0.38988253474235537]},{"pos":[-89.9039306640625,1094.9962158203126,-241.8905029296875,-0.37236812710762026,0,0.9280850887298584,0,1,0,-0.9280850887298584,0,-0.37236812710762026]},{"pos":[-90.1703872680664,1094.9962158203126,-241.8832244873047,-0.3281058669090271,0,0.9446409344673157,0,1,0,-0.9446409344673157,0,-0.3281058669090271]},{"pos":[-90.43672943115235,1094.9962158203126,-241.8953094482422,-0.279483824968338,0,0.960150420665741,0,1,0,-0.960150420665741,0,-0.279483824968338]},{"pos":[-90.83435821533203,1094.9962158203126,-241.9384002685547,-0.20309560000896455,0,0.9791589379310608,0,1,0,-0.9791589379310608,0,-0.20309560000896455]},{"pos":[-91.09937286376953,1094.9962158203126,-241.96800231933595,-0.16071654856204987,0,0.987000584602356,0,1,0,-0.987000584602356,0,-0.16071654856204987]},{"pos":[-91.36212158203125,1094.9962158203126,-242.01332092285157,-0.11644239723682404,0,0.9931974411010742,0,1,0,-0.9931974411010742,0,-0.11644239723682404]},{"pos":[-91.61624908447266,1094.9962158203126,-242.09349060058595,-0.06012881174683571,0,0.9981906414031982,0,1,0,-0.9981906414031982,0,-0.06012881174683571]},{"pos":[-91.86527252197266,1094.9962158203126,-242.18878173828126,-0.002837694715708494,0,0.9999959468841553,0,1,0,-0.9999959468841553,0,-0.002837694715708494]},{"pos":[-92.11009216308594,1094.9962158203126,-242.29444885253907,0.05247402563691139,0,0.9986222982406616,0,1,0,-0.9986222982406616,0,0.05247402563691139]},{"pos":[-92.3503189086914,1094.9962158203126,-242.41017150878907,0.1057625561952591,0,0.9943914413452148,0,1,0,-0.9943914413452148,0,0.1057625561952591]},{"pos":[-92.58733367919922,1094.9962158203126,-242.53237915039063,0.15529341995716096,0,0.9878683686256409,0,1,0,-0.9878683686256409,0,0.15529341995716096]},{"pos":[-92.82310485839844,1094.9962158203126,-242.65696716308595,0.19923049211502076,0,0.9799526333808899,0,1,0,-0.9799526333808899,0,0.19923049211502076]},{"pos":[-92.9222412109375,1094.9962158203126,-242.7094268798828,0.2034330815076828,0,0.9790888428688049,0,1,0,-0.9790888428688049,0,0.2034330815076828]},{"pos":[-92.9265365600586,1094.9962158203126,-242.71170043945313,0.20354917645454408,0,0.9790647029876709,0,1,0,-0.9790647029876709,0,0.20354917645454408]},{"pos":[-92.92662048339844,1094.9962158203126,-242.7117462158203,0.20355238020420075,0,0.9790640473365784,0,1,0,-0.9790640473365784,0,0.20355238020420075]},{"pos":[-92.92662048339844,1094.9962158203126,-242.7117462158203,0.2035524696111679,0,0.9790640473365784,0,1,0,-0.9790640473365784,0,0.2035524696111679]},{"pos":[-92.92662048339844,1094.9962158203126,-242.7117462158203,0.2035524696111679,0,0.9790640473365784,0,1,0,-0.9790640473365784,0,0.2035524696111679]},{"pos":[-92.92662048339844,1094.9962158203126,-242.7117462158203,0.2035524696111679,0,0.9790640473365784,0,1,0,-0.9790640473365784,0,0.2035524696111679]},{"pos":[-92.92662048339844,1094.9962158203126,-242.7117462158203,0.2035524696111679,0,0.9790640473365784,0,1,0,-0.9790640473365784,0,0.2035524696111679]},{"pos":[-92.92662048339844,1094.9962158203126,-242.7117462158203,0.2035524696111679,0,0.9790640473365784,0,1,0,-0.9790640473365784,0,0.2035524696111679]},{"pos":[-92.92662048339844,1094.9962158203126,-242.7117462158203,0.2035524696111679,0,0.9790640473365784,0,1,0,-0.9790640473365784,0,0.2035524696111679]},{"pos":[-92.92662048339844,1094.9962158203126,-242.7117462158203,0.2035524696111679,0,0.9790640473365784,0,1,0,-0.9790640473365784,0,0.2035524696111679]},{"pos":[-92.92662048339844,1094.9962158203126,-242.7117462158203,0.2035524696111679,0,0.9790640473365784,0,1,0,-0.9790640473365784,0,0.2035524696111679]},{"pos":[-92.92662048339844,1094.9962158203126,-242.7117462158203,0.2035524696111679,0,0.9790640473365784,0,1,0,-0.9790640473365784,0,0.2035524696111679]},{"pos":[-92.92662048339844,1094.9962158203126,-242.7117462158203,0.2035524696111679,0,0.9790640473365784,0,1,0,-0.9790640473365784,0,0.2035524696111679]},{"pos":[-92.92662048339844,1094.9962158203126,-242.7117462158203,0.2035524696111679,0,0.9790640473365784,0,1,0,-0.9790640473365784,0,0.2035524696111679]},{"pos":[-92.92662048339844,1094.9962158203126,-242.7117462158203,0.2035524696111679,0,0.9790640473365784,0,1,0,-0.9790640473365784,0,0.2035524696111679]},{"pos":[-92.92662048339844,1094.9962158203126,-242.7117462158203,0.2035524696111679,0,0.9790640473365784,0,1,0,-0.9790640473365784,0,0.2035524696111679]},{"pos":[-92.98639678955078,1094.9962158203126,-242.6114044189453,0.05590146407485008,0,0.9984362721443176,0,1,0,-0.9984362721443176,0,0.05590146407485008]},{"pos":[-93.13459014892578,1094.9962158203126,-242.41383361816407,-0.07682549953460694,0,0.997044563293457,0,1,0,-0.997044563293457,0,-0.07682549953460694]},{"pos":[-93.32117462158203,1094.9962158203126,-242.22410583496095,-0.17365187406539918,0,0.9848070740699768,0,1,0,-0.9848070740699768,0,-0.17365187406539918]},{"pos":[-93.52469635009766,1094.9962158203126,-242.05194091796876,-0.24388755857944489,0,0.969803512096405,0,1,0,-0.969803512096405,0,-0.24388755857944489]},{"pos":[-93.74259948730469,1094.9962158203126,-241.89837646484376,-0.2922006845474243,0,0.9563570022583008,0,1,0,-0.9563570022583008,0,-0.2922006845474243]},{"pos":[-93.96855163574219,1094.9962158203126,-241.75680541992188,-0.3263169825077057,0,0.9452604055404663,0,1,0,-0.9452604055404663,0,-0.3263169825077057]},{"pos":[-94.20978546142578,1094.9962158203126,-241.64353942871095,-0.3404397666454315,0,0.9402663111686707,0,1,0,-0.9402663111686707,0,-0.3404397666454315]},{"pos":[-94.46260070800781,1094.9962158203126,-241.5591583251953,-0.33773326873779299,0,0.9412418603897095,0,1,0,-0.9412418603897095,0,-0.33773326873779299]},{"pos":[-94.72279357910156,1094.9962158203126,-241.5012664794922,-0.32213690876960757,0,0.9466931223869324,0,1,0,-0.9466931223869324,0,-0.32213690876960757]},{"pos":[-94.98686218261719,1094.9962158203126,-241.46461486816407,-0.29803702235221865,0,0.9545543193817139,0,1,0,-0.9545543193817139,0,-0.29803702235221865]},{"pos":[-95.251220703125,1094.9962158203126,-241.4296417236328,-0.27588847279548647,0,0.9611896276473999,0,1,0,-0.9611896276473999,0,-0.27588847279548647]},{"pos":[-95.51768493652344,1094.9962158203126,-241.42431640625,-0.24245284497737885,0,0.9701631665229797,0,1,0,-0.9701631665229797,0,-0.24245284497737885]},{"pos":[-95.78428649902344,1094.9962158203126,-241.42922973632813,-0.20790411531925202,0,0.9781492352485657,0,1,0,-0.9781492352485657,0,-0.20790411531925202]},{"pos":[-96.05050659179688,1094.9962158203126,-241.44442749023438,-0.1726801097393036,0,0.9849779605865479,0,1,0,-0.9849779605865479,0,-0.1726801097393036]},{"pos":[-96.3152084350586,1094.9962158203126,-241.4763946533203,-0.13368283212184907,0,0.9910241961479187,0,1,0,-0.9910241961479187,0,-0.13368283212184907]},{"pos":[-96.57719421386719,1094.9962158203126,-241.52587890625,-0.09084565192461014,0,0.995864987373352,0,1,0,-0.995864987373352,0,-0.09084565192461014]},{"pos":[-96.8362808227539,1094.9962158203126,-241.58888244628907,-0.04659098759293556,0,0.9989140629768372,0,1,0,-0.9989140629768372,0,-0.04659098759293556]},{"pos":[-97.09308624267578,1094.9962158203126,-241.66067504882813,-0.0035583931021392347,0,0.9999936819076538,0,1,0,-0.9999936819076538,0,-0.0035583931021392347]},{"pos":[-97.34883880615235,1094.9962158203126,-241.7362060546875,0.03571159392595291,0,0.9993621110916138,0,1,0,-0.9993621110916138,0,0.03571159392595291]},{"pos":[-97.603271484375,1094.9962158203126,-241.8160400390625,0.07190319895744324,0,0.9974116086959839,0,1,0,-0.9974116086959839,0,0.07190319895744324]},{"pos":[-97.8560562133789,1094.9962158203126,-241.9009552001953,0.10579843819141388,0,0.9943875670433044,0,1,0,-0.9943875670433044,0,0.10579843819141388]},{"pos":[-98.1087417602539,1095.8692626953126,-241.98617553710938,0.13939879834651948,0,0.9902363419532776,0,1,0,-0.9902363419532776,0,0.13939879834651948]},{"pos":[-98.35948181152344,1096.6912841796876,-242.07688903808595,0.16893774271011353,0,0.9856266975402832,0,1,0,-0.9856266975402832,0,0.16893774271011353]},{"pos":[-98.60951232910156,1097.4588623046876,-242.1696014404297,0.1945398896932602,0,0.9808946251869202,0,1,0,-0.9808946251869202,0,0.1945398896932602]},{"pos":[-98.85954284667969,1098.1717529296876,-242.26231384277345,0.21652159094810487,0,0.9762778282165527,0,1,0,-0.9762778282165527,0,0.21652159094810487]},{"pos":[-99.10973358154297,1098.8304443359376,-242.35458374023438,0.23513682186603547,0,0.9719622731208801,0,1,0,-0.9719622731208801,0,0.23513682186603547]},{"pos":[-99.36055755615235,1099.4344482421876,-242.4451446533203,0.2502935230731964,0,0.9681699872016907,0,1,0,-0.9681699872016907,0,0.2502935230731964]},{"pos":[-99.61210632324219,1099.98388671875,-242.5336456298828,0.26220887899398806,0,0.9650111198425293,0,1,0,-0.9650111198425293,0,0.26220887899398806]},{"pos":[-99.86457824707031,1100.47900390625,-242.61949157714845,0.27107444405555727,0,0.962558388710022,0,1,0,-0.962558388710022,0,0.27107444405555727]},{"pos":[-100.11776733398438,1100.91943359375,-242.70318603515626,0.27746307849884035,0,0.9607362747192383,0,1,0,-0.9607362747192383,0,0.27746307849884035]},{"pos":[-100.43505096435547,1101.3935546875,-242.80535888671876,0.2828700542449951,0,0.9591582417488098,0,1,0,-0.9591582417488098,0,0.2828700542449951]},{"pos":[-100.62569427490235,1101.6370849609376,-242.86581420898438,0.28514018654823305,0,0.9584858417510986,0,1,0,-0.9584858417510986,0,0.28514018654823305]},{"pos":[-100.8803939819336,1101.9139404296876,-242.94482421875,0.28693318367004397,0,0.9579505920410156,0,1,0,-0.9579505920410156,0,0.28693318367004397]},{"pos":[-101.13522338867188,1102.1365966796876,-243.0233917236328,0.2881009578704834,0,0.9576000571250916,0,1,0,-0.9576000571250916,0,0.2881009578704834]},{"pos":[-101.39010620117188,1102.3045654296876,-243.10177612304688,0.2889663577079773,0,0.9573392271995544,0,1,0,-0.9573392271995544,0,0.2889663577079773]},{"pos":[-101.64501953125,1102.4180908203126,-243.1800537109375,0.28963345289230349,0,0.9571376442909241,0,1,0,-0.9571376442909241,0,0.28963345289230349]},{"pos":[-101.89993286132813,1102.4771728515626,-243.25830078125,0.29018324613571169,0,0.9569711089134216,0,1,0,-0.9569711089134216,0,0.29018324613571169]},{"pos":[-102.15487670898438,1102.4815673828126,-243.33651733398438,0.29063284397125246,0,0.9568346738815308,0,1,0,-0.9568346738815308,0,0.29063284397125246]},{"pos":[-102.40985107421875,1102.431640625,-243.4145965576172,0.2909601330757141,0,0.9567351937294006,0,1,0,-0.9567351937294006,0,0.2909601330757141]},{"pos":[-102.66482543945313,1102.3271484375,-243.49266052246095,0.29121753573417666,0,0.9566568732261658,0,1,0,-0.9566568732261658,0,0.29121753573417666]},{"pos":[-102.9197998046875,1102.1680908203126,-243.5707244873047,0.29143470525741579,0,0.9565907120704651,0,1,0,-0.9565907120704651,0,0.29143470525741579]},{"pos":[-103.23855590820313,1101.892822265625,-243.66822814941407,0.29163220524787905,0,0.9565305113792419,0,1,0,-0.9565305113792419,0,0.29163220524787905]},{"pos":[-103.4298095703125,1101.6866455078126,-243.7267303466797,0.29172608256340029,0,0.9565019011497498,0,1,0,-0.9565019011497498,0,0.29172608256340029]},{"pos":[-103.684814453125,1101.3642578125,-243.8047332763672,0.29183292388916018,0,0.9564692974090576,0,1,0,-0.9564692974090576,0,0.29183292388916018]},{"pos":[-103.9398193359375,1100.9873046875,-243.8827362060547,0.2919248044490814,0,0.9564412832260132,0,1,0,-0.9564412832260132,0,0.2919248044490814]},{"pos":[-104.19482421875,1100.5556640625,-243.9607391357422,0.2920037508010864,0,0.9564171433448792,0,1,0,-0.9564171433448792,0,0.2920037508010864]},{"pos":[-104.4498291015625,1100.06982421875,-244.0387420654297,0.2920715808868408,0,0.9563964605331421,0,1,0,-0.9563964605331421,0,0.2920715808868408]},{"pos":[-104.76858520507813,1099.3856201171876,-244.13624572753907,0.29214373230934145,0,0.9563744068145752,0,1,0,-0.9563744068145752,0,0.29214373230934145]},{"pos":[-104.9598388671875,1098.934326171875,-244.1947479248047,0.2921806871891022,0,0.9563631415367127,0,1,0,-0.9563631415367127,0,0.2921806871891022]},{"pos":[-105.21484375,1098.284912109375,-244.2727508544922,0.2922233045101166,0,0.9563500881195068,0,1,0,-0.9563500881195068,0,0.2922233045101166]},{"pos":[-105.4698486328125,1097.580810546875,-244.3507537841797,0.292260080575943,0,0.9563388824462891,0,1,0,-0.9563388824462891,0,0.292260080575943]},{"pos":[-105.724853515625,1096.8223876953126,-244.4287567138672,0.29229170083999636,0,0.9563292264938355,0,1,0,-0.9563292264938355,0,0.29229170083999636]},{"pos":[-105.9798583984375,1096.0093994140626,-244.5067596435547,0.2923188805580139,0,0.9563208818435669,0,1,0,-0.9563208818435669,0,0.2923188805580139]},{"pos":[-106.23486328125,1095.8868408203126,-244.5847625732422,0.29234224557876589,0,0.9563137292861939,0,1,0,-0.9563137292861939,0,0.29234224557876589]},{"pos":[-106.4898681640625,1095.88427734375,-244.6627655029297,0.2923623323440552,0,0.9563076496124268,0,1,0,-0.9563076496124268,0,0.2923623323440552]},{"pos":[-106.80862426757813,1095.740234375,-244.76026916503907,0.2923832833766937,0,0.956301212310791,0,1,0,-0.956301212310791,0,0.2923832833766937]},{"pos":[-107.06362915039063,1095.557373046875,-244.83827209472657,0.29239705204963686,0,0.956296980381012,0,1,0,-0.956296980381012,0,0.29239705204963686]},{"pos":[-107.31863403320313,1095.3656005859376,-244.91627502441407,0.29240888357162478,0,0.9562934041023254,0,1,0,-0.9562934041023254,0,0.29240888357162478]},{"pos":[-107.57363891601563,1095.364013671875,-244.99427795410157,0.29241910576820376,0,0.9562902450561523,0,1,0,-0.9562902450561523,0,0.29241910576820376]},{"pos":[-107.82864379882813,1095.3880615234376,-245.07228088378907,0.2924279570579529,0,0.9562875628471375,0,1,0,-0.9562875628471375,0,0.2924279570579529]},{"pos":[-108.08364868164063,1095.4049072265626,-245.15028381347657,0.2924356162548065,0,0.9562852382659912,0,1,0,-0.9562852382659912,0,0.2924356162548065]},{"pos":[-108.33865356445313,1095.41455078125,-245.22828674316407,0.2924422323703766,0,0.9562832117080689,0,1,0,-0.9562832117080689,0,0.2924422323703766]},{"pos":[-108.59365844726563,1095.419921875,-245.30628967285157,0.292447954416275,0,0.9562814235687256,0,1,0,-0.9562814235687256,0,0.292447954416275]},{"pos":[-108.84866333007813,1095.4228515625,-245.38429260253907,0.2924529016017914,0,0.9562799334526062,0,1,0,-0.9562799334526062,0,0.2924529016017914]},{"pos":[-108.95591735839844,1095.42431640625,-245.41709899902345,0.2924533784389496,0,0.9562797546386719,0,1,0,-0.9562797546386719,0,0.2924533784389496]},{"pos":[-108.9605712890625,1095.4251708984376,-245.41851806640626,0.292453408241272,0,0.9562797546386719,0,1,0,-0.9562797546386719,0,0.292453408241272]},{"pos":[-108.96066284179688,1095.4256591796876,-245.41854858398438,0.292453408241272,0,0.9562797546386719,0,1,0,-0.9562797546386719,0,0.292453408241272]},{"pos":[-108.96066284179688,1095.4259033203126,-245.41854858398438,0.292453408241272,0,0.9562797546386719,0,1,0,-0.9562797546386719,0,0.292453408241272]},{"pos":[-108.96066284179688,1095.426025390625,-245.41854858398438,0.292453408241272,0,0.9562797546386719,0,1,0,-0.9562797546386719,0,0.292453408241272]},{"pos":[-108.96066284179688,1095.426025390625,-245.41854858398438,0.292453408241272,0,0.9562797546386719,0,1,0,-0.9562797546386719,0,0.292453408241272]},{"pos":[-108.96066284179688,1095.426025390625,-245.41854858398438,0.292453408241272,0,0.9562797546386719,0,1,0,-0.9562797546386719,0,0.292453408241272]},{"pos":[-108.96066284179688,1095.426025390625,-245.41854858398438,0.292453408241272,0,0.9562797546386719,0,1,0,-0.9562797546386719,0,0.292453408241272]},{"pos":[-108.96066284179688,1095.426025390625,-245.41854858398438,0.292453408241272,0,0.9562797546386719,0,1,0,-0.9562797546386719,0,0.292453408241272]},{"pos":[-108.96066284179688,1095.426025390625,-245.41854858398438,0.292453408241272,0,0.9562797546386719,0,1,0,-0.9562797546386719,0,0.292453408241272]},{"pos":[-108.96066284179688,1095.426025390625,-245.41854858398438,0.292453408241272,0,0.9562797546386719,0,1,0,-0.9562797546386719,0,0.292453408241272]},{"pos":[-108.96066284179688,1095.426025390625,-245.41854858398438,0.292453408241272,0,0.9562797546386719,0,1,0,-0.9562797546386719,0,0.292453408241272]},{"pos":[-108.96066284179688,1095.426025390625,-245.41854858398438,0.292453408241272,0,0.9562797546386719,0,1,0,-0.9562797546386719,0,0.292453408241272]},{"pos":[-108.96066284179688,1095.426025390625,-245.41854858398438,0.292453408241272,0,0.9562797546386719,0,1,0,-0.9562797546386719,0,0.292453408241272]},{"pos":[-108.96066284179688,1095.426025390625,-245.41854858398438,0.292453408241272,0,0.9562797546386719,0,1,0,-0.9562797546386719,0,0.292453408241272]},{"pos":[-108.96066284179688,1095.426025390625,-245.41854858398438,0.292453408241272,0,0.9562797546386719,0,1,0,-0.9562797546386719,0,0.292453408241272]},{"pos":[-108.99483489990235,1095.426025390625,-245.2678680419922,0.09870729595422745,0,0.9951165318489075,0,1,0,-0.9951165318489075,0,0.09870729595422745]},{"pos":[-109.07904052734375,1095.426025390625,-245.02008056640626,-0.08236654847860336,0,0.9966021180152893,0,1,0,-0.9966021180152893,0,-0.08236654847860336]},{"pos":[-109.18794250488281,1095.426025390625,-244.77687072753907,-0.22538012266159059,0,0.9742708802223206,0,1,0,-0.9742708802223206,0,-0.22538012266159059]},{"pos":[-109.33792114257813,1095.426025390625,-244.55679321289063,-0.3231211006641388,0,0.9463576078414917,0,1,0,-0.9463576078414917,0,-0.3231211006641388]},{"pos":[-109.5264892578125,1095.426025390625,-244.36875915527345,-0.3815580904483795,0,0.9243448376655579,0,1,0,-0.9243448376655579,0,-0.3815580904483795]},{"pos":[-109.74144744873047,1095.426025390625,-244.21133422851563,-0.41209861636161806,0,0.9111392498016357,0,1,0,-0.9111392498016357,0,-0.41209861636161806]},{"pos":[-109.97085571289063,1095.426025390625,-244.0755615234375,-0.42598751187324526,0,0.9047290682792664,0,1,0,-0.9047290682792664,0,-0.42598751187324526]},{"pos":[-110.2072525024414,1095.426025390625,-243.95220947265626,-0.4312148690223694,0,0.902249276638031,0,1,0,-0.902249276638031,0,-0.4312148690223694]},{"pos":[-110.44935607910156,1095.426025390625,-243.84046936035157,-0.42977139353752139,0,0.9029377102851868,0,1,0,-0.9029377102851868,0,-0.42977139353752139]},{"pos":[-110.69720458984375,1095.426025390625,-243.74215698242188,-0.4218406677246094,0,0.9066699743270874,0,1,0,-0.9066699743270874,0,-0.4218406677246094]},{"pos":[-110.95048522949219,1095.426025390625,-243.6588592529297,-0.4075871407985687,0,0.9131662845611572,0,1,0,-0.9131662845611572,0,-0.4075871407985687]},{"pos":[-111.20680236816406,1095.426025390625,-243.58534240722657,-0.39031511545181277,0,0.9206812977790833,0,1,0,-0.9206812977790833,0,-0.39031511545181277]},{"pos":[-111.46330261230469,1096.299072265625,-243.5124053955078,-0.37272268533706667,0,0.9279427528381348,0,1,0,-0.9279427528381348,0,-0.37272268533706667]},{"pos":[-111.72222137451172,1097.12109375,-243.44869995117188,-0.35464712977409365,0,0.9350002408027649,0,1,0,-0.9350002408027649,0,-0.35464712977409365]},{"pos":[-111.98204803466797,1097.888671875,-243.38868713378907,-0.3371480107307434,0,0.9414516687393189,0,1,0,-0.9414516687393189,0,-0.3371480107307434]},{"pos":[-112.30734252929688,1098.7713623046876,-243.31591796875,-0.3169773519039154,0,0.9484331011772156,0,1,0,-0.9484331011772156,0,-0.3169773519039154]},{"pos":[-112.50294494628906,1099.26025390625,-243.27420043945313,-0.3057100176811218,0,0.9521246552467346,0,1,0,-0.9521246552467346,0,-0.3057100176811218]},{"pos":[-112.82945251464844,1100.0067138671876,-243.20709228515626,-0.28808096051216128,0,0.9576060771942139,0,1,0,-0.9576060771942139,0,-0.28808096051216128]},{"pos":[-113.025634765625,1100.4136962890626,-243.16822814941407,-0.2782755196094513,0,0.9605013132095337,0,1,0,-0.9605013132095337,0,-0.2782755196094513]},{"pos":[-113.28759002685547,1100.9088134765626,-243.11831665039063,-0.2658979892730713,0,0.9640011787414551,0,1,0,-0.9640011787414551,0,-0.2658979892730713]},{"pos":[-113.54981994628906,1101.3492431640626,-243.06985473632813,-0.2543465793132782,0,0.9671131372451782,0,1,0,-0.9671131372451782,0,-0.2543465793132782]},{"pos":[-113.81241607666016,1101.7353515625,-243.02345275878907,-0.24337899684906007,0,0.9699312448501587,0,1,0,-0.9699312448501587,0,-0.24337899684906007]},{"pos":[-114.07525634765625,1102.06689453125,-242.97840881347657,-0.23314279317855836,0,0.9724425077438355,0,1,0,-0.9724425077438355,0,-0.23314279317855836]},{"pos":[-114.33834838867188,1102.34375,-242.93490600585938,-0.22354353964328767,0,0.9746939539909363,0,1,0,-0.9746939539909363,0,-0.22354353964328767]},{"pos":[-114.60175323486328,1102.56640625,-242.89332580566407,-0.21431951224803925,0,0.9767636060714722,0,1,0,-0.9767636060714722,0,-0.21431951224803925]},{"pos":[-114.8654556274414,1102.734375,-242.85365295410157,-0.20538103580474854,0,0.9786821007728577,0,1,0,-0.9786821007728577,0,-0.20538103580474854]},{"pos":[-115.12943267822266,1102.847900390625,-242.8158416748047,-0.19671311974525453,0,0.980461061000824,0,1,0,-0.980461061000824,0,-0.19671311974525453]},{"pos":[-115.39364624023438,1102.906982421875,-242.77972412109376,-0.18835116922855378,0,0.9821017384529114,0,1,0,-0.9821017384529114,0,-0.18835116922855378]},{"pos":[-115.72396087646485,1102.9039306640626,-242.73486328125,-0.17904284596443177,0,0.9838413000106812,0,1,0,-0.9838413000106812,0,-0.17904284596443177]},{"pos":[-115.92221069335938,1102.8614501953126,-242.7084197998047,-0.17406432330608369,0,0.984734296798706,0,1,0,-0.984734296798706,0,-0.17406432330608369]},{"pos":[-116.18657684326172,1102.7569580078126,-242.67344665527345,-0.1681089848279953,0,0.9857684373855591,0,1,0,-0.9857684373855591,0,-0.1681089848279953]},{"pos":[-116.45098114013672,1102.597900390625,-242.6387481689453,-0.16280917823314668,0,0.9866575598716736,0,1,0,-0.9866575598716736,0,-0.16280917823314668]},{"pos":[-116.71538543701172,1102.384521484375,-242.6040802001953,-0.15819720923900605,0,0.9874075651168823,0,1,0,-0.9874075651168823,0,-0.15819720923900605]},{"pos":[-117.04589080810547,1102.0408935546876,-242.5607452392578,-0.15327297151088715,0,0.9881839156150818,0,1,0,-0.9881839156150818,0,-0.15327297151088715]},{"pos":[-117.24419403076172,1101.7940673828126,-242.5347442626953,-0.1507500857114792,0,0.9885718822479248,0,1,0,-0.9885718822479248,0,-0.1507500857114792]},{"pos":[-117.50859832763672,1101.4171142578126,-242.5000762939453,-0.14783735573291779,0,0.9890117049217224,0,1,0,-0.9890117049217224,0,-0.14783735573291779]},{"pos":[-117.97130584716797,1100.626220703125,-242.4394073486328,-0.1435231864452362,0,0.9896469712257385,0,1,0,-0.9896469712257385,0,-0.1435231864452362]},{"pos":[-118.10350799560547,1100.36962890625,-242.4220733642578,-0.1424858719110489,0,0.9897968173027039,0,1,0,-0.9897968173027039,0,-0.1424858719110489]},{"pos":[-118.30181121826172,1099.9591064453126,-242.3960723876953,-0.14114144444465638,0,0.9899894595146179,0,1,0,-0.9899894595146179,0,-0.14114144444465638]},{"pos":[-118.56621551513672,1099.3641357421876,-242.36134338378907,-0.13960644602775575,0,0.9902070760726929,0,1,0,-0.9902070760726929,0,-0.13960644602775575]},{"pos":[-118.83186340332031,1099.273681640625,-242.3385467529297,-0.13347181677818299,0,0.9910526275634766,0,1,0,-0.9910526275634766,0,-0.13347181677818299]},{"pos":[-119.0981674194336,1099.27197265625,-242.34580993652345,-0.11477838456630707,0,0.9933910965919495,0,1,0,-0.9933910965919495,0,-0.11477838456630707]},{"pos":[-119.36243438720703,1099.1680908203126,-242.38026428222657,-0.08369593322277069,0,0.9964913129806519,0,1,0,-0.9964913129806519,0,-0.08369593322277069]},{"pos":[-119.62285614013672,1098.9989013671876,-242.4373321533203,-0.04368479177355766,0,0.9990453720092773,0,1,0,-0.9990453720092773,0,-0.04368479177355766]},{"pos":[-119.87664794921875,1098.775146484375,-242.5188751220703,0.0038548638112843038,0,0.9999925494194031,0,1,0,-0.9999925494194031,0,0.0038548638112843038]},{"pos":[-120.2425765991211,1098.33740234375,-242.68016052246095,0.08634912967681885,0,0.9962649345397949,0,1,0,-0.9962649345397949,0,0.08634912967681885]},{"pos":[-120.47551727294922,1098.311767578125,-242.80978393554688,0.14296425879001618,0,0.9897278547286987,0,1,0,-0.9897278547286987,0,0.14296425879001618]},{"pos":[-120.69415283203125,1098.3111572265626,-242.96226501464845,0.2045654058456421,0,0.9788528680801392,0,1,0,-0.9788528680801392,0,0.2045654058456421]},{"pos":[-120.78572082519531,1098.2701416015626,-243.02699279785157,0.21053773164749146,0,0.9775857329368591,0,1,0,-0.9775857329368591,0,0.21053773164749146]},{"pos":[-120.78968811035156,1098.2698974609376,-243.02980041503907,0.21070267260074616,0,0.977550208568573,0,1,0,-0.977550208568573,0,0.21070267260074616]},{"pos":[-120.78975677490235,1098.275146484375,-243.02984619140626,0.21070657670497895,0,0.9775493741035461,0,1,0,-0.9775493741035461,0,0.21070657670497895]},{"pos":[-120.78976440429688,1098.2840576171876,-243.02984619140626,0.21070733666419984,0,0.9775491952896118,0,1,0,-0.9775491952896118,0,0.21070733666419984]},{"pos":[-120.78976440429688,1098.2894287109376,-243.02984619140626,0.21070735156536103,0,0.9775491952896118,0,1,0,-0.9775491952896118,0,0.21070735156536103]},{"pos":[-120.78976440429688,1098.2923583984376,-243.02984619140626,0.21070735156536103,0,0.9775491952896118,0,1,0,-0.9775491952896118,0,0.21070735156536103]},{"pos":[-120.78976440429688,1098.2940673828126,-243.02984619140626,0.21070735156536103,0,0.9775491952896118,0,1,0,-0.9775491952896118,0,0.21070735156536103]},{"pos":[-120.78976440429688,1098.294921875,-243.02984619140626,0.21070735156536103,0,0.9775491952896118,0,1,0,-0.9775491952896118,0,0.21070735156536103]},{"pos":[-120.78976440429688,1098.29541015625,-243.02984619140626,0.21070735156536103,0,0.9775491952896118,0,1,0,-0.9775491952896118,0,0.21070735156536103]},{"pos":[-120.78976440429688,1098.295654296875,-243.02984619140626,0.21070735156536103,0,0.9775491952896118,0,1,0,-0.9775491952896118,0,0.21070735156536103]},{"pos":[-120.78976440429688,1098.2957763671876,-243.02984619140626,0.21070735156536103,0,0.9775491952896118,0,1,0,-0.9775491952896118,0,0.21070735156536103]},{"pos":[-120.78976440429688,1098.2957763671876,-243.02984619140626,0.21070735156536103,0,0.9775491952896118,0,1,0,-0.9775491952896118,0,0.21070735156536103]},{"pos":[-120.78976440429688,1098.2957763671876,-243.02984619140626,0.21070735156536103,0,0.9775491952896118,0,1,0,-0.9775491952896118,0,0.21070735156536103]},{"pos":[-120.78976440429688,1098.2957763671876,-243.02984619140626,0.21070735156536103,0,0.9775491952896118,0,1,0,-0.9775491952896118,0,0.21070735156536103]},{"pos":[-120.78976440429688,1098.2957763671876,-243.02984619140626,0.21070735156536103,0,0.9775491952896118,0,1,0,-0.9775491952896118,0,0.21070735156536103]},{"pos":[-120.78976440429688,1098.2957763671876,-243.02984619140626,0.21070735156536103,0,0.9775491952896118,0,1,0,-0.9775491952896118,0,0.21070735156536103]},{"pos":[-120.78976440429688,1098.2957763671876,-243.02984619140626,0.21070735156536103,0,0.9775491952896118,0,1,0,-0.9775491952896118,0,0.21070735156536103]},{"pos":[-120.78976440429688,1098.2957763671876,-243.02984619140626,0.21070735156536103,0,0.9775491952896118,0,1,0,-0.9775491952896118,0,0.21070735156536103]},{"pos":[-120.78976440429688,1098.2957763671876,-243.02984619140626,0.21070735156536103,0,0.9775491952896118,0,1,0,-0.9775491952896118,0,0.21070735156536103]},{"pos":[-120.90507507324219,1098.2957763671876,-243.1326904296875,0.27096983790397646,0,0.962587833404541,0,1,0,-0.962587833404541,0,0.27096983790397646]},{"pos":[-121.07931518554688,1098.2957763671876,-243.32794189453126,0.3430243134498596,0,0.9393265247344971,0,1,0,-0.9393265247344971,0,0.3430243134498596]},{"pos":[-121.23664093017578,1098.2957763671876,-243.5430145263672,0.41631874442100527,0,0.9092187285423279,0,1,0,-0.9092187285423279,0,0.41631874442100527]},{"pos":[-121.3697280883789,1098.2957763671876,-243.77394104003907,0.490459144115448,0,0.871464192867279,0,1,0,-0.871464192867279,0,0.490459144115448]},{"pos":[-121.47781372070313,1098.2957763671876,-244.01759338378907,0.5636882781982422,0,0.8259876370429993,0,1,0,-0.8259876370429993,0,0.5636882781982422]},{"pos":[-121.568359375,1098.2957763671876,-244.26837158203126,0.6312560439109802,0,0.7755745053291321,0,1,0,-0.7755745053291321,0,0.6312560439109802]},{"pos":[-121.64836120605469,1098.2957763671876,-244.52273559570313,0.6902785301208496,0,0.7235437631607056,0,1,0,-0.7235437631607056,0,0.6902785301208496]},{"pos":[-121.72180938720703,1098.2957763671876,-244.77908325195313,0.74027323722839