{"data":[{"type":"position","time":0.003674745559692383,"pos":[6.626255989074707,308.0314636230469,-1.5193535089492798,-0.3313721716403961,-6.32158414504147e-9,-0.9435001015663147,5.229728206046502e-9,1,-8.536904516631694e-9,0.9435001015663147,-7.763142129135759e-9,-0.3313721716403961]},{"type":"position","time":0.016989707946777345,"pos":[6.626255989074707,308.0314636230469,-1.5193535089492798,-0.3313721716403961,-3.508150214770467e-8,-0.9435001015663147,2.9253778066617998e-8,1,-4.745668746863885e-8,0.9435001015663147,-4.3326771503870989e-8,-0.3313721716403961]},{"type":"position","time":0.03377938270568848,"pos":[6.626255989074707,308.0314636230469,-1.5193535089492798,-0.3313721716403961,-6.381683448353215e-8,-0.9435001015663147,5.325729901528575e-8,1,-8.634319925704404e-8,0.9435001015663147,-7.886000474854882e-8,-0.3313721716403961]},{"type":"position","time":0.04998612403869629,"pos":[6.626255989074707,308.0314636230469,-1.5193535089492798,-0.3313721716403961,-7.81752902412336e-8,-0.9435001015663147,6.525137052904029e-8,1,-1.057739922316614e-7,0.9435001015663147,-9.66152313708335e-8,-0.3313721716403961]},{"type":"position","time":0.06669855117797852,"pos":[6.626255989074707,308.0314636230469,-1.5193535089492798,-0.3313721716403961,-5.691720517120302e-8,-0.9435001015663147,4.751857574092355e-8,1,-7.701486737232699e-8,0.9435001015663147,-7.035436766500425e-8,-0.3313721716403961]},{"type":"position","time":0.08374261856079102,"pos":[6.626255989074707,308.0314636230469,-1.5193535089492798,-0.3313721716403961,-2.5064146313980019e-8,-0.9435001015663147,2.0947798162751498e-8,1,-3.392226588516678e-8,0.9435001015663147,-3.1005146894358407e-8,-0.3313721716403961]},{"type":"position","time":0.10045742988586426,"pos":[6.626255989074707,308.0314636230469,-1.5193535089492798,-0.3313721716403961,-3.851457819337156e-9,-0.9435001015663147,3.252869973380257e-9,1,-5.224555010840959e-9,0.9435001015663147,-4.800355224432451e-9,-0.3313721716403961]},{"type":"position","time":0.11706900596618653,"pos":[6.626255989074707,308.0314636230469,-1.5193535089492798,-0.3313721716403961,1.7343101177402788e-8,-0.9435001015663147,-1.4426935202038749e-8,1,2.3448629704603264e-8,0.9435001015663147,2.1382039250283925e-8,-0.3313721716403961]},{"type":"position","time":0.13400506973266602,"pos":[6.626255989074707,308.0314636230469,-1.5193535089492798,-0.3313721716403961,3.8519544887094528e-8,-0.9435001015663147,-3.2091630686181818e-8,1,5.209730957744796e-8,0.9435001015663147,4.7542055625626747e-8,-0.3313721716403961]},{"type":"position","time":0.1507854461669922,"pos":[6.626255989074707,308.0314636230469,-1.5193535089492798,-0.3313721716403961,5.967789462602014e-8,-0.9435001015663147,-4.97412280253684e-8,1,8.07215059239752e-8,0.9435001015663147,7.367971477378888e-8,-0.3313721716403961]},{"type":"position","time":0.16739106178283692,"pos":[6.626255989074707,308.0314636230469,-1.5193535089492798,-0.3313721716403961,8.081815394689329e-8,-0.9435001015663147,-6.737573698956112e-8,1,1.0932123473139655e-7,0.9435001015663147,9.979503090562503e-8,-0.3313721716403961]},{"type":"position","time":0.18416404724121095,"pos":[6.626255989074707,308.0314636230469,-1.5193535089492798,-0.3313721716403961,5.385745893704552e-8,-0.9435001015663147,-4.490550864488796e-8,1,7.285414937996393e-8,0.9435001015663147,6.651018935599495e-8,-0.3313721716403961]},{"type":"position","time":0.20084023475646974,"pos":[6.626255989074707,308.0314636230469,-1.5193535089492798,-0.3313721716403961,2.691981748625949e-8,-0.9435001015663147,-2.2454477388578199e-8,1,3.641823198563543e-8,0.9435001015663147,3.325379083207736e-8,-0.3313721716403961]},{"type":"position","time":0.21742987632751466,"pos":[6.626255989074707,308.0314636230469,-1.5193535089492798,-0.3313721716403961,5.200672358041114e-12,-0.9435001015663147,-2.2628683649106308e-11,1,1.3459657867420649e-11,0.9435001015663147,2.581032262916061e-11,-0.3313721716403961]},{"type":"position","time":0.23463940620422364,"pos":[6.626255989074707,308.0314636230469,-1.5193535089492798,-0.3313721716403961,-2.688640954318089e-8,-0.9435001015663147,2.239005603144051e-8,1,-3.6360198407692226e-8,0.9435001015663147,-3.317377661460341e-8,-0.3313721716403961]},{"type":"position","time":0.2508425712585449,"pos":[6.626255989074707,308.0314636230469,-1.5193535089492798,-0.3313721716403961,-5.3755030648972027e-8,-0.9435001015663147,4.478359016957256e-8,1,-7.270276114468288e-8,0.9435001015663147,-6.634499527535809e-8,-0.3313721716403961]},{"type":"position","time":0.2668571472167969,"pos":[6.626255989074707,308.0314636230469,-1.5193535089492798,-0.3313721716403961,-6.718072853573176e-8,-0.9435001015663147,5.597318164518583e-8,1,-9.086239316502543e-8,0.9435001015663147,-8.291997488640846e-8,-0.3313721716403961]},{"type":"position","time":0.28400373458862307,"pos":[6.626255989074707,308.0314636230469,-1.5193535089492798,-0.3313721716403961,-4.1683435370032387e-8,-0.9435001015663147,3.473591903002671e-8,1,-5.637937761093781e-8,0.9435001015663147,-5.1455902649877319e-8,-0.3313721716403961]},{"type":"position","time":0.3004934787750244,"pos":[6.626255989074707,308.0314636230469,-1.5193535089492798,-0.3313721716403961,-2.4703398437964098e-8,-0.9435001015663147,2.0592862526314094e-8,1,-3.341525811606516e-8,0.9435001015663147,-3.0502256720410517e-8,-0.3313721716403961]},{"type":"position","time":0.3175375461578369,"pos":[6.626255989074707,308.0314636230469,-1.5193535089492798,-0.3313721716403961,-7.737876117630549e-9,-0.9435001015663147,6.461891466358338e-9,1,-1.0470763811554207e-8,0.9435001015663147,-9.566515579706447e-9,-0.3313721716403961]},{"type":"position","time":0.3340890407562256,"pos":[6.626255989074707,308.0314636230469,-1.5193535089492798,-0.3313721716403961,9.213147578179815e-9,-0.9435001015663147,-7.657005696160013e-9,1,1.2454122177985028e-8,0.9435001015663147,1.135133587126802e-8,-0.3313721716403961]},{"type":"position","time":0.3507649898529053,"pos":[6.626255989074707,308.0314636230469,-1.5193535089492798,-0.3313721716403961,2.614968330760803e-8,-0.9435001015663147,-2.1763838731203579e-8,1,3.5359416727942519e-8,0.9435001015663147,3.225131095518918e-8,-0.3313721716403961]},{"type":"position","time":0.3676481246948242,"pos":[6.626255989074707,308.0314636230469,-1.5193535089492798,-0.3313721716403961,4.307174350515197e-8,-0.9435001015663147,-3.585861918509181e-8,1,5.8245134937351398e-8,0.9435001015663147,5.3133426547447019e-8,-0.3313721716403961]},{"type":"position","time":0.38431859016418459,"pos":[6.626255989074707,308.0314636230469,-1.5193535089492798,-0.3313721716403961,5.997934238166636e-8,-0.9435001015663147,-4.994135593960891e-8,1,8.111129545795848e-8,0.9435001015663147,7.399770396432359e-8,-0.3313721716403961]},{"type":"position","time":0.40057826042175295,"pos":[6.626255989074707,308.0314636230469,-1.5193535089492798,-0.3313721716403961,7.687248881893538e-8,-0.9435001015663147,-6.401205610018224e-8,1,1.039579089479048e-7,0.9435001015663147,9.484414675853259e-8,-0.3313721716403961]},{"type":"position","time":0.41727161407470705,"pos":[6.626255989074707,308.0314636230469,-1.5193535089492798,-0.3313721716403961,4.935480646395263e-8,-0.9435001015663147,-4.110012241653749e-8,1,6.674535057982212e-8,0.9435001015663147,6.089552329058279e-8,-0.3313721716403961]},{"type":"position","time":0.4338850975036621,"pos":[6.626255989074707,308.0314636230469,-1.5193535089492798,-0.3313721716403961,3.560479200359623e-8,-0.9435001015663147,-2.9651497257532357e-8,1,4.815099785560051e-8,0.9435001015663147,4.393209351860605e-8,-0.3313721716403961]},{"type":"position","time":0.45072340965270998,"pos":[6.626255989074707,308.0314636230469,-1.5193535089492798,-0.3313721716403961,-5.609998243727432e-9,-0.9435001015663147,4.6650394658342979e-9,1,-7.584378458602714e-9,0.9435001015663147,-6.914717687322991e-9,-0.3313721716403961]},{"type":"position","time":0.4677004814147949,"pos":[6.626255989074707,308.0314636230469,-1.5193535089492798,-0.3313721716403961,-3.305716944623782e-8,-0.9435001015663147,2.7518298750806026e-8,1,-4.4701600643293207e-8,0.9435001015663147,-4.077638493527047e-8,-0.3313721716403961]},{"type":"position","time":0.4845750331878662,"pos":[6.626255989074707,308.0314636230469,-1.5193535089492798,-0.3313721716403961,-6.048087897170262e-8,-0.9435001015663147,5.0352028324596179e-8,1,-8.178709975936727e-8,0.9435001015663147,-7.46091188830178e-8,-0.3313721716403961]},{"type":"position","time":0.5004415512084961,"pos":[6.626255989074707,308.0314636230469,-1.5193535089492798,-0.3313721716403961,-6.414071407334632e-8,-0.9435001015663147,5.340077180449043e-8,1,-8.673686835436456e-8,0.9435001015663147,-7.912581878599667e-8,-0.3313721716403961]},{"type":"position","time":0.5174119472503662,"pos":[6.626255989074707,308.0314636230469,-1.5193535089492798,-0.3313721716403961,-4.4067146376391977e-8,-0.9435001015663147,3.668988668437123e-8,1,-5.959210014339078e-8,0.9435001015663147,-5.436407590764247e-8,-0.3313721716403961]},{"type":"position","time":0.5339145660400391,"pos":[6.626255989074707,308.0314636230469,-1.5193535089492798,-0.3313721716403961,-2.401073295743572e-8,-0.9435001015663147,1.9993283473240809e-8,1,-3.247053115273957e-8,0.9435001015663147,-2.962349654467289e-8,-0.3313721716403961]},{"type":"position","time":0.5507605075836182,"pos":[6.626255989074707,308.0314636230469,-1.5193535089492798,-0.3313721716403961,-3.971462714247309e-9,-0.9435001015663147,3.3109501806904974e-9,1,-5.372144951110158e-9,0.9435001015663147,-4.904061157162687e-9,-0.3313721716403961]},{"type":"position","time":0.5674269199371338,"pos":[6.626255989074707,308.0314636230469,-1.5193535089492798,-0.3313721716403961,1.6050679008117187e-8,-0.9435001015663147,-1.3357126071866788e-8,1,2.170308022186873e-8,0.9435001015663147,1.979424624209969e-8,-0.3313721716403961]},{"type":"position","time":0.5841953754425049,"pos":[6.626255989074707,308.0314636230469,-1.5193535089492798,-0.3313721716403961,3.605570597642327e-8,-0.9435001015663147,-3.001095905119655e-8,1,4.8755165238389966e-8,0.9435001015663147,4.447144874575315e-8,-0.3313721716403961]},{"type":"position","time":0.6006405353546143,"pos":[6.626255989074707,308.0314636230469,-1.5193535089492798,-0.3313721716403961,5.6043635510150128e-8,-0.9435001015663147,-4.665055897135062e-8,1,7.578412919428956e-8,0.9435001015663147,6.912755878829557e-8,-0.3313721716403961]},{"type":"position","time":0.6172196865081787,"pos":[6.626255989074707,308.0314636230469,-1.5193535089492798,-0.3313721716403961,7.601448714922299e-8,-0.9435001015663147,-6.327593382593477e-8,1,1.0278998985313592e-7,0.9435001015663147,9.376259413329535e-8,-0.3313721716403961]},{"type":"position","time":0.6344406604766846,"pos":[6.626255989074707,308.0314636230469,-1.5193535089492798,-0.3313721716403961,5.070704389709135e-8,-0.9435001015663147,-4.221026017603435e-8,1,6.856846113123538e-8,0.9435001015663147,6.254706619301942e-8,-0.3313721716403961]},{"type":"position","time":0.6505284309387207,"pos":[6.626255989074707,308.0314636230469,-1.5193535089492798,-0.3313721716403961,2.5421236671263615e-8,-0.9435001015663147,-2.1162586349987579e-8,1,3.4376178348338729e-8,0.9435001015663147,3.135821202704392e-8,-0.3313721716403961]},{"type":"position","time":0.6677634716033936,"pos":[6.626255989074707,308.0314636230469,-1.5193535089492798,-0.3313721716403961,1.5704376687963873e-10,-0.9435001015663147,-1.3289871980681767e-10,1,2.131241849667731e-10,0.9435001015663147,1.9601338607788677e-10,-0.3313721716403961]},{"type":"position","time":0.6848864555358887,"pos":[6.626255989074707,308.0314636230469,-1.5193535089492798,-0.3313721716403961,-2.508555141389479e-8,-0.9435001015663147,2.0878816897607068e-8,1,-3.392072756014386e-8,0.9435001015663147,-3.093955314170671e-8,-0.3313721716403961]},{"type":"position","time":0.7030329704284668,"pos":[6.626255989074707,308.0314636230469,-1.5193535089492798,-0.3313721716403961,-5.0306571353075927e-8,-0.9435001015663147,4.1872578293578047e-8,1,-6.802540752914865e-8,0.9435001015663147,-6.204850677704599e-8,-0.3313721716403961]},{"type":"position","time":0.7178289890289307,"pos":[6.626255989074707,308.0314636230469,-1.5193535089492798,-0.3313721716403961,-7.550602987294042e-8,-0.9435001015663147,6.284840026182792e-8,1,-1.0210092682427785e-7,0.9435001015663147,-9.313087900864048e-8,-0.3313721716403961]},{"type":"position","time":0.7332701683044434,"pos":[6.626255989074707,308.0314636230469,-1.5193535089492798,-0.3313721716403961,-6.449675282738099e-8,-0.9435001015663147,5.368490363366618e-8,1,-8.721401911770954e-8,0.9435001015663147,-7.95520165297603e-8,-0.3313721716403961]},{"type":"position","time":0.7498815059661865,"pos":[6.626255989074707,308.0314636230469,-1.5193535089492798,-0.3313721716403961,-4.249232077313536e-8,-0.9435001015663147,3.536966275419218e-8,1,-5.745928532974176e-8,0.9435001015663147,-5.2411689210885018e-8,-0.3313721716403961]},{"type":"position","time":0.7667570114135742,"pos":[6.626255989074707,308.0314636230469,-1.5193535089492798,-0.3313721716403961,-9.520929822315339e-9,-0.9435001015663147,7.926146849968064e-9,1,-1.2874862953538014e-8,0.9435001015663147,-1.1744692329784812e-8,-0.3313721716403961]},{"type":"position","time":0.7832024097442627,"pos":[6.626255989074707,308.0314636230469,-1.5193535089492798,-0.3313721716403961,1.4601386766344149e-9,-0.9435001015663147,-1.2138731131372538e-9,1,1.9739081480452116e-9,0.9435001015663147,1.7993877499122846e-9,-0.3313721716403961]},{"type":"position","time":0.7998387813568115,"pos":[6.626255989074707,308.0314636230469,-1.5193535089492798,-0.3313721716403961,2.3408198046581675e-8,-0.9435001015663147,-1.9482195412479088e-8,1,3.165241224678539e-8,0.9435001015663147,2.887018268893371e-8,-0.3313721716403961]},{"type":"position","time":0.8164229393005371,"pos":[6.626255989074707,308.0314636230469,-1.5193535089492798,-0.3313721716403961,4.533749731194803e-8,-0.9435001015663147,-3.7734903202135686e-8,1,6.130555618710787e-8,0.9435001015663147,5.591784102421116e-8,-0.3313721716403961]},{"type":"position","time":0.833195686340332,"pos":[6.626255989074707,308.0314636230469,-1.5193535089492798,-0.3313721716403961,6.724805956537239e-8,-0.9435001015663147,-5.597201280238551e-8,1,9.093334796261843e-8,0.9435001015663147,8.294238540429433e-8,-0.3313721716403961]},{"type":"position","time":0.849858283996582,"pos":[6.626255989074707,308.0314636230469,-1.5193535089492798,-0.3313721716403961,6.557206688739825e-8,-0.9435001015663147,-5.457737017877662e-8,1,8.86671713828946e-8,0.9435001015663147,8.087558711622478e-8,-0.3313721716403961]},{"type":"position","time":0.8665549755096436,"pos":[6.626255989074707,308.0314636230469,-1.5193535089492798,-0.3313721716403961,4.033975997685957e-8,-0.9435001015663147,-3.3576132096868608e-8,1,5.4547907524238329e-8,0.9435001015663147,4.975474254820256e-8,-0.3313721716403961]},{"type":"position","time":0.8832046985626221,"pos":[6.626255989074707,308.0314636230469,-1.5193535089492798,-0.3313721716403961,1.5129025143778564e-8,-0.9435001015663147,-1.259284498900115e-8,1,2.0457806115814493e-8,0.9435001015663147,1.8660498923850356e-8,-0.3313721716403961]},{"type":"position","time":0.9004857540130615,"pos":[6.626255989074707,308.0314636230469,-1.5193535089492798,-0.3313721716403961,-2.2646677422244467e-8,-0.9435001015663147,1.884846767552517e-8,1,-3.0622715030403927e-8,0.9435001015663147,-2.793104592058171e-8,-0.3313721716403961]},{"type":"position","time":0.9168648719787598,"pos":[6.626255989074707,308.0314636230469,-1.5193535089492798,-0.3313721716403961,-4.780357087952325e-8,-0.9435001015663147,3.978695062301085e-8,1,-6.464001245376494e-8,0.9435001015663147,-5.895889643170449e-8,-0.3313721716403961]},{"type":"position","time":0.9330775737762451,"pos":[6.626255989074707,308.0314636230469,-1.5193535089492798,-0.3313721716403961,-6.037394939539809e-8,-0.9435001015663147,5.024948279697128e-8,1,-8.163775788716521e-8,0.9435001015663147,-7.446287497714366e-8,-0.3313721716403961]},{"type":"position","time":0.9497165679931641,"pos":[6.626255989074707,308.0314636230469,-1.5193535089492798,-0.3313721716403961,-6.253495854480207e-8,-0.9435001015663147,5.2048303444962588e-8,1,-8.455994304767955e-8,0.9435001015663147,-7.712839078521938e-8,-0.3313721716403961]},{"type":"position","time":0.9663147926330566,"pos":[6.626255989074707,308.0314636230469,-1.5193535089492798,-0.3313721716403961,-4.174028589432055e-8,-0.9435001015663147,3.474092480360014e-8,1,-5.644139378091495e-8,0.9435001015663147,-5.14811766549883e-8,-0.3313721716403961]},{"type":"position","time":0.9832425117492676,"pos":[6.626255989074707,308.0314636230469,-1.5193535089492798,-0.3313721716403961,-2.0963385694017235e-8,-0.9435001015663147,1.7448343214709895e-8,1,-2.8346876845830594e-8,0.9435001015663147,-2.5855880991798587e-8,-0.3313721716403961]},{"type":"position","time":1.0006730556488038,"pos":[6.626255989074707,308.0314636230469,-1.5193535089492798,-0.3313721716403961,1.0168671238375282e-8,-0.9435001015663147,-8.462821554644507e-9,1,1.3749881233593442e-8,0.9435001015663147,1.2541001126464835e-8,-0.3313721716403961]},{"type":"position","time":1.0192160606384278,"pos":[6.626255989074707,308.0314636230469,-1.5193535089492798,-0.3313721716403961,3.090120515025774e-8,-0.9435001015663147,-2.5718478013914138e-8,1,4.1784407045497576e-8,0.9435001015663147,3.811157611721683e-8,-0.3313721716403961]},{"type":"position","time":1.0329771041870118,"pos":[6.626255989074707,308.0314636230469,-1.5193535089492798,-0.3313721716403961,4.126082586708435e-8,-0.9435001015663147,-3.434077555652948e-8,1,5.5792682474020697e-8,0.9435001015663147,5.088866927849267e-8,-0.3313721716403961]},{"type":"position","time":1.049722671508789,"pos":[6.626255989074707,308.0314636230469,-1.5193535089492798,-0.3313721716403961,6.196678725700622e-8,-0.9435001015663147,-5.157431459679174e-8,1,8.379127791613428e-8,0.9435001015663147,7.642646693284405e-8,-0.3313721716403961]},{"type":"position","time":1.0671916007995606,"pos":[6.626255989074707,308.0314636230469,-1.5193535089492798,-0.3313721716403961,4.922774365923033e-8,-0.9435001015663147,-4.0971887216301187e-8,1,6.656564011109367e-8,0.9435001015663147,6.07149814868535e-8,-0.3313721716403961]},{"type":"position","time":1.083498239517212,"pos":[6.626255989074707,308.0314636230469,-1.5193535089492798,-0.3313721716403961,3.7692451826387699e-8,-0.9435001015663147,-3.137120785368097e-8,1,5.096766741985448e-8,0.9435001015663147,4.64880045569771e-8,-0.3313721716403961]},{"type":"position","time":1.1012670993804932,"pos":[6.626255989074707,308.0314636230469,-1.5193535089492798,-0.3313721716403961,3.11615688808331e-9,-0.9435001015663147,-2.5937860748115328e-9,1,4.213741355840739e-9,0.9435001015663147,3.843553919580245e-9,-0.3313721716403961]},{"type":"position","time":1.1165170669555665,"pos":[6.626255989074707,308.0314636230469,-1.5193535089492798,-0.3313721716403961,-8.399421602689472e-9,-0.9435001015663147,6.990489520575238e-9,1,-1.1357577101023253e-8,0.9435001015663147,-1.0359112678770544e-8,-0.3313721716403961]},{"type":"position","time":1.1342203617095948,"pos":[6.626255989074707,308.0314636230469,-1.5193535089492798,-0.3313721716403961,-4.291662847322186e-8,-0.9435001015663147,3.571874529484376e-8,1,-5.803160618711445e-8,0.9435001015663147,-5.293069804679362e-8,-0.3313721716403961]},{"type":"position","time":1.150848388671875,"pos":[6.626255989074707,308.0314636230469,-1.5193535089492798,-0.3313721716403961,-6.590351375734827e-8,-0.9435001015663147,5.4850456621124979e-8,1,-8.911437987535465e-8,0.9435001015663147,-8.128143491603623e-8,-0.3313721716403961]},{"type":"position","time":1.167325496673584,"pos":[6.626255989074707,308.0314636230469,-1.5193535089492798,-0.3313721716403961,-7.73895862948848e-8,-0.9435001015663147,6.441018030045598e-8,1,-1.0464579958124887e-7,0.9435001015663147,-9.5447717285424e-8,-0.3313721716403961]},{"type":"position","time":1.1842451095581055,"pos":[6.626255989074707,308.0314636230469,-1.5193535089492798,-0.3313721716403961,-4.10611065149169e-8,-0.9435001015663147,3.41746115850583e-8,1,-5.5522644260008749e-8,0.9435001015663147,-5.0642409377132938e-8,-0.3313721716403961]},{"type":"position","time":1.2008240222930909,"pos":[6.626255989074707,308.0314636230469,-1.5193535089492798,-0.3313721716403961,-1.6867998553493636e-8,-0.9435001015663147,1.4039093443329876e-8,1,-2.2808862354395388e-8,0.9435001015663147,-2.080410865801241e-8,-0.3313721716403961]},{"type":"position","time":1.216987133026123,"pos":[6.626255989074707,308.0314636230469,-1.5193535089492798,-0.3313721716403961,7.304425508891654e-9,-0.9435001015663147,-6.0792162415168608e-9,1,9.876955253673714e-9,0.9435001015663147,9.008689794143266e-9,-0.3313721716403961]},{"type":"position","time":1.2343220710754395,"pos":[6.626255989074707,308.0314636230469,-1.5193535089492798,-0.3313721716403961,3.14561852121642e-8,-0.9435001015663147,-2.618033256851504e-8,1,4.253483254501589e-8,0.9435001015663147,3.8796006407437747e-8,-0.3313721716403961]},{"type":"position","time":1.2508163452148438,"pos":[6.626255989074707,308.0314636230469,-1.5193535089492798,-0.3313721716403961,5.558730009624924e-8,-0.9435001015663147,-4.626427241305464e-8,1,7.516479882951899e-8,0.9435001015663147,6.85578669390452e-8,-0.3313721716403961]},{"type":"position","time":1.2682960033416749,"pos":[6.626255989074707,308.0314636230469,-1.5193535089492798,-0.3313721716403961,7.969779147742884e-8,-0.9435001015663147,-6.633104732145512e-8,1,1.0776686565350247e-7,0.9435001015663147,9.829429359342612e-8,-0.3313721716403961]},{"type":"position","time":1.282787799835205,"pos":[6.626255989074707,308.0314636230469,-1.5193535089492798,-0.3313721716403961,6.735237434440933e-8,-0.9435001015663147,-5.605618724757733e-8,1,9.107347409553768e-8,0.9435001015663147,8.306823673365216e-8,-0.3313721716403961]},{"type":"position","time":1.2998700141906739,"pos":[6.626255989074707,308.0314636230469,-1.5193535089492798,-0.3313721716403961,4.267737097052304e-8,-0.9435001015663147,-3.551963700942906e-8,1,5.770808897409552e-8,0.9435001015663147,5.2635638070341886e-8,-0.3313721716403961]},{"type":"position","time":1.315840721130371,"pos":[6.626255989074707,308.0314636230469,-1.5193535089492798,-0.3313721716403961,1.802345650503412e-8,-0.9435001015663147,-1.500063895321091e-8,1,2.437122326170993e-8,0.9435001015663147,2.222904882387411e-8,-0.3313721716403961]},{"type":"position","time":1.3327829837799073,"pos":[6.626255989074707,308.0314636230469,-1.5193535089492798,-0.3313721716403961,-6.609380154287692e-9,-0.9435001015663147,5.5008237964671029e-9,1,-8.93714791061484e-9,0.9435001015663147,-8.1515505456764e-9,-0.3313721716403961]},{"type":"position","time":1.3496696949005128,"pos":[6.626255989074707,308.0314636230469,-1.5193535089492798,-0.3313721716403961,-3.122115899145683e-8,-0.9435001015663147,2.598476633863811e-8,1,-4.221704585916086e-8,0.9435001015663147,-3.850618313094856e-8,-0.3313721716403961]},{"type":"position","time":1.3659884929656983,"pos":[6.626255989074707,308.0314636230469,-1.5193535089492798,-0.3313721716403961,-5.5811899102309329e-8,-0.9435001015663147,4.645120199597841e-8,1,-7.546849900563757e-8,0.9435001015663147,-6.883487202458127e-8,-0.3313721716403961]},{"type":"position","time":1.3829429149627686,"pos":[6.626255989074707,308.0314636230469,-1.5193535089492798,-0.3313721716403961,-8.038161780632436e-8,-0.9435001015663147,6.690014942023481e-8,1,-1.0869152333725651e-7,0.9435001015663147,-9.913764387192714e-8,-0.3313721716403961]},{"type":"position","time":1.3994996547698975,"pos":[6.626255989074707,308.0314636230469,-1.5193535089492798,-0.3313721716403961,-5.563127913887911e-8,-0.9435001015663147,4.630090444379675e-8,1,-7.52242712565021e-8,0.9435001015663147,-6.861214529862991e-8,-0.3313721716403961]},{"type":"position","time":1.4161932468414307,"pos":[6.626255989074707,308.0314636230469,-1.5193535089492798,-0.3313721716403961,-3.0902100434104798e-8,-0.9435001015663147,2.571926849270767e-8,1,-4.178563273171676e-8,0.9435001015663147,-3.811272719644876e-8,-0.3313721716403961]},{"type":"position","time":1.4335217475891114,"pos":[6.626255989074707,308.0314636230469,-1.5193535089492798,-0.3313721716403961,-6.194059931630136e-9,-0.9435001015663147,5.155218918417859e-9,1,-8.375574900298944e-9,0.9435001015663147,-7.639382459956323e-9,-0.3313721716403961]},{"type":"position","time":1.4499742984771729,"pos":[6.626255989074707,308.0314636230469,-1.5193535089492798,-0.3313721716403961,1.8492858799845636e-8,-0.9435001015663147,-1.5391254493124508e-8,1,2.5005924442211837e-8,0.9435001015663147,2.2807919108913667e-8,-0.3313721716403961]},{"type":"position","time":1.46695876121521,"pos":[6.626255989074707,308.0314636230469,-1.5193535089492798,-0.3313721716403961,4.315867485615854e-8,-0.9435001015663147,-3.592016994957703e-8,1,5.835888927663291e-8,0.9435001015663147,5.322919705008644e-8,-0.3313721716403961]},{"type":"position","time":1.4836320877075196,"pos":[6.626255989074707,308.0314636230469,-1.5193535089492798,-0.3313721716403961,6.780340555678777e-8,-0.9435001015663147,-5.6431542105883639e-8,1,9.168334713649529e-8,0.9435001015663147,8.362447800891459e-8,-0.3313721716403961]},{"type":"position","time":1.5002806186676026,"pos":[6.626255989074707,308.0314636230469,-1.5193535089492798,-0.3313721716403961,6.782295258744853e-8,-0.9435001015663147,-5.64478206399599e-8,1,9.170977932626556e-8,0.9435001015663147,8.364859382936629e-8,-0.3313721716403961]},{"type":"position","time":1.5167207717895508,"pos":[6.626255989074707,308.0314636230469,-1.5193535089492798,-0.3313721716403961,4.324887115103593e-8,-0.9435001015663147,-3.5995270764033197e-8,1,5.8480864595367169e-8,0.9435001015663147,5.334047514793383e-8,-0.3313721716403961]},{"type":"position","time":1.5338687896728516,"pos":[6.626255989074707,308.0314636230469,-1.5193535089492798,-0.3313721716403961,6.427134380260213e-9,-0.9435001015663147,-5.3492135165811309e-9,1,8.690740571637435e-9,0.9435001015663147,7.926852951811725e-9,-0.3313721716403961]},{"type":"position","time":1.5499897003173829,"pos":[6.626255989074707,308.0314636230469,-1.5193535089492798,-0.3313721716403961,-5.836285232874161e-9,-0.9435001015663147,4.857407809311098e-9,1,-7.891779674196187e-9,0.9435001015663147,-7.198081242165699e-9,-0.3313721716403961]},{"type":"position","time":1.5666348934173585,"pos":[6.626255989074707,308.0314636230469,-1.5193535089492798,-0.3313721716403961,-3.034739748386528e-8,-0.9435001015663147,2.5257566704794955e-8,1,-4.103555539813897e-8,0.9435001015663147,-3.7428556254326398e-8,-0.3313721716403961]},{"type":"position","time":1.5833704471588135,"pos":[6.626255989074707,308.0314636230469,-1.5193535089492798,-0.3313721716403961,-5.483755671775725e-8,-0.9435001015663147,4.5640287993364839e-8,1,-7.415100355956383e-8,0.9435001015663147,-6.763319504443644e-8,-0.3313721716403961]},{"type":"position","time":1.600041151046753,"pos":[6.626255989074707,308.0314636230469,-1.5193535089492798,-0.3313721716403961,-7.930677980994005e-8,-0.9435001015663147,6.600559743219492e-8,1,-1.0723814369839602e-7,0.9435001015663147,-9.781201981695631e-8,-0.3313721716403961]},{"type":"position","time":1.616943120956421,"pos":[6.626255989074707,308.0314636230469,-1.5193535089492798,-0.3313721716403961,-5.5020265676830607e-8,-0.9435001015663147,4.5792393876809e-8,1,-7.439807347964234e-8,0.9435001015663147,-6.785857920021954e-8,-0.3313721716403961]},{"type":"position","time":1.6333482265472413,"pos":[6.626255989074707,308.0314636230469,-1.5193535089492798,-0.3313721716403961,-3.0754513602460068e-8,-0.9435001015663147,2.5596463615329413e-8,1,-4.1586080357092217e-8,0.9435001015663147,-3.7930735885538527e-8,-0.3313721716403961]},{"type":"position","time":1.650233507156372,"pos":[6.626255989074707,308.0314636230469,-1.5193535089492798,-0.3313721716403961,-6.5095080437060918e-9,-0.9435001015663147,5.417795101436695e-9,1,-8.802134132679385e-9,0.9435001015663147,-8.028472997523295e-9,-0.3313721716403961]},{"type":"position","time":1.6669394969940186,"pos":[6.626255989074707,308.0314636230469,-1.5193535089492798,-0.3313721716403961,1.771477364798102e-8,-0.9435001015663147,-1.4743629428437544e-8,1,2.3953788286235068e-8,0.9435001015663147,2.1848235221000324e-8,-0.3313721716403961]},{"type":"position","time":1.6832644939422608,"pos":[6.626255989074707,308.0314636230469,-1.5193535089492798,-0.3313721716403961,4.191834790390203e-8,-0.9435001015663147,-3.488782596150486e-8,1,5.668170999229005e-8,0.9435001015663147,5.169940919813598e-8,-0.3313721716403961]},{"type":"position","time":1.700455665588379,"pos":[6.626255989074707,308.0314636230469,-1.5193535089492798,-0.3313721716403961,6.610122937900087e-8,-0.9435001015663147,-5.501480515590629e-8,1,8.938165763083816e-8,0.9435001015663147,8.152507291470101e-8,-0.3313721716403961]},{"type":"position","time":1.718437910079956,"pos":[6.626255989074707,308.0314636230469,-1.5193535089492798,-0.3313721716403961,5.4270774541009817e-8,-0.9435001015663147,-4.516857288194842e-8,1,7.338460505934563e-8,0.9435001015663147,6.6934170206423e-8,-0.3313721716403961]},{"type":"position","time":1.7334938049316407,"pos":[6.626255989074707,308.0314636230469,-1.5193535089492798,-0.3313721716403961,4.232137129633884e-8,-0.9435001015663147,-3.522331581962135e-8,1,5.722669982333173e-8,0.9435001015663147,5.219653687049686e-8,-0.3313721716403961]},{"type":"position","time":1.7501153945922852,"pos":[6.626255989074707,308.0314636230469,-1.5193535089492798,-0.3313721716403961,1.8437884108379877e-8,-0.9435001015663147,-1.5345550608003579e-8,1,2.4931605224765009e-8,0.9435001015663147,2.274016885905894e-8,-0.3313721716403961]},{"type":"position","time":1.7670729160308838,"pos":[6.626255989074707,308.0314636230469,-1.5193535089492798,-0.3313721716403961,-5.42518518997781e-9,-0.9435001015663147,4.515228635426638e-9,1,-7.335883012160593e-9,0.9435001015663147,-6.691026399607836e-9,-0.3313721716403961]},{"type":"position","time":1.7836582660675049,"pos":[6.626255989074707,308.0314636230469,-1.5193535089492798,-0.3313721716403961,-2.9267855694570245e-8,-0.9435001015663147,2.4359033901077966e-8,1,-3.957578798008399e-8,0.9435001015663147,-3.6097066669071867e-8,-0.3313721716403961]},{"type":"position","time":1.8000993728637696,"pos":[6.626255989074707,308.0314636230469,-1.5193535089492798,-0.3313721716403961,-5.309014383669819e-8,-0.9435001015663147,4.418587806753749e-8,1,-7.178813632435777e-8,0.9435001015663147,-6.54779768183289e-8,-0.3313721716403961]},{"type":"position","time":1.8179731369018555,"pos":[6.626255989074707,308.0314636230469,-1.5193535089492798,-0.3313721716403961,-7.689206427130557e-8,-0.9435001015663147,6.399578467153333e-8,1,-1.0397295113762084e-7,0.9435001015663147,-9.483377283459049e-8,-0.3313721716403961]},{"type":"position","time":1.8334357738494874,"pos":[6.626255989074707,308.0314636230469,-1.5193535089492798,-0.3313721716403961,-5.339031616813372e-8,-0.9435001015663147,4.4435747525994887e-8,1,-7.219404096758808e-8,0.9435001015663147,-6.584823353250613e-8,-0.3313721716403961]},{"type":"position","time":1.8515124320983887,"pos":[6.626255989074707,308.0314636230469,-1.5193535089492798,-0.3313721716403961,-1.8175358107441754e-8,-0.9435001015663147,1.5127030295047917e-8,1,-2.4576609192195066e-8,0.9435001015663147,-2.2416358547161509e-8,-0.3313721716403961]},{"type":"position","time":1.8673546314239503,"pos":[6.626255989074707,308.0314636230469,-1.5193535089492798,-0.3313721716403961,5.276198145054423e-9,-0.9435001015663147,-4.391245589374648e-9,1,7.13442904753947e-9,0.9435001015663147,6.50729159445973e-9,-0.3313721716403961]},{"type":"position","time":1.8836617469787598,"pos":[6.626255989074707,308.0314636230469,-1.5193535089492798,-0.3313721716403961,1.699445739689054e-8,-0.9435001015663147,-1.4144127646886773e-8,1,2.297978163312564e-8,0.9435001015663147,2.095984541483631e-8,-0.3313721716403961]},{"type":"position","time":1.9020981788635255,"pos":[6.626255989074707,308.0314636230469,-1.5193535089492798,-0.3313721716403961,5.2119183635568336e-8,-0.9435001015663147,-4.337776715601649e-8,1,7.047520966807497e-8,0.9435001015663147,6.428045651318826e-8,-0.3313721716403961]},{"type":"position","time":1.9166290760040284,"pos":[6.626255989074707,308.0314636230469,-1.5193535089492798,-0.3313721716403961,6.381741712857547e-8,-0.9435001015663147,-5.31139896509103e-8,1,8.629348968725026e-8,0.9435001015663147,7.870831808531875e-8,-0.3313721716403961]},{"type":"position","time":1.933474063873291,"pos":[6.626255989074707,308.0314636230469,-1.5193535089492798,-0.3313721716403961,6.397342389163896e-8,-0.9435001015663147,-5.3243841335870459e-8,1,8.650444272007008e-8,0.9435001015663147,7.890073305816259e-8,-0.3313721716403961]},{"type":"position","time":1.9505009651184083,"pos":[6.626255989074707,308.0314636230469,-1.5193535089492798,-0.3313721716403961,2.939132137669276e-8,-0.9435001015663147,-2.4461828118660379e-8,1,3.9742751312132898e-8,0.9435001015663147,3.62493786099094e-8,-0.3313721716403961]},{"type":"position","time":1.966505765914917,"pos":[6.626255989074707,308.0314636230469,-1.5193535089492798,-0.3313721716403961,1.7873809099455685e-8,-0.9435001015663147,-1.4876023968213304e-8,1,2.4168846479710738e-8,0.9435001015663147,2.2044414293986848e-8,-0.3313721716403961]},{"type":"position","time":1.9840812683105469,"pos":[6.626255989074707,308.0314636230469,-1.5193535089492798,-0.3313721716403961,-1.664919402344367e-8,-0.9435001015663147,1.3856812586254819e-8,1,-2.251293373944918e-8,0.9435001015663147,-2.0534065114929946e-8,-0.3313721716403961]},{"type":"position","time":2.0003576278686525,"pos":[6.626255989074707,308.0314636230469,-1.5193535089492798,-0.3313721716403961,-2.814702426690019e-8,-0.9435001015663147,2.3426240502999464e-8,1,-3.8060225193703448e-8,0.9435001015663147,-3.471475906735577e-8,-0.3313721716403961]},{"type":"position","time":2.0179882049560549,"pos":[6.626255989074707,308.0314636230469,-1.5193535089492798,-0.3313721716403961,-6.261102925009254e-8,-0.9435001015663147,5.21099892125676e-8,1,-8.466223277991958e-8,0.9435001015663147,-7.72204913346286e-8,-0.3313721716403961]},{"type":"position","time":2.03695011138916,"pos":[6.626255989074707,308.0314636230469,-1.5193535089492798,-0.3313721716403961,-6.277211639371672e-8,-0.9435001015663147,5.224406152137817e-8,1,-8.48800567609942e-8,0.9435001015663147,-7.741916618897449e-8,-0.3313721716403961]},{"type":"position","time":2.0503153800964357,"pos":[6.626255989074707,308.0314636230469,-1.5193535089492798,-0.3313721716403961,-5.14598603729155e-8,-0.9435001015663147,4.282908250274886e-8,1,-6.958369880294413e-8,0.9435001015663147,-6.346734693352119e-8,-0.3313721716403961]},{"type":"position","time":2.06762957572937,"pos":[6.626255989074707,308.0314636230469,-1.5193535089492798,-0.3313721716403961,-1.755210377041294e-8,-0.9435001015663147,1.4608280807237861e-8,1,-2.3733841558737369e-8,0.9435001015663147,-2.1647649006695248e-8,-0.3313721716403961]},{"type":"position","time":2.0841662883758547,"pos":[6.626255989074707,308.0314636230469,-1.5193535089492798,-0.3313721716403961,5.028915950333612e-9,-0.9435001015663147,-4.185490176666917e-9,1,6.800074281443358e-9,0.9435001015663147,6.202365732121962e-9,-0.3313721716403961]},{"type":"position","time":2.1008167266845705,"pos":[6.626255989074707,308.0314636230469,-1.5193535089492798,-0.3313721716403961,2.7590632001306404e-8,-0.9435001015663147,-2.296319934202984e-8,1,3.7307888334225939e-8,0.9435001015663147,3.4028577289291209e-8,-0.3313721716403961]},{"type":"position","time":2.117231845855713,"pos":[6.626255989074707,308.0314636230469,-1.5193535089492798,-0.3313721716403961,3.886425758992118e-8,-0.9435001015663147,-3.234603340729336e-8,1,5.255201429577028e-8,0.9435001015663147,4.793276531245283e-8,-0.3313721716403961]},{"type":"position","time":2.1341257095336916,"pos":[6.626255989074707,308.0314636230469,-1.5193535089492798,-0.3313721716403961,6.13970527751917e-8,-0.9435001015663147,-5.109967915473135e-8,1,8.302072274091188e-8,0.9435001015663147,7.572331384153586e-8,-0.3313721716403961]},{"type":"position","time":2.150876045227051,"pos":[6.626255989074707,308.0314636230469,-1.5193535089492798,-0.3313721716403961,5.046803863706373e-8,-0.9435001015663147,-4.2003662770184749e-8,1,6.824257781090637e-8,0.9435001015663147,6.224415471933753e-8,-0.3313721716403961]},{"type":"position","time":2.1672310829162599,"pos":[6.626255989074707,308.0314636230469,-1.5193535089492798,-0.3313721716403961,3.9381056637921577e-8,-0.9435001015663147,-3.2776167557813099e-8,1,5.3250833076390339e-8,0.9435001015663147,4.8570161226280109e-8,-0.3313721716403961]},{"type":"position","time":2.1842167377471926,"pos":[6.626255989074707,308.0314636230469,-1.5193535089492798,-0.3313721716403961,6.148542119888134e-9,-0.9435001015663147,-5.117338552906858e-9,1,8.314027688527404e-9,0.9435001015663147,7.583246919296016e-9,-0.3313721716403961]},{"type":"position","time":2.2006454467773439,"pos":[6.626255989074707,308.0314636230469,-1.5193535089492798,-0.3313721716403961,-4.919494145383396e-9,-0.9435001015663147,4.094391492515115e-9,1,-6.652104644899737e-9,0.9435001015663147,-6.067381264074356e-9,-0.3313721716403961]},{"type":"position","time":2.217588424682617,"pos":[6.626255989074707,308.0314636230469,-1.5193535089492798,-0.3313721716403961,-3.809522652886699e-8,-0.9435001015663147,3.170596585277963e-8,1,-5.151212789655801e-8,0.9435001015663147,-4.698426891991403e-8,-0.3313721716403961]},{"type":"position","time":2.2345170974731447,"pos":[6.626255989074707,308.0314636230469,-1.5193535089492798,-0.3313721716403961,-6.018875353674957e-8,-0.9435001015663147,5.009401959910065e-8,1,-8.138686524716832e-8,0.9435001015663147,-7.423305703468941e-8,-0.3313721716403961]},{"type":"position","time":2.250723123550415,"pos":[6.626255989074707,308.0314636230469,-1.5193535089492798,-0.3313721716403961,-7.122843470597218e-8,-0.9435001015663147,5.928215074391119e-8,1,-9.631465758275226e-8,0.9435001015663147,-8.784871141642725e-8,-0.3313721716403961]},{"type":"position","time":2.2673447132110597,"pos":[6.626255989074707,308.0314636230469,-1.5193535089492798,-0.3313721716403961,-4.947834497670556e-8,-0.9435001015663147,4.117993412933174e-8,1,-6.690431320066637e-8,0.9435001015663147,-6.102349914272054e-8,-0.3313721716403961]},{"type":"position","time":2.28401517868042,"pos":[6.626255989074707,308.0314636230469,-1.5193535089492798,-0.3313721716403961,-2.7746841269049584e-8,-0.9435001015663147,2.309319135918031e-8,1,-3.751910782057166e-8,0.9435001015663147,-3.4221219635810488e-8,-0.3313721716403961]},{"type":"position","time":2.300983428955078,"pos":[6.626255989074707,308.0314636230469,-1.5193535089492798,-0.3313721716403961,4.815591925222407e-9,-0.9435001015663147,-4.007938869676764e-9,1,6.5116170233636698e-9,0.9435001015663147,5.939259306586564e-9,-0.3313721716403961]},{"type":"position","time":2.317075252532959,"pos":[6.626255989074707,308.0314636230469,-1.5193535089492798,-0.3313721716403961,1.5660459595778776e-8,-0.9435001015663147,-1.3033927714900529e-8,1,2.1175980080556657e-8,0.9435001015663147,1.9314644106316338e-8,-0.3313721716403961]},{"type":"position","time":2.3343446254730226,"pos":[6.626255989074707,308.0314636230469,-1.5193535089492798,-0.3313721716403961,4.81672550733947e-8,-0.9435001015663147,-4.0088753650024958e-8,1,6.513147354780813e-8,0.9435001015663147,5.9406499275382887e-8,-0.3313721716403961]},{"type":"position","time":2.350790500640869,"pos":[6.626255989074707,308.0314636230469,-1.5193535089492798,-0.3313721716403961,6.981530020766513e-8,-0.9435001015663147,-5.810603553868532e-8,1,9.440383053060941e-8,0.9435001015663147,8.610585666701809e-8,-0.3313721716403961]},{"type":"position","time":2.367391347885132,"pos":[6.626255989074707,308.0314636230469,-1.5193535089492798,-0.3313721716403961,8.063238254862881e-8,-0.9435001015663147,-6.710890687600113e-8,1,1.0903062275247066e-7,0.9435001015663147,9.944697154651294e-8,-0.3313721716403961]},{"type":"position","time":2.3839590549468996,"pos":[6.626255989074707,308.0314636230469,-1.5193535089492798,-0.3313721716403961,5.4052456732733847e-8,-0.9435001015663147,-4.498689065712824e-8,1,7.308940297434674e-8,0.9435001015663147,6.666493135298879e-8,-0.