{"data":[{"pos":[-102.58165740966797,1018.7186889648438,-298.3960266113281,0.3452436327934265,-2.639190199715813e-8,0.9385131001472473,2.1902984315147479e-8,1,2.0063689376570438e-8,-0.9385131001472473,1.3629376738322208e-8,0.3452436327934265]},{"pos":[-102.58165740966797,1018.7186889648438,-298.3960266113281,0.3452436327934265,-6.004081143373696e-8,0.9385131001472473,4.978319978476975e-8,1,4.566103584124903e-8,-0.9385131001472473,3.095800238384072e-8,0.3452436327934265]},{"pos":[-102.58165740966797,1018.7186889648438,-298.3960266113281,0.3452436327934265,-9.366096520579959e-8,0.9385131001472473,7.763958365103463e-8,1,7.123650647145041e-8,-0.9385131001472473,4.8271814989675479e-8,0.3452436327934265]},{"pos":[-102.58165740966797,1018.7186889648438,-298.3960266113281,0.3452436327934265,-9.340470086272035e-8,0.9385131001472473,7.74185764385038e-8,1,7.104474519792348e-8,-0.9385131001472473,4.813060527908419e-8,0.3452436327934265]},{"pos":[-102.58165740966797,1018.7186889648438,-298.3960266113281,0.3452436327934265,-5.9315421907513158e-8,0.9385131001472473,4.915617068945721e-8,1,4.511878159974003e-8,-0.9385131001472473,3.055673758467492e-8,0.3452436327934265]},{"pos":[-102.58165740966797,1018.7186889648438,-298.3960266113281,0.3452436327934265,-2.5255278757185807e-8,0.9385131001472473,2.0917919840712785e-8,1,1.921496917134391e-8,-0.9385131001472473,1.2997896092770134e-8,0.3452436327934265]},{"pos":[-102.58165740966797,1018.7186889648438,-298.3960266113281,0.3452436327934265,8.77575878632797e-9,0.9385131001472473,-7.296195647654713e-9,1,-6.666708518565656e-9,-0.9385131001472473,-4.54593651610935e-9,0.3452436327934265]},{"pos":[-102.58165740966797,1018.7186889648438,-298.3960266113281,0.3452436327934265,4.2777713815667087e-8,0.9385131001472473,-3.548619531557051e-8,1,-3.252626967764627e-8,-0.9385131001472473,-2.2074772232372198e-8,0.3452436327934265]},{"pos":[-102.58165740966797,1018.7186889648438,-298.3960266113281,0.3452436327934265,7.675060942347045e-8,0.9385131001472473,-6.365210225567353e-8,1,-5.836373517809079e-8,-0.9385131001472473,-3.9588623934605496e-8,0.3452436327934265]},{"pos":[-102.58165740966797,1018.7186889648438,-298.3960266113281,0.3452436327934265,1.1069447936051802e-7,0.9385131001472473,-9.179393600788899e-8,1,-8.417912056302157e-8,-0.9385131001472473,-5.708750805411e-8,0.3452436327934265]},{"pos":[-102.58165740966797,1018.7186889648438,-298.3960266113281,0.3452436327934265,7.667378554288007e-8,0.9385131001472473,-6.357844739568464e-8,1,-5.830897009673208e-8,-0.9385131001472473,-3.953840632675565e-8,0.3452436327934265]},{"pos":[-102.58165740966797,1018.7186889648438,-298.3960266113281,0.3452436327934265,4.2682167133989427e-8,0.9385131001472473,-3.538707460393198e-8,1,-3.246092461495209e-8,-0.9385131001472473,-2.200430593291003e-8,0.3452436327934265]},{"pos":[-102.58165740966797,1018.7186889648438,-298.3960266113281,0.3452436327934265,8.719594823958232e-9,0.9385131001472473,-7.219798536794997e-9,1,-6.634968574559252e-9,-0.9385131001472473,-4.485194882164478e-9,0.3452436327934265]},{"pos":[-102.58165740966797,1018.7186889648438,-298.3960266113281,0.3452436327934265,-4.2169851610651679e-8,0.9385131001472473,3.498598388773644e-8,1,3.206259435728498e-8,-0.9385131001472473,2.176539659615173e-8,0.3452436327934265]},{"pos":[-102.58165740966797,1018.7186889648438,-298.3960266113281,0.3452436327934265,-5.911850564643828e-8,0.9385131001472473,4.9042551353295497e-8,1,4.495075955901484e-8,-0.9385131001472473,3.0508115145266859e-8,0.3452436327934265]},{"pos":[-102.58165740966797,1018.7186889648438,-298.3960266113281,0.3452436327934265,-9.299408532115194e-8,0.9385131001472473,7.713766336792105e-8,1,7.071056984386814e-8,-0.9385131001472473,4.798233632641313e-8,0.3452436327934265]},{"pos":[-102.58165740966797,1018.7186889648438,-298.3960266113281,0.3452436327934265,-9.307090920174233e-8,0.9385131001472473,7.719848582610212e-8,1,7.077005648170598e-8,-0.9385131001472473,4.8018879539313278e-8,0.3452436327934265]},{"pos":[-102.58165740966797,1018.7186889648438,-298.3960266113281,0.3452436327934265,-5.939229552609504e-8,0.9385131001472473,4.926094021584504e-8,1,4.516214957561715e-8,-0.9385131001472473,3.0640094905720619e-8,0.3452436327934265]},{"pos":[-102.58165740966797,1018.7186889648438,-298.3960266113281,0.3452436327934265,-2.574245883124604e-8,0.9385131001472473,2.1347274170580023e-8,1,1.9576123833076055e-8,-0.9385131001472473,1.3276164168019023e-8,0.3452436327934265]},{"pos":[-102.58165740966797,1018.7186889648438,-298.3960266113281,0.3452436327934265,7.87862131090833e-9,0.9385131001472473,-6.542534958242641e-9,1,-5.988038509485705e-9,-0.9385131001472473,-4.072922887843333e-9,0.3452436327934265]},{"pos":[-102.58165740966797,1018.7186889648438,-298.3960266113281,0.3452436327934265,4.147097243389908e-8,0.9385131001472473,-3.440850804281581e-8,1,-3.153035521563652e-8,-0.9385131001472473,-2.1407180028631957e-8,0.3452436327934265]},{"pos":[-102.58165740966797,1018.7186889648438,-298.3960266113281,0.3452436327934265,7.503461318947302e-8,0.9385131001472473,-6.225066329079709e-8,1,-5.705084760165846e-8,-0.9385131001472473,-3.872662190929077e-8,0.3452436327934265]},{"pos":[-102.58165740966797,1018.7186889648438,-298.3960266113281,0.3452436327934265,1.0856957288751801e-7,0.9385131001472473,-9.006902246255777e-8,1,-8.254953343111993e-8,-0.9385131001472473,-5.6031254302979508e-8,0.3452436327934265]},{"pos":[-102.66049194335938,1018.7186889648438,-298.3197326660156,0.21580874919891358,7.540792523741402e-8,0.976435661315918,-5.256091384353567e-8,1,-6.561089804790754e-8,-0.976435661315918,-3.716294472155823e-8,0.21580874919891358]},{"pos":[-102.83251190185547,1018.7186889648438,-298.1614685058594,0.0878417044878006,4.210776793911464e-8,0.9961344599723816,-1.9156811248421947e-8,1,-4.0581873861356146e-8,-0.9961344599723816,-1.551797801369048e-8,0.0878417044878006]},{"pos":[-103.02832794189453,1018.7186889648438,-297.9828796386719,-0.024025175720453264,9.000712175577519e-9,0.9997113347053528,9.120284083508068e-9,1,-8.784130756112063e-9,-0.9997113347053528,8.90661144836713e-9,-0.024025175720453264]},{"pos":[-103.22577667236328,1018.7186889648438,-297.8036804199219,-0.12024202942848206,-2.3675712057524835e-8,0.9927446246147156,3.2778981307046709e-8,1,2.7818961356729234e-8,-0.9927446246147156,3.588616692695723e-8,-0.12024202942848206]},{"pos":[-103.4283447265625,1018.7186889648438,-297.6302795410156,-0.19884546101093293,-5.5759095118901317e-8,0.9800308346748352,5.2737661349056e-8,1,6.759556470115058e-8,-0.9800308346748352,6.512560446481075e-8,-0.19884546101093293]},{"pos":[-103.63639831542969,1018.7186889648438,-297.4634704589844,-0.2616226077079773,-6.336534141837547e-8,0.9651702642440796,5.0873019574737557e-8,1,7.94418113514439e-8,-0.9651702642440796,6.988489786863284e-8,-0.2616226077079773]},{"pos":[-103.84994506835938,1018.7186889648438,-297.30377197265627,-0.31071028113365176,-4.728427072109298e-8,0.9505046606063843,3.100619139217997e-8,1,5.988209750285023e-8,-0.9505046606063843,4.80775135258682e-8,-0.31071028113365176]},{"pos":[-104.06832122802735,1018.7186889648438,-297.1507263183594,-0.34857621788978579,-3.155170702484611e-8,0.9372804164886475,1.2998754961301984e-8,1,3.84972942413242e-8,-0.9372804164886475,2.560271994411778e-8,-0.34857621788978579]},{"pos":[-104.29238891601563,1018.7186889648438,-297.00616455078127,-0.37610167264938357,-1.6118478995963416e-8,0.9265784025192261,-3.637531609257394e-9,1,1.5919210838433174e-8,-0.9265784025192261,2.616783234543618e-9,-0.37610167264938357]},{"pos":[-104.52467346191406,1018.7186889648438,-296.875244140625,-0.39229804277420046,-9.185188165616864e-10,0.9198381304740906,-1.9417480956462897e-8,1,-7.282722425117072e-9,-0.9198381304740906,-2.0717941140446784e-8,-0.39229804277420046]},{"pos":[-104.76748657226563,1018.7186889648438,-296.7652282714844,-0.3954469859600067,1.4141653181809488e-8,0.9184888005256653,-3.5017922783708857e-8,1,-3.047329855121461e-8,-0.9184888005256653,-4.42141470102797e-8,-0.3954469859600067]},{"pos":[-105.01900482177735,1018.7186889648438,-296.6768493652344,-0.38726237416267397,2.9175406979220498e-8,0.9219695329666138,-5.1093721253892e-8,1,-5.310596407070989e-8,-0.9219695329666138,-6.767279359110035e-8,-0.38726237416267397]},{"pos":[-105.40495300292969,1018.7186889648438,-296.57196044921877,-0.36280933022499087,5.187505536241588e-8,0.9318634271621704,-7.66591341516687e-8,1,-8.551435826120724e-8,-0.9318634271621704,-1.024612430455818e-7,-0.36280933022499087]},{"pos":[-105.53509521484375,1018.7186889648438,-296.5430603027344,-0.3531147837638855,5.950255754783029e-8,0.9355800151824951,-8.556554575989139e-8,1,-9.589454208480675e-8,-0.9355800151824951,-1.1391519905146197e-7,-0.3531147837638855]},{"pos":[-105.79668426513672,1018.7186889648438,-296.49127197265627,-0.33228397369384768,3.936267845006114e-8,0.9431793689727783,-5.4920089809229469e-8,1,-6.108248840064334e-8,-0.9431793689727783,-7.209622765458335e-8,-0.33228397369384768]},{"pos":[-106.0590591430664,1018.7186889648438,-296.443603515625,-0.31198596954345705,1.8986003880172576e-8,0.9500867128372192,-2.3319941533372913e-8,1,-2.7641158695246305e-8,-0.9500867128372192,-3.077962063002815e-8,-0.31198596954345705]},{"pos":[-106.32195281982422,1018.7186889648438,-296.39892578125,-0.2928180992603302,-1.6059873431117922e-9,0.9561681747436523,9.149204949210344e-9,1,4.4814711941398858e-9,-0.9561681747436523,1.0060434263436946e-8,-0.2928180992603302]},{"pos":[-106.58538055419922,1018.7186889648438,-296.3575134277344,-0.2745463252067566,-2.238744656324343e-8,0.9615738987922669,4.2368739627818289e-8,1,3.537909520900939e-8,-0.9615738987922669,5.045386686219899e-8,-0.2745463252067566]},{"pos":[-106.98078918457031,1018.7186889648438,-296.2970275878906,-0.2499338686466217,-5.386874946111675e-8,0.9682629108428955,9.331780148613689e-8,1,7.972217019869277e-8,-0.9682629108428955,1.1028143376279331e-7,-0.2499338686466217]},{"pos":[-107.11271667480469,1018.7186889648438,-296.2777404785156,-0.24273574352264405,-4.6917637774868129e-8,0.9700924754142761,8.081318725317033e-8,1,6.858510914753424e-8,-0.9700924754142761,9.504432085805093e-8,-0.24273574352264405]},{"pos":[-107.37626647949219,1018.7186889648438,-296.2370910644531,-0.23063360154628755,-3.294971406830882e-8,0.9730406403541565,5.538858616205289e-8,1,4.6991033286758468e-8,-0.9730406403541565,6.473305802501273e-8,-0.23063360154628755]},{"pos":[-107.6402587890625,1018.7186889648438,-296.199462890625,-0.21867062151432038,-1.8914624533294956e-8,0.9757987260818481,2.964452683329455e-8,1,2.6026897970155006e-8,-0.9757987260818481,3.46184094723867e-8,-0.21867062151432038]},{"pos":[-108.03636169433594,1018.7186889648438,-296.1437683105469,-0.20272086560726167,2.2552053557944875e-9,0.9792365431785584,-9.538410949971876e-9,1,-4.277657339457619e-9,-0.9792365431785584,-1.0207529932415582e-8,-0.20272086560726167]},{"pos":[-108.1684799194336,1018.7186889648438,-296.1258239746094,-0.1980326771736145,9.339437667676976e-9,0.9801954030990601,-2.2718465331195149e-8,1,-1.4118037405808082e-8,-0.9801954030990601,-2.5064368358584944e-8,-0.1980326771736145]},{"pos":[-108.56543731689453,1018.7186889648438,-296.07659912109377,-0.1830672323703766,3.0656682525886939e-8,0.983100414276123,-6.261227269988012e-8,1,-4.284296650780561e-8,-0.983100414276123,-6.939729502164482e-8,-0.1830672323703766]},{"pos":[-108.69825744628906,1018.7186889648438,-296.0650634765625,-0.1765819936990738,3.7781340722631288e-8,0.9842859506607056,-7.60993330573001e-8,1,-5.20368210743527e-8,-0.9842859506607056,-8.409226381900226e-8,-0.1765819936990738]},{"pos":[-108.96458435058594,1018.7186889648438,-296.05206298828127,-0.1596555858850479,5.207036224419426e-8,0.9871727824211121,-1.0354859369954284e-7,1,-6.949387909571669e-8,-0.9871727824211121,-1.1331542992820687e-7,-0.1596555858850479]},{"pos":[-109.23123168945313,1018.7186889648438,-296.0513916015625,-0.13874560594558717,3.503648571268059e-8,0.9903280735015869,-6.978358868536816e-8,1,-4.515539231420007e-8,-0.9903280735015869,-7.537375523725132e-8,-0.13874560594558717]},{"pos":[-109.49761199951172,1018.7186889648438,-296.063232421875,-0.11430683732032776,1.789182491052088e-8,0.9934455156326294,-3.551489413666786e-8,1,-2.2096250162917387e-8,-0.9934455156326294,-3.780786173024353e-8,-0.11430683732032776]},{"pos":[-109.76241302490235,1018.7186889648438,-296.09423828125,-0.0835062637925148,6.318334744292997e-10,0.9965072274208069,-6.17610684816583e-10,1,-6.858031365020167e-10,-0.9965072274208069,-6.727223778035807e-10,-0.0835062637925148]},{"pos":[-110.02354431152344,1018.7186889648438,-296.14788818359377,-0.045230682939291,-1.6760846932584174e-8,0.9989765882492065,3.515690849553721e-8,1,1.8369817667007738e-8,-0.9989765882492065,3.595180686488675e-8,-0.045230682939291]},{"pos":[-110.27839660644531,1018.7186889648438,-296.22607421875,0.000727685634046793,-3.430120898428868e-8,0.9999997615814209,7.20145720833898e-8,1,3.424881356295373e-8,-0.9999997615814209,7.198963203336462e-8,0.000727685634046793]},{"pos":[-110.6489486694336,1018.7186889648438,-296.37646484375,0.07798896729946137,-4.4526135667410929e-8,0.9969542026519775,9.47665199646508e-8,1,3.724884578559795e-8,-0.9969542026519775,9.157288616279402e-8,0.07798896729946137]},{"pos":[-110.8899917602539,1018.7186889648438,-296.4904479980469,0.12705875933170319,-2.9463098627502405e-8,0.9918951988220215,6.356547288532966e-8,1,2.156129852437516e-8,-0.9918951988220215,6.031073951362487e-8,0.12705875933170319]},{"pos":[-111.12356567382813,1018.7186889648438,-296.6190490722656,0.17707179486751557,-1.4282461435755068e-8,0.9841979146003723,3.15556967223074e-8,1,8.834439846339137e-9,-0.9841979146003723,2.9492721154156244e-8,0.17707179486751557]},{"pos":[-111.35061645507813,1018.7186889648438,-296.7588806152344,0.2264210283756256,1.0117915394403099e-9,0.974029541015625,-1.1246629183503388e-9,1,-7.77331921053559e-10,-0.974029541015625,-9.194506267462543e-10,0.2264210283756256]},{"pos":[-111.46139526367188,1018.7186889648438,-296.8330383300781,0.25030413269996645,8.700718368004346e-9,0.968167245388031,-1.7657157513895073e-8,1,-4.4218171346699368e-9,-0.968167245388031,-1.5988282697776414e-8,0.25030413269996645]},{"pos":[-111.67699432373047,1018.7186889648438,-296.98992919921877,0.29880329966545107,2.4151198374511297e-8,0.9543147087097168,-5.100534750113184e-8,1,-9.33720389895143e-9,-0.9543147087097168,-4.58851694418172e-8,0.29880329966545107]},{"pos":[-111.88871002197266,1018.7186889648438,-297.15203857421877,0.34355437755584719,3.971486250975431e-8,0.939132809638977,-8.454253475065343e-8,1,-1.1361442453505788e-8,-0.939132809638977,-7.54933964230986e-8,0.34355437755584719]},{"pos":[-112.19646453857422,1018.7186889648438,-297.40753173828127,0.40743446350097659,4.648612517144102e-8,0.9132344722747803,-9.92437492186582e-8,1,-6.625684445538127e-9,-0.9132344722747803,-8.793327310741006e-8,0.40743446350097659]},{"pos":[-112.39661407470703,1018.7186889648438,-297.583740234375,0.4446139335632324,2.857672853906479e-8,0.8957222700119019,-6.125586793359617e-8,1,-1.4976891948847993e-9,-0.8957222700119019,-5.4202356380983477e-8,0.4446139335632324]},{"pos":[-112.49414825439453,1018.7186889648438,-297.6746520996094,0.4621814489364624,1.9571203324630916e-8,0.8867853879928589,-4.220447280545159e-8,1,-7.338674806733892e-11,-0.8867853879928589,-3.7392393181789887e-8,0.4621814489364624]},{"pos":[-112.68286895751953,1018.7186889648438,-297.863037109375,0.49794405698776247,1.462778898009276e-9,0.8672091364860535,-4.0735321782392479e-9,1,6.522212214754575e-10,-0.8672091364860535,-3.857373975790779e-9,0.49794405698776247]},{"pos":[-112.86808013916016,1018.7186889648438,-298.0549011230469,0.5305673480033875,-1.680380457003139e-8,0.8476427793502808,3.398722370206997e-8,1,-1.449555808719083e-9,-0.8476427793502808,2.9578112403783053e-8,0.5305673480033875]},{"pos":[-113.13762664794922,1018.7186889648438,-298.3504333496094,0.5762283205986023,-4.450447477211128e-8,0.8172887563705444,9.07090225155116e-8,1,-9.500479514201743e-9,-0.8172887563705444,7.960991155187003e-8,0.5762283205986023]},{"pos":[-113.31104278564453,1018.7186889648438,-298.5530090332031,0.603499710559845,-4.6171642509307279e-8,0.7973632216453552,9.370452147550168e-8,1,-1.3016665967313657e-8,-0.7973632216453552,8.257209316298031e-8,0.603499710559845]},{"pos":[-113.47563171386719,1018.7186889648438,-298.7628173828125,0.6307939887046814,-3.0752531188227297e-8,0.7759503126144409,6.222611403927658e-8,1,-1.0953447038275499e-8,-0.7759503126144409,5.519374468576643e-8,0.6307939887046814]},{"pos":[-113.55426788330078,1018.7186889648438,-298.8704833984375,0.6442577242851257,-2.2981948788469709e-8,0.7648084759712219,4.6549459398192997e-8,1,-9.162948622076783e-9,-0.7648084759712219,4.1504719661134007e-8,0.6442577242851257]},{"pos":[-113.7032470703125,1018.7186889648438,-299.0916442871094,0.6722813844680786,-7.308654126347847e-9,0.7402957081794739,1.5361850458361915e-8,1,-4.0778740384439519e-9,-0.7402957081794739,1.4113791024783496e-8,0.6722813844680786]},{"pos":[-113.84477233886719,1018.7186889648438,-299.3176574707031,0.6991540789604187,8.571783283173318e-9,0.7149710059165955,-1.5501232297765456e-8,1,3.169312812190128e-9,-0.7149710059165955,-1.329876919697881e-8,0.6991540789604187]},{"pos":[-113.97576141357422,1018.7186889648438,-299.5499267578125,0.725882351398468,2.4676836574144546e-8,0.6878188848495483,-4.593982794176554e-8,1,1.260517024093133e-8,-0.6878188848495483,-4.0748151519665046e-8,0.725882351398468]},{"pos":[-114.09716796875,1018.7186889648438,-299.787353515625,0.7518129944801331,4.103672779365297e-8,0.6593764424324036,-7.585076389204915e-8,1,2.4248461016895818e-8,-0.6593764424324036,-6.8244517592575e-8,0.7518129944801331]},{"pos":[-114.20822143554688,1018.7186889648438,-300.02978515625,0.7770204544067383,5.767795840938561e-8,0.6294753551483154,-1.0511961789916313e-7,1,3.813037707800504e-8,-0.6294753551483154,-9.579829196582068e-8,0.7770204544067383]},{"pos":[-114.30674743652344,1018.7186889648438,-300.2775573730469,0.801988422870636,5.492288934760836e-8,0.5973395705223084,-9.840321268939079e-8,1,4.017036658865436e-8,-0.5973395705223084,-9.099630204900677e-8,0.801988422870636]},{"pos":[-114.39020538330078,1018.7186889648438,-300.53076171875,0.8270858526229858,3.21714033191256e-8,0.5620755553245544,-5.678912273765491e-8,1,2.6327562352435053e-8,-0.5620755553245544,-5.3694936497095117e-8,0.8270858526229858]},{"pos":[-114.45562744140625,1018.7186889648438,-300.7892150878906,0.8525331616401672,8.852484967292185e-9,0.5226731300354004,-1.6043806283505547e-8,1,9.232139497328263e-9,-0.5226731300354004,-1.6256370471978699e-8,0.8525331616401672]},{"pos":[-114.50101470947266,1018.7186889648438,-301.05194091796877,0.8780363202095032,-1.5139715259238075e-8,0.47859397530555727,2.350417460661447e-8,1,-1.1487407469701339e-8,-0.47859397530555727,2.133531751269402e-8,0.8780363202095032]},{"pos":[-114.52733612060547,1018.7186889648438,-301.3172302246094,0.9025144577026367,-3.9927009254370208e-8,0.43065956234931948,6.147985942561718e-8,1,-3.612936083641216e-8,-0.43065956234931948,5.9084158010591639e-8,0.9025144577026367]},{"pos":[-114.53557586669922,1018.7186889648438,-301.5837097167969,0.9251155853271484,-6.562549970112741e-8,0.37968555092811587,9.753402707701753e-8,1,-6.48029612193568e-8,-0.37968555092811587,9.698249670009318e-8,0.9251155853271484]},{"pos":[-114.5169906616211,1018.7186889648438,-301.98321533203127,0.9548184871673584,-3.982590968121258e-8,0.2971896231174469,5.567182270738158e-8,1,-4.485545446186734e-8,-0.2971896231174469,5.937390668009357e-8,0.9548184871673584]},{"pos":[-114.50186157226563,1018.7186889648438,-302.1156311035156,0.9629079103469849,-3.0839519382652728e-8,0.2698301374912262,4.232537165194117e-8,1,-3.674873738646056e-8,-0.2698301374912262,4.680631349174291e-8,0.9629079103469849]},{"pos":[-114.44918060302735,1018.7186889648438,-302.376953125,0.9780372381210327,-1.2237152624550163e-8,0.20843033492565156,1.647634029211531e-8,1,-1.8602476004048186e-8,-0.20843033492565156,2.1628082436109254e-8,0.9780372381210327]},{"pos":[-114.34545135498047,1018.7186889648438,-302.7632141113281,0.9934111833572388,1.7464069301809105e-8,0.11460473388433457,-1.9198134637576915e-8,1,1.402711369280496e-8,-0.11460473388433457,-1.6134888980445795e-8,0.9934111833572388]},{"pos":[-114.2610855102539,1018.7186889648438,-303.0161437988281,0.9984572529792786,3.85247780343434e-8,0.055525533854961398,-4.075432258332512e-8,1,3.902117740040012e-8,-0.055525533854961398,-4.122388475025218e-8,0.9984572529792786]},{"pos":[-114.21088409423828,1018.7186889648438,-303.1396179199219,0.9996732473373413,4.943165166082508e-8,0.02556118741631508,-5.07888344714047e-8,1,5.2446250009552389e-8,-0.02556118741631508,-5.3727337245845777e-8,0.9996732473373413]},{"pos":[-114.09513092041016,1018.7186889648438,-303.3797912597656,0.9992766976356506,7.205601093573932e-8,-0.03802671656012535,-6.90142840653607e-8,1,8.130191275768084e-8,0.03802671656012535,-7.861872575176676e-8,0.9992766976356506]},{"pos":[-113.96936798095703,1018.7186889648438,-303.6148986816406,0.9950878620147705,7.018272185632668e-8,-0.0989956259727478,-6.23052613946129e-8,1,8.266536610790354e-8,0.0989956259727478,-7.609135366237752e-8,0.9950878620147705]},{"pos":[-113.76045227050781,1018.7186889648438,-303.9559631347656,0.9820258021354675,2.7262524682214463e-8,-0.18874680995941163,-2.073773330835138e-8,1,3.6543855941317818e-8,0.18874680995941163,-3.197282794076273e-8,0.9820258021354675]},{"pos":[-113.68488311767578,1018.7186889648438,-304.0657653808594,0.9762664437294006,1.2257730830356195e-8,-0.21657301485538484,-8.179108945682856e-9,1,1.972887275769608e-8,0.21657301485538484,-1.7489263370862319e-8,0.9762664437294006]},{"pos":[-113.43505859375,1018.7186889648438,-304.3780517578125,0.9523620009422302,-3.486264077423584e-8,-0.3049699366092682,2.5524752089722825e-8,1,-3.460615261019484e-8,0.3049699366092682,2.5173301665404325e-8,0.9523620009422302]},{"pos":[-113.34821319580078,1018.7186889648438,-304.4792175292969,0.9435917735099793,-5.129325941766183e-8,-0.3311110734939575,3.5462491609905558e-8,1,-5.385245671618577e-8,0.3311110734939575,3.90727130650248e-8,0.9435917735099793]},{"pos":[-113.0690689086914,1018.7186889648438,-304.7656555175781,0.9111040830612183,-7.444004523904369e-8,-0.41217631101608279,4.385554674968262e-8,1,-8.366098569467795e-8,0.41217631101608279,5.814765202671879e-8,0.9111040830612183]},{"pos":[-112.97268676757813,1018.7186889648438,-304.8577880859375,0.8998910784721375,-6.349579706466102e-8,-0.43611472845077517,3.531009795665341e-8,1,-7.273443003441571e-8,0.43611472845077517,5.005381353839766e-8,0.8998910784721375]},{"pos":[-112.76811218261719,1018.7186889648438,-305.0287780761719,0.8736959099769592,-4.1003808348705209e-8,-0.4864724278450012,1.9165765863249363e-8,1,-4.986666723993949e-8,0.4864724278450012,3.424468886237264e-8,0.8736959099769592]},{"pos":[-112.55694580078125,1018.7186889648438,-305.1916198730469,0.8457685708999634,-1.7692132203706025e-8,-0.5335499048233032,4.820155830032036e-9,1,-2.5518504642718655e-8,0.5335499048233032,1.901095636469563e-8,0.8457685708999634]},{"pos":[-112.33879852294922,1018.7186889648438,-305.344970703125,0.8161391019821167,6.398880092461923e-9,-0.5778555274009705,-7.756508324519018e-9,1,1.1852432924008839e-10,0.5778555274009705,4.385408924889589e-9,0.8161391019821167]},{"pos":[-112.11337280273438,1018.7186889648438,-305.48736572265627,0.7845447659492493,3.1238357678375908e-8,-0.6200721263885498,-1.855842235443106e-8,1,2.6897586380414397e-8,0.6200721263885498,-9.594798733303378e-9,0.7845447659492493]},{"pos":[-111.88184356689453,1018.7186889648438,-305.61962890625,0.7514981627464294,5.6797684777620819e-8,-0.6597352027893066,-2.7582631290101746e-8,1,5.467252250923593e-8,0.6597352027893066,-2.2889066642051149e-8,0.7514981627464294]},{"pos":[-111.64473724365235,1018.7186889648438,-305.7416076660156,0.7171829342842102,8.304073872977824e-8,-0.6968849301338196,-3.4840059726093389e-8,1,8.3305060627481e-8,0.6968849301338196,-3.5465454573113678e-8,0.7171829342842102]},{"pos":[-111.40251159667969,1018.7186889648438,-305.85308837890627,0.6816961169242859,1.0993078802812306e-7,-0.7316354513168335,-4.033711675788254e-8,1,1.1266968158452073e-7,0.7316354513168335,-4.7294417271359637e-8,0.6816961169242859]},{"pos":[-111.15721130371094,1018.7186889648438,-305.9576721191406,0.6466862559318543,7.194563522716635e-8,-0.7627561092376709,-2.2508249486463684e-8,1,7.524011635950956e-8,0.7627561092376709,-3.148844385236771e-8,0.6466862559318543]},{"pos":[-110.7838363647461,1018.7186889648438,-306.10113525390627,0.5935261845588684,1.35569520054446e-8,-0.8048146963119507,-1.8005177904178994e-10,1,1.6712029093923776e-8,0.8048146963119507,-9.774117515348735e-9,0.5935261845588684]},{"pos":[-110.6574935913086,1018.7186889648438,-306.1436767578125,0.5761932730674744,-6.253939144329479e-9,-0.8173134922981262,6.11884587442546e-9,1,-3.3381331032700247e-9,0.8173134922981262,-3.0776052817316214e-9,0.5761932730674744]},{"pos":[-110.40080261230469,1018.7186889648438,-306.2158203125,0.538325309753418,-4.6361968486507979e-8,-0.8427371382713318,1.695627105391395e-8,1,-4.418219745616625e-8,0.8427371382713318,9.494716124436309e-9,0.538325309753418]},{"pos":[-110.14291381835938,1018.7186889648438,-306.2836608886719,0.5024302005767822,-8.7087080657966e-8,-0.8646177649497986,2.5667658221095736e-8,1,-8.580771293509315e-8,0.8646177649497986,2.0919674881270113e-8,0.5024302005767822]},{"pos":[-109.88336181640625,1018.7186889648438,-306.3448181152344,0.46761783957481387,-9.347089502398376e-8,-0.8839307427406311,2.3424513884151567e-8,1,-9.335253281506084e-8,0.8839307427406311,2.2947661548755606e-8,0.46761783957481387]},{"pos":[-109.62226104736328,1018.7186889648438,-306.39898681640627,0.433653861284256,-6.487159964763123e-8,-0.901079535484314,1.2857139353172898e-8,1,-6.580557254665109e-8,0.901079535484314,1.695153351022327e-8,0.433653861284256]},{"pos":[-109.35980224609375,1018.7186889648438,-306.44610595703127,0.4004528522491455,-3.5991831737192118e-8,-0.916317343711853,3.7199279212529747e-9,1,-3.765308420611291e-8,0.916317343711853,1.1669651023282768e-8,0.4004528522491455]},{"pos":[-109.0961685180664,1018.7186889648438,-306.4862060546875,0.3679373562335968,-6.865290114177469e-9,-0.9298505783081055,-4.065513259376985e-9,1,-8.991922761936167e-9,0.9298505783081055,7.088784226283451e-9,0.3679373562335968]},{"pos":[-108.83155822753906,1018.7186889648438,-306.5191955566406,0.33603376150131228,2.2477474104221075e-8,-0.941849946975708,-1.056431653267964e-8,1,2.0096095454391617e-8,0.941849946975708,3.1970341929365988e-9,0.33603376150131228]},{"pos":[-108.566162109375,1018.7186889648438,-306.5450744628906,0.3046736419200897,5.2008552131610489e-8,-0.9524568319320679,-1.583018516271295e-8,1,4.954084076302934e-8,0.9524568319320679,-1.6221760046342127e-11,0.3046736419200897]},{"pos":[-108.30016326904297,1018.7186889648438,-306.5638122558594,0.27379506826400759,8.170223253500808e-8,-0.9617880582809448,-1.990708753396575e-8,1,7.928125711487155e-8,0.9617880582809448,-2.5604178777172139e-9,0.27379506826400759]},{"pos":[-108.03375244140625,1018.7186889648438,-306.5754089355469,0.24334272742271424,1.1153462509128076e-7,-0.9699403643608093,-2.2830807466789339e-8,1,1.0926333260385945e-7,0.9699403643608093,-4.4439150137520759e-9,0.24334272742271424]},{"pos":[-107.76712036132813,1018.7186889648438,-306.5790100097656,0.21285510063171388,1.0445738496400736e-7,-0.9770838022232056,-1.796525594954801e-8,1,1.0299361719035005e-7,0.9770838022232056,-4.369156592076706e-9,0.21285510063171388]},{"pos":[-107.50048828125,1018.7186889648438,-306.5753479003906,0.1827041655778885,6.027752164072808e-8,-0.9831679463386536,-7.52186846142422e-9,1,5.991167739693992e-8,0.9831679463386536,-3.5508540552342539e-9,0.1827041655778885]},{"pos":[-107.23404693603516,1018.7186889648438,-306.5645446777344,0.15290290117263795,1.5986078238938718e-8,-0.9882411956787109,1.1997920434936305e-9,1,1.636192692444638e-8,0.9882411956787109,-3.6874701070388484e-9,0.15290290117263795]},{"pos":[-106.96798706054688,1018.7186889648438,-306.5466003417969,0.12341787666082382,-2.8387797001983018e-8,-0.9923548102378845,8.236855641996499e-9,1,-2.7582093053979407e-8,0.9923548102378845,-4.769759698319831e-9,0.12341787666082382]},{"pos":[-106.70250701904297,1018.7186889648438,-306.5215148925781,0.09421896189451218,-7.28161637653102e-8,-0.9955515265464783,1.3619778194140509e-8,1,-7.185255412878178e-8,0.9955515265464783,-6.78931710851316e-9,0.09421896189451218]},{"pos":[-106.43779754638672,1018.7186889648438,-306.48931884765627,0.06528153270483017,-1.1727205873057756e-7,-0.9978668689727783,1.7373380956087204e-8,1,-1.1638616115305922e-7,0.9978668689727783,-9.738453599084096e-9,0.06528153270483017]},{"pos":[-106.17398071289063,1018.7186889648438,-306.4505615234375,0.03652229160070419,-8.619633007356242e-8,-0.999332845211029,9.816147894525784e-9,1,-8.589513100787372e-8,0.999332845211029,-6.6725096559139278e-9,0.03652229160070419]},{"pos":[-105.91130065917969,1018.7186889648438,-306.40472412109377,0.007995899766683579,-5.513851775162948e-8,-0.9999680519104004,3.4073248666999236e-9,1,-5.511303768912512e-8,0.9999680519104004,-2.9665354617236518e-9,0.007995899766683579]},{"pos":[-105.64994812011719,1018.7186889648438,-306.351806640625,-0.020299991592764856,-2.4116037167232208e-8,-0.9997939467430115,-1.8642760668541315e-9,1,-2.408315502577807e-8,0.9997939467430115,1.3750062199946456e-9,-0.020299991592764856]},{"pos":[-105.39010620117188,1018.7186889648438,-306.29193115234377,-0.048374470323324206,6.854027123637252e-9,-0.9988292455673218,-6.0087037567768679e-9,1,7.1530696921229268e-9,0.9988292455673218,6.3476970346698639e-9,-0.048374470323324206]},{"pos":[-105.25582885742188,1018.7186889648438,-306.2604675292969,-0.05703681707382202,3.777021717610296e-8,-0.9983720779418945,-9.587201255101263e-9,1,3.837952178287196e-8,0.9983720779418945,1.1760639573310528e-8,-0.05703681707382202]},{"pos":[-105.2474365234375,1018.7186889648438,-306.2585144042969,-0.057944513857364658,6.093562632258909e-8,-0.9983198046684265,-1.2319608444499864e-8,1,6.175323363777352e-8,0.9983198046684265,1.5877169801115089e-8,-0.057944513857364658]},{"pos":[-105.24698638916016,1018.7186889648438,-306.2584228515625,-0.05814303457736969,9.179891691246667e-8,-0.9983082413673401,-1.599897814230644e-8,1,9.288628177728242e-8,0.9983082413673401,2.137260324275303e-8,-0.05814303457736969]},{"pos":[-105.24697875976563,1018.7186889648438,-306.2584228515625,-0.058165986090898517,1.0545680595441809e-7,-0.998306930065155,-1.702179019957839e-8,1,1.066274180061555e-7,0.998306930065155,2.3195060094849397e-8,-0.058165986090898517]},{"pos":[-105.24697875976563,1018.7186889648438,-306.2584228515625,-0.05816863849759102,6.758838111409205e-8,-0.9983067512512207,-1.0055023480504133e-8,1,6.828889809185057e-8,0.9983067512512207,1.4010271165432187e-8,-0.05816863849759102]},{"pos":[-105.24697875976563,1018.7186889648438,-306.2584228515625,-0.05816896632313728,2.0298369207694124e-8,-0.9983067512512207,-1.3552488020707188e-9,1,2.0411764722894078e-8,0.9983067512512207,2.540285315433266e-9,-0.05816896632313728]},{"pos":[-105.24697875976563,1018.7186889648438,-306.2584228515625,-0.05816899240016937,-1.7497265858423817e-8,-0.9983067512512207,5.597864394246699e-9,1,-1.785311809499035e-8,0.9983067512512207,-6.626883486404722e-9,-0.05816899240016937]},{"pos":[-105.24697875976563,1018.7186889648438,-306.2584228515625,-0.05816899240016937,-5.526059609906042e-8,-0.9983067512512207,1.2545034344668693e-8,1,-5.608529463074774e-8,0.9983067512512207,-1.5786218554580956e-8,-0.05816899240016937]}],"duration":2.2337229251861574}