{"data":[{"pos":[19.30843734741211,36.4998893737793,30.764034271240236,0.4032970368862152,-5.505244615733318e-8,0.9150691032409668,2.9374172427765189e-8,1,4.72160266440369e-8,-0.9150691032409668,7.837313908964916e-9,0.4032970368862152]},{"pos":[19.30843734741211,36.4998893737793,30.764034271240236,0.4032970368862152,-9.278319623717835e-8,0.9150691032409668,4.9506070354254919e-8,1,7.957600445251956e-8,-0.9150691032409668,1.3208709681578057e-8,0.4032970368862152]},{"pos":[19.30843734741211,36.4998893737793,30.764034271240236,0.4032970368862152,-9.549230384209295e-8,0.9150691032409668,5.0951566521462158e-8,1,8.189948630388244e-8,-0.9150691032409668,1.3594385173121282e-8,0.4032970368862152]},{"pos":[19.30843734741211,36.4998893737793,30.764034271240236,0.4032970368862152,-6.322465395669497e-8,0.9150691032409668,3.373461154865254e-8,1,5.4224958745408e-8,-0.9150691032409668,9.000735268216431e-9,0.4032970368862152]},{"pos":[19.30843734741211,36.4998893737793,30.764034271240236,0.4032970368862152,-3.098458023487183e-8,0.9150691032409668,1.6532371915900513e-8,1,2.657408515460702e-8,-0.9150691032409668,4.411013332372704e-9,0.4032970368862152]},{"pos":[19.30843734741211,36.4998893737793,30.764034271240236,0.4032970368862152,1.2279373073909028e-9,0.9150691032409668,-6.551626463568994e-10,1,-1.0531577832040285e-9,-0.9150691032409668,-1.7478371527879234e-10,0.4032970368862152]},{"pos":[19.30843734741211,36.4998893737793,30.764034271240236,0.4032970368862152,3.341292398317819e-8,0.9150691032409668,-1.782800573835175e-8,1,-2.865678716545972e-8,-0.9150691032409668,-4.756659510718464e-9,0.4032970368862152]},{"pos":[19.30843734741211,36.4998893737793,30.764034271240236,0.4032970368862152,6.557040421739657e-8,0.9150691032409668,-3.4986172181561417e-8,1,-5.623682852728962e-8,-0.9150691032409668,-9.334618411571683e-9,0.4032970368862152]},{"pos":[19.30843734741211,36.4998893737793,30.764034271240236,0.4032970368862152,1.2980294172848517e-7,0.9150691032409668,-6.925851891992352e-8,1,-1.1132621580145497e-7,-0.9150691032409668,-1.8478797159104944e-8,0.4032970368862152]},{"pos":[19.30843734741211,36.4998893737793,30.764034271240236,0.4032970368862152,8.542253482346496e-8,0.9150691032409668,-4.557861998932822e-8,1,-7.326311646238537e-8,-0.9150691032409668,-1.2160789708559605e-8,0.4032970368862152]},{"pos":[19.30843734741211,36.4998893737793,30.764034271240236,0.4032970368862152,4.108006379510698e-8,0.9150691032409668,-2.1918960868561045e-8,1,-3.523254221704519e-8,-0.9150691032409668,-5.8481846032520938e-9,0.4032970368862152]},{"pos":[19.30843734741211,36.4998893737793,30.764034271240236,0.4032970368862152,1.8923040912000034e-8,0.9150691032409668,-1.0096717240060116e-8,1,-1.622944623136391e-8,-0.9150691032409668,-2.693906431261439e-9,0.4032970368862152]},{"pos":[19.30843734741211,36.4998893737793,30.764034271240236,0.4032970368862152,-2.5362599131995013e-8,0.9150691032409668,1.3532613252209558e-8,1,2.1752386558659965e-8,-0.9150691032409668,3.6106031497951109e-9,0.4032970368862152]},{"pos":[19.30843734741211,36.4998893737793,30.764034271240236,0.4032970368862152,-6.961038678809928e-8,0.9150691032409668,3.714174567903683e-8,1,5.970175465108696e-8,-0.9150691032409668,9.90972282011171e-9,0.4032970368862152]},{"pos":[19.30843734741211,36.4998893737793,30.764034271240236,0.4032970368862152,-9.903806130751036e-8,0.9150691032409668,5.284336168642767e-8,1,8.494056658037153e-8,-0.9150691032409668,1.4099048151194893e-8,0.4032970368862152]},{"pos":[19.30843734741211,36.4998893737793,30.764034271240236,0.4032970368862152,-6.949242248310839e-8,0.9150691032409668,3.707880935621688e-8,1,5.960058047094208e-8,-0.9150691032409668,9.892937136157798e-9,0.4032970368862152]},{"pos":[19.30843734741211,36.4998893737793,30.764034271240236,0.4032970368862152,-3.997204345296268e-8,0.9150691032409668,2.132773602170346e-8,1,3.42822517040986e-8,-0.9150691032409668,5.6904223555420689e-9,0.4032970368862152]},{"pos":[19.30843734741211,36.4998893737793,30.764034271240236,0.4032970368862152,-1.0476896683542236e-8,0.9150691032409668,5.5901288043003209e-9,1,8.985566068986373e-9,-0.9150691032409668,1.4915020329908658e-9,0.4032970368862152]},{"pos":[19.30843734741211,36.4998893737793,30.764034271240236,0.4032970368862152,1.89930382532566e-8,0.9150691032409668,-1.013402517457962e-8,1,-1.6289497750676675e-8,-0.9150691032409668,-2.7038276062540946e-9,0.4032970368862152]},{"pos":[19.30843734741211,36.4998893737793,30.764034271240236,0.4032970368862152,4.843778000918064e-8,0.9150691032409668,-2.5844736128988189e-8,1,-4.1542953965745258e-8,-0.9150691032409668,-6.895569448772676e-9,0.4032970368862152]},{"pos":[19.30843734741211,36.4998893737793,30.764034271240236,0.4032970368862152,7.785735789411774e-8,0.9150691032409668,-4.154201960204773e-8,1,-6.677482389250145e-8,-0.9150691032409668,-1.1083728601590792e-8,0.4032970368862152]},{"pos":[19.30843734741211,36.4998893737793,30.764034271240236,0.4032970368862152,1.0725178611892261e-7,0.9150691032409668,-5.7225882699185607e-8,1,-9.198512884722732e-8,-0.9150691032409668,-1.5268305730842259e-8,0.4032970368862152]},{"pos":[19.30843734741211,36.4998893737793,30.764034271240236,0.4032970368862152,1.0086308321888282e-7,0.9150691032409668,-5.381709300422699e-8,1,-8.65058282784048e-8,-0.9150691032409668,-1.4358814581783009e-8,0.4032970368862152]},{"pos":[19.30843734741211,36.4998893737793,30.764034271240236,0.4032970368862152,3.768763789935292e-8,0.9150691032409668,-2.0108840814714314e-8,1,-3.232302603350945e-8,-0.9150691032409668,-5.3651985076896839e-9,0.4032970368862152]},{"pos":[19.30843734741211,36.4998893737793,30.764034271240236,0.4032970368862152,1.6647154765792039e-8,0.9150691032409668,-8.882361512974058e-9,1,-1.4277527604633633e-8,-0.9150691032409668,-2.3698900619706366e-9,0.4032970368862152]},{"pos":[19.30843734741211,36.4998893737793,30.764034271240236,0.4032970368862152,-2.5406839299080276e-8,0.9150691032409668,1.3556202382858374e-8,1,2.179033486982007e-8,-0.9150691032409668,3.616884569623835e-9,0.4032970368862152]},{"pos":[19.30843734741211,36.4998893737793,30.764034271240236,0.4032970368862152,-6.7424892336021e-8,0.9150691032409668,3.597558873025264e-8,1,5.782737488857492e-8,-0.9150691032409668,9.598539740807155e-9,0.4032970368862152]},{"pos":[19.30843734741211,36.4998893737793,30.764034271240236,0.4032970368862152,-1.0940703987216694e-7,0.9150691032409668,5.8375810851885038e-8,1,9.383361998516193e-8,-0.9150691032409668,1.557508078064984e-8,0.4032970368862152]},{"pos":[19.30843734741211,36.4998893737793,30.764034271240236,0.4032970368862152,-8.069560664125675e-8,0.9150691032409668,4.3056388676632199e-8,1,6.920908646179669e-8,-0.9150691032409668,1.1487752082928182e-8,0.4032970368862152]},{"pos":[19.30843734741211,36.4998893737793,30.764034271240236,0.4032970368862152,-5.200871910915339e-8,0.9150691032409668,2.7750060027642577e-8,1,4.46055921088373e-8,-0.9150691032409668,7.403918367288043e-9,0.4032970368862152]},{"pos":[19.30843734741211,36.4998893737793,30.764034271240236,0.4032970368862152,-2.3346347077790598e-8,0.9150691032409668,1.2456816023131978e-8,1,2.002313337357009e-8,-0.9150691032409668,3.323577857372584e-9,0.4032970368862152]},{"pos":[19.30843734741211,36.4998893737793,30.764034271240236,0.4032970368862152,5.291522331418719e-9,0.9150691032409668,-2.823353106862214e-9,1,-4.538315501179113e-9,-0.9150691032409668,-7.532739987325954e-10,0.4032970368862152]},{"pos":[19.30843734741211,36.4998893737793,30.764034271240236,0.4032970368862152,4.820243404424218e-8,0.9150691032409668,-2.571911750237632e-8,1,-4.134112785436628e-8,-0.9150691032409668,-6.862015400344035e-9,0.4032970368862152]},{"pos":[19.30843734741211,36.4998893737793,30.764034271240236,0.4032970368862152,7.677914481973858e-8,0.9150691032409668,-4.096665051633863e-8,1,-6.585012357618325e-8,-0.9150691032409668,-1.0930156335575703e-8,0.4032970368862152]},{"pos":[19.30843734741211,36.4998893737793,30.764034271240236,0.4032970368862152,3.664063186192834e-8,0.9150691032409668,-1.9550164154225059e-8,1,-3.142506699305159e-8,-0.9150691032409668,-5.2161150954077588e-9,0.4032970368862152]},{"pos":[19.30843734741211,36.4998893737793,30.764034271240236,0.4032970368862152,1.592334086808478e-8,0.9150691032409668,-8.496149561665334e-9,1,-1.3656748620860526e-8,-0.9150691032409668,-2.2668378285573e-9,0.4032970368862152]},{"pos":[19.30843734741211,36.4998893737793,30.764034271240236,0.4032970368862152,-2.5484682808496474e-8,0.9150691032409668,1.359770696041096e-8,1,2.1857111676126807e-8,-0.9150691032409668,3.6279337312095096e-9,0.4032970368862152]},{"pos":[19.30843734741211,36.4998893737793,30.764034271240236,0.4032970368862152,-6.685731790412319e-8,0.9150691032409668,3.567268080928443e-8,1,5.7340624692869827e-8,-0.9150691032409668,9.517663102087682e-9,0.4032970368862152]},{"pos":[19.30843734741211,36.4998893737793,30.764034271240236,0.4032970368862152,-8.753038116537937e-8,0.9150691032409668,4.6703089395805367e-8,1,7.507100718839865e-8,-0.9150691032409668,1.2460639631228787e-8,0.4032970368862152]},{"pos":[19.30843734741211,36.4998893737793,30.764034271240236,0.4032970368862152,-6.545686659364947e-8,0.9150691032409668,3.492545985750439e-8,1,5.6139512594199917e-8,-0.9150691032409668,9.318310567607569e-9,0.4032970368862152]},{"pos":[19.30843734741211,36.4998893737793,30.764034271240236,0.4032970368862152,1.9854297761412455e-8,0.9150691032409668,-1.059351983911938e-8,1,-1.7028181531486554e-8,-0.9150691032409668,-2.82638712434391e-9,0.4032970368862152]},{"pos":[19.30843734741211,36.4998893737793,30.764034271240236,0.4032970368862152,4.824275379178289e-8,0.9150691032409668,-2.5740577669353116e-8,1,-4.1375731285597797e-8,-0.9150691032409668,-6.867698854051696e-9,0.4032970368862152]},{"pos":[19.30843734741211,36.4998893737793,30.764034271240236,0.4032970368862152,6.242787975452302e-8,0.9150691032409668,-3.330925224531711e-8,1,-5.354170085070109e-8,-0.9150691032409668,-8.887057312279012e-9,0.4032970368862152]},{"pos":[19.30843734741211,36.4998893737793,30.764034271240236,0.4032970368862152,9.841242842867359e-8,0.9150691032409668,-5.2509314230064777e-8,1,-8.440409260401793e-8,-0.9150691032409668,-1.4009730264774589e-8,0.4032970368862152]},{"pos":[19.30843734741211,36.4998893737793,30.764034271240236,0.4032970368862152,5.7048286095096049e-8,0.9150691032409668,-3.0438904730090147e-8,1,-4.892785199217542e-8,-0.9150691032409668,-8.121245009817813e-9,0.4032970368862152]},{"pos":[19.30843734741211,36.4998893737793,30.764034271240236,0.4032970368862152,1.571950036804992e-8,0.9150691032409668,-8.387363692463623e-9,1,-1.3481932903403049e-8,-0.9150691032409668,-2.237793728099291e-9,0.4032970368862152]},{"pos":[19.30843734741211,36.4998893737793,30.764034271240236,0.4032970368862152,-2.557396072688789e-8,0.9150691032409668,1.3645326646383183e-8,1,2.193368864311651e-8,-0.9150691032409668,3.6406255787824195e-9,0.4032970368862152]},{"pos":[19.30843734741211,36.4998893737793,30.764034271240236,0.4032970368862152,-6.68321291641405e-8,0.9150691032409668,3.5659184050018669e-8,1,5.731904195727111e-8,-0.9150691032409668,9.514018017853232e-9,0.4032970368862152]},{"pos":[19.30843734741211,36.4998893737793,30.764034271240236,0.4032970368862152,-1.0805502625998997e-7,0.9150691032409668,5.7654222729297547e-8,1,9.267414924352124e-8,-0.9150691032409668,1.538238869613906e-8,0.4032970368862152]},{"pos":[19.30843734741211,36.4998893737793,30.764034271240236,0.4032970368862152,-7.955831193839913e-8,0.9150691032409668,4.244941465003649e-8,1,6.823373865927351e-8,-0.9150691032409668,1.1325683502150241e-8,0.4032970368862152]},{"pos":[19.30843734741211,36.4998893737793,30.764034271240236,0.4032970368862152,-5.108595502179014e-8,0.9150691032409668,2.7257605950126164e-8,1,4.381422513688449e-8,-0.9150691032409668,7.272446644890351e-9,0.4032970368862152]},{"pos":[19.30843734741211,36.4998893737793,30.764034271240236,0.4032970368862152,-2.2637937746594617e-8,0.9150691032409668,1.2078784195068693e-8,1,1.9415582031001578e-8,-0.9150691032409668,3.2226756818687365e-9,0.4032970368862152]},{"pos":[19.30843734741211,36.4998893737793,30.764034271240236,0.4032970368862152,5.7857638680047789e-9,0.9150691032409668,-3.0870617173661687e-9,1,-4.962205313319146e-9,-0.9150691032409668,-8.236322179833167e-10,0.4032970368862152]},{"pos":[19.30843734741211,36.4998893737793,30.764034271240236,0.4032970368862152,3.418516669739802e-8,0.9150691032409668,-1.8239942889408668e-8,1,-2.9319155103735285e-8,-0.9150691032409668,-4.866480107779125e-9,0.4032970368862152]},{"pos":[19.30843734741211,36.4998893737793,30.764034271240236,0.4032970368862152,6.256029649875927e-8,0.9150691032409668,-3.337986953511063e-8,1,-5.365528465972602e-8,-0.9150691032409668,-8.9058707075651e-9,0.4032970368862152]},{"pos":[19.30843734741211,36.4998893737793,30.764034271240236,0.4032970368862152,1.1923781073619467e-7,0.9150691032409668,-6.362090942957366e-8,1,-1.0226515456679408e-7,-0.9150691032409668,-1.6974293970406508e-8,0.4032970368862152]},{"pos":[19.30843734741211,36.4998893737793,30.764034271240236,0.4032970368862152,9.851051885334528e-8,0.9150691032409668,-5.2561588859134648e-8,1,-8.4488242180214e-8,-0.9150691032409668,-1.4023627592507637e-8,0.4032970368862152]},{"pos":[19.30843734741211,36.4998893737793,30.764034271240236,0.4032970368862152,5.7082502280536576e-8,0.9150691032409668,-3.045713015126239e-8,1,-4.895721161801703e-8,-0.9150691032409668,-8.12607936495624e-9,0.4032970368862152]},{"pos":[19.30843734741211,36.4998893737793,30.764034271240236,0.4032970368862152,3.638177759057726e-8,0.9150691032409668,-1.941198668475863e-8,1,-3.1203086336972777e-8,-0.9150691032409668,-5.179197071214503e-9,0.4032970368862152]},{"pos":[19.30843734741211,36.4998893737793,30.764034271240236,0.4032970368862152,-4.6332683467653626e-8,0.9150691032409668,2.4721389380033544e-8,1,3.9737567902875529e-8,-0.9150691032409668,6.5957359574042588e-9,0.4032970368862152]},{"pos":[19.30843734741211,36.4998893737793,30.764034271240236,0.4032970368862152,-8.763689862689717e-8,0.9150691032409668,4.675978715340534e-8,1,7.516242561678155e-8,-0.9150691032409668,1.2475651622878559e-8,0.4032970368862152]},{"pos":[19.30843734741211,36.4998893737793,30.764034271240236,0.4032970368862152,-9.398926437143018e-8,0.9150691032409668,5.0149175478964028e-8,1,8.061057599206834e-8,-0.9150691032409668,1.337995403360992e-8,0.4032970368862152]},{"pos":[19.30843734741211,36.4998893737793,30.764034271240236,0.4032970368862152,-7.970886883867934e-8,0.9150691032409668,4.2529688215608988e-8,1,6.836289401235263e-8,-0.9150691032409668,1.1347053074928226e-8,0.4032970368862152]},{"pos":[19.30843734741211,36.4998893737793,30.764034271240236,0.4032970368862152,-3.69043000603142e-8,0.9150691032409668,1.9690768127134107e-8,1,3.1651239851271387e-8,-0.9150691032409668,5.253562473939155e-9,0.4032970368862152]},{"pos":[19.30843734741211,36.4998893737793,30.764034271240236,0.4032970368862152,-8.398410855647853e-9,0.9150691032409668,4.481090609687044e-9,1,7.202952900797754e-9,-0.9150691032409668,1.1955781920036657e-9,0.4032970368862152]},{"pos":[19.30843734741211,36.4998893737793,30.764034271240236,0.4032970368862152,2.008311383860928e-8,0.9150691032409668,-1.0715583975695609e-8,1,-1.722443698781717e-8,-0.9150691032409668,-2.8589359768460555e-9,0.4032970368862152]},{"pos":[19.30843734741211,36.4998893737793,30.764034271240236,0.4032970368862152,4.854029000966875e-8,0.9150691032409668,-2.5899266731244098e-8,1,-4.1630947578141789e-8,-0.9150691032409668,-6.90998236407836e-9,0.4032970368862152]},{"pos":[19.30843734741211,36.4998893737793,30.764034271240236,0.4032970368862152,7.697314430288316e-8,0.9150691032409668,-4.106997053554551e-8,1,-6.601659663374449e-8,-0.9150691032409668,-1.0957564633429229e-8,0.4032970368862152]},{"pos":[19.30843734741211,36.4998893737793,30.764034271240236,0.4032970368862152,1.0538169448182089e-7,0.9150691032409668,-5.622770515856246e-8,1,-9.038139836547998e-8,-0.9150691032409668,-1.5001685227389318e-8,0.4032970368862152]},{"pos":[19.30843734741211,36.4998893737793,30.764034271240236,0.4032970368862152,5.7235389760990077e-8,0.9150691032409668,-3.0538654272049828e-8,1,-4.908836004346995e-8,-0.9150691032409668,-8.14779088642581e-9,0.4032970368862152]},{"pos":[19.30843734741211,36.4998893737793,30.764034271240236,0.4032970368862152,1.5718809365239396e-8,0.9150691032409668,-8.386976446672634e-9,1,-1.3481349370181306e-8,-0.9150691032409668,-2.237674712191051e-9,0.4032970368862152]},{"pos":[19.30843734741211,36.4998893737793,30.764034271240236,0.4032970368862152,-1.0861814558893457e-7,0.9150691032409668,5.79545087475708e-8,1,9.315718330071832e-8,-0.9150691032409668,1.5462363833762539e-8,0.4032970368862152]},{"pos":[19.30843734741211,36.4998893737793,30.764034271240236,0.4032970368862152,-7.995687667516904e-8,0.9150691032409668,4.266195219315705e-8,1,6.857562340201184e-8,-0.9150691032409668,1.138228800101615e-8,0.4032970368862152]},{"pos":[19.30843734741211,36.4998893737793,30.764034271240236,0.4032970368862152,-5.1320103722218849e-8,0.9150691032409668,2.7382467848724447e-8,1,4.4015074252001798e-8,-0.9150691032409668,7.3057013771915539e-9,0.4032970368862152]},{"pos":[19.30843734741211,36.4998893737793,30.764034271240236,0.4032970368862152,5.880022246884664e-9,0.9150691032409668,-3.137325732538443e-9,1,-5.043059747578127e-9,-0.9150691032409668,-8.370187321027345e-10,0.4032970368862152]},{"pos":[19.30843734741211,36.4998893737793,30.764034271240236,0.4032970368862152,3.444342056013738e-8,0.9150691032409668,-1.837765672974001e-8,1,-2.954068101246321e-8,-0.9150691032409668,-4.903157435620642e-9,0.4032970368862152]},{"pos":[19.30843734741211,36.4998893737793,30.764034271240236,0.4032970368862152,7.724274553311261e-8,0.9150691032409668,-4.121372754184449e-8,1,-6.624785697795233e-8,-0.9150691032409668,-1.0995846011496724e-8,0.4032970368862152]},{"pos":[19.30843734741211,36.4998893737793,30.764034271240236,0.4032970368862152,1.0574513709116218e-7,0.9150691032409668,-5.6421509242454707e-8,1,-9.069316320164944e-8,-0.9150691032409668,-1.505329727535809e-8,0.4032970368862152]},{"pos":[19.30843734741211,36.4998893737793,30.764034271240236,0.4032970368862152,9.912542253687207e-8,0.9150691032409668,-5.2889490120833219e-8,1,-8.501570647467816e-8,-0.9150691032409668,-1.4110956847446232e-8,0.4032970368862152]},{"pos":[19.30843734741211,36.4998893737793,30.764034271240236,0.4032970368862152,3.659357261653895e-8,0.9150691032409668,-1.9524929228964539e-8,1,-3.1384761456365598e-8,-0.9150691032409668,-5.209277897932907e-9,0.4032970368862152]},{"pos":[19.30843734741211,36.4998893737793,30.764034271240236,0.4032970368862152,1.5767437133717978e-8,0.9150691032409668,-8.412915697419976e-9,1,-1.3523059116948844e-8,-0.9150691032409668,-2.2445894032330217e-9,0.4032970368862152]},{"pos":[19.30843734741211,36.4998893737793,30.764034271240236,0.4032970368862152,-2.5858131635914107e-8,0.9150691032409668,1.3796864095638739e-8,1,2.217744743404637e-8,-0.9150691032409668,3.680984850262803e-9,0.4032970368862152]},{"pos":[19.30843734741211,36.4998893737793,30.764034271240236,0.4032970368862152,-6.744812708348036e-8,0.9150691032409668,3.5987657298619527e-8,1,5.784744061543279e-8,-0.9150691032409668,9.601492934052658e-9,0.4032970368862152]},{"pos":[19.30843734741211,36.4998893737793,30.764034271240236,0.4032970368862152,-1.0900257052526286e-7,0.9150691032409668,5.815948611598287e-8,1,9.348695328981194e-8,-0.9150691032409668,1.5516938844939433e-8,0.4032970368862152]},{"pos":[19.30843734741211,36.4998893737793,30.764034271240236,0.4032970368862152,-6.586571288380583e-8,0.9150691032409668,3.514336199827994e-8,1,5.649026846299421e-8,-0.9150691032409668,9.376246445924608e-9,0.4032970368862152]},{"pos":[19.30843734741211,36.4998893737793,30.764034271240236,0.4032970368862152,-5.149905391022003e-8,0.9150691032409668,2.7477879527282313e-8,1,4.4168583457349089e-8,-0.9150691032409668,7.331099727281298e-9,0.4032970368862152]},{"pos":[19.30843734741211,36.4998893737793,30.764034271240236,0.4032970368862152,-8.43591596577653e-9,0.9150691032409668,4.501091055431061e-9,1,7.235124499516132e-9,-0.9150691032409668,1.2009048200312123e-9,0.4032970368862152]},{"pos":[19.30843734741211,36.4998893737793,30.764034271240236,0.4032970368862152,4.88957461186601e-8,0.9150691032409668,-2.60888128877923e-8,1,-4.193585212419748e-8,-0.9150691032409668,-6.960461984562016e-9,0.4032970368862152]},{"pos":[19.30843734741211,36.4998893737793,30.764034271240236,0.4032970368862152,9.183018789826747e-8,0.9150691032409668,-4.899692740423234e-8,1,-7.87589371498143e-8,-0.9150691032409668,-1.3072329885233103e-8,0.4032970368862152]},{"pos":[19.30843734741211,36.4998893737793,30.764034271240236,0.4032970368862152,1.2042256969380106e-7,0.9150691032409668,-6.425268850307475e-8,1,-1.0328142963089704e-7,-0.9150691032409668,-1.7142552266591339e-8,0.4032970368862152]},{"pos":[19.30843734741211,36.4998893737793,30.764034271240236,0.4032970368862152,7.855587114136142e-8,0.9150691032409668,-4.191429070488084e-8,1,-6.737410274126887e-8,-0.9150691032409668,-1.1182694770184299e-8,0.4032970368862152]},{"pos":[19.30843734741211,36.4998893737793,30.764034271240236,0.4032970368862152,5.7635944017420118e-8,0.9150691032409668,-3.075225407656035e-8,1,-4.94319500887741e-8,-0.9150691032409668,-8.204677826029183e-9,0.4032970368862152]},{"pos":[19.30843734741211,38.4998893737793,30.764034271240236,0.4032970666885376,6.020333387368737e-8,0.9150691032409668,-3.2122109416832248e-8,1,-5.163389360518522e-8,-0.9150691032409668,-8.570150811237909e-9,0.4032970666885376]},{"pos":[19.30843734741211,38.465824127197269,30.764034271240236,0.4032970666885376,1.8439420657045958e-8,0.9150691032409668,-9.838567294195855e-9,1,-1.5814713094641776e-8,-0.9150691032409668,-2.6249415974177738e-9,0.4032970666885376]},{"pos":[19.30843734741211,38.37726593017578,30.764034271240236,0.4032970666885376,-2.3288807327048745e-8,0.9150691032409668,1.2425920736802709e-8,1,1.9973867892986165e-8,-0.9150691032409668,3.3151736911207765e-9,0.4032970666885376]},{"pos":[19.30843734741211,38.18992614746094,30.764034271240236,0.4032970666885376,-7.539895108266137e-8,0.9150691032409668,4.022976085593655e-8,1,6.466660096293708e-8,-0.9150691032409668,1.0733159250264635e-8,0.4032970666885376]},{"pos":[19.30843734741211,37.978736877441409,30.764034271240236,0.4032970666885376,-9.974959880310053e-8,0.9150691032409668,5.322226215298542e-8,1,8.555115726949225e-8,-0.9150691032409668,1.4199517117674532e-8,0.4032970666885376]},{"pos":[19.30843734741211,37.713050842285159,30.764034271240236,0.4032970666885376,-7.220943132324465e-8,0.9150691032409668,3.852797547665432e-8,1,6.193107537910692e-8,-0.9150691032409668,1.0279140205682325e-8,0.4032970666885376]},{"pos":[19.30843734741211,37.39286804199219,30.764034271240236,0.4032970666885376,-4.4692800571510818e-8,0.9150691032409668,2.3846254748605135e-8,1,3.8331176455130847e-8,-0.9150691032409668,6.362119275848954e-9,0.4032970666885376]},{"pos":[19.30843734741211,36.915992736816409,30.764034271240236,0.4032970666885376,-1.0330073685338448e-8,0.9150691032409668,5.511758605081241e-9,1,8.859656119852844e-9,-0.9150691032409668,1.470566779460114e-9,0.4032970666885376]},{"pos":[19.30843734741211,36.47317886352539,30.764034271240236,0.4032970666885376,1.7133681140535374e-8,0.9150691032409668,-9.141728263273308e-9,1,-1.4694901295797536e-8,-0.9150691032409668,-2.438902635404361e-9,0.4032970666885376]},{"pos":[19.30843734741211,36.375221252441409,30.764034271240236,0.4032970666885376,4.4573969404382299e-8,0.9150691032409668,-2.3782684266393518e-8,1,-3.822933436481435e-8,-0.9150691032409668,-6.345021841269727e-9,0.4032970666885376]},{"pos":[19.30843734741211,36.41459655761719,30.764034271240236,0.4032970666885376,7.199081153430598e-8,0.9150691032409668,-3.841112317104489e-8,1,-6.174366262712283e-8,-0.9150691032409668,-1.0247792836537429e-8,0.4032970666885376]},{"pos":[19.30843734741211,36.4506950378418,30.764034271240236,0.4032970666885376,9.938422351751797e-8,0.9150691032409668,-5.302705119447637e-8,1,-8.52379002935777e-8,-0.9150691032409668,-1.4147219395965749e-8,0.4032970666885376]},{"pos":[19.30843734741211,36.47267150878906,30.764034271240236,0.4032970666885376,1.0933062100093594e-7,0.9150691032409668,-5.833400607002659e-8,1,-9.376852716513895e-8,-0.9150691032409668,-1.5563074384772336e-8,0.4032970666885376]},{"pos":[19.30843734741211,36.48709487915039,30.764034271240236,0.4032970666885376,5.644800893378488e-8,0.9150691032409668,-3.0118194160877468e-8,1,-4.841320588866438e-8,-0.9150691032409668,-8.035324405852862e-9,0.4032970666885376]},{"pos":[19.30843734741211,36.492919921875,30.764034271240236,0.4032970666885376,1.4182591101530307e-8,0.9150691032409668,-7.567257043206155e-9,1,-1.2163822837862881e-8,-0.9150691032409668,-2.018929023961391e-9,0.4032970666885376]},{"pos":[19.30843734741211,36.49606704711914,30.764034271240236,0.4032970666885376,-2.804445387027954e-8,0.9150691032409668,1.4963191574679514e-8,1,2.4052654978845568e-8,-0.9150691032409668,3.991989405704999e-9,0.4032970666885376]},{"pos":[19.30843734741211,36.49781799316406,30.764034271240236,0.4032970666885376,-7.023315617971093e-8,0.9150691032409668,3.747317833813213e-8,1,6.023625331863514e-8,-0.9150691032409668,9.997441985376554e-9,0.4032970666885376]},{"pos":[19.30843734741211,36.498779296875,30.764034271240236,0.4032970666885376,-1.1238580555072986e-7,0.9150691032409668,5.9963916498873e-8,1,9.638893061492127e-8,-0.9150691032409668,1.5997756008800935e-8,0.4032970666885376]},{"pos":[19.30843734741211,36.49929428100586,30.764034271240236,0.4032970666885376,-8.232601089730452e-8,0.9150691032409668,4.392540020603519e-8,1,7.060781115342252e-8,-0.9150691032409668,1.1718855219555735e-8,0.4032970666885376]},{"pos":[19.30843734741211,36.499454498291019,30.764034271240236,0.4032970666885376,-6.730574853008875e-8,0.9150691032409668,3.591128461266635e-8,1,5.7725511481976358e-8,-0.9150691032409668,9.580777948769992e-9,0.4032970666885376]},{"pos":[19.30843734741211,36.49957275390625,30.764034271240236,0.4032970666885376,-5.229190591649058e-8,0.9150691032409668,2.790059561164071e-8,1,4.484871851673233e-8,-0.9150691032409668,7.4436163899349598e-9,0.4032970666885376]},{"pos":[19.30843734741211,36.4997673034668,30.764034271240236,0.4032970666885376,-7.288864178889298e-9,0.9150691032409668,3.889070843143827e-9,1,6.2513456633439549e-9,-0.9150691032409668,1.0376189907290723e-9,0.4032970666885376]},{"pos":[19.30843734741211,36.49982452392578,30.764034271240236,0.4032970666885376,2.2681119205003598e-8,0.9150691032409668,-1.210150823993672e-8,1,-1.9452755850579707e-8,-0.9150691032409668,-3.2284774853508226e-9,0.4032970666885376]},{"pos":[19.30843734741211,36.499855041503909,30.764034271240236,0.4032970666885376,5.262549152007523e-8,0.9150691032409668,-2.8078419589405713e-8,1,-4.513489315627339e-8,-0.9150691032409668,-7.490923437103448e-9,0.4032970666885376]},{"pos":[19.30843734741211,36.499874114990237,30.764034271240236,0.4032970666885376,8.25442754148753e-8,0.9150691032409668,-4.4041673419314978e-8,1,-7.079508890228681e-8,-0.9150691032409668,-1.1749722084175574e-8,0.4032970666885376]},{"pos":[19.30843734741211,36.499881744384769,30.764034271240236,0.4032970666885376,1.1243749042932905e-7,0.9150691032409668,-5.999127949962713e-8,1,-9.643335374676099e-8,-0.9150691032409668,-1.600487564701325e-8,0.4032970666885376]},{"pos":[19.30843734741211,36.4998893737793,30.764034271240236,0.4032970666885376,1.0512231085613166e-7,0.9150691032409668,-5.608825759395586e-8,1,-9.01593963931191e-8,-0.9150691032409668,-1.496361079489361e-8,0.4032970666885376]},{"pos":[19.30843734741211,36.4998893737793,30.764034271240236,0.4032970666885376,6.064641411285266e-8,0.9150691032409668,-3.235805579038242e-8,1,-5.201411212851781e-8,-0.9150691032409668,-8.632719428192104e-9,0.4032970666885376]},{"pos":[19.30843734741211,36.4998893737793,30.764034271240236,0.4032970666885376,1.620853140593681e-8,0.9150691032409668,-8.648142646450197e-9,1,-1.3901419571027418e-8,-0.9150691032409668,-2.3072468380291868e-9,0.4032970666885376]},{"pos":[19.30843734741211,36.4998893737793,30.764034271240236,0.4032970666885376,-2.8191376344466336e-8,0.9150691032409668,1.5041500489587635e-8,1,2.417870348381257e-8,-0.9150691032409668,4.0128118605764488e-9,0.4032970666885376]},{"pos":[19.30843734741211,36.4998893737793,30.764034271240236,0.4032970666885376,-7.255334111277989e-8,0.9150691032409668,3.871089049312104e-8,1,6.222629167496052e-8,-0.9150691032409668,1.032746155260611e-8,0.4032970666885376]},{"pos":[19.30843734741211,36.4998893737793,30.764034271240236,0.4032970666885376,-1.1687739487342697e-7,0.9150691032409668,6.236005134496736e-8,1,1.0024135832509273e-7,-0.9150691032409668,1.6636706234862687e-8,0.4032970666885376]},{"pos":[19.30843734741211,36.4998893737793,30.764034271240236,0.4032970666885376,-8.589984901163916e-8,0.9150691032409668,4.5831956896336126e-8,1,7.367307119920952e-8,-0.9150691032409668,1.2227274304166258e-8,0.4032970666885376]},{"pos":[19.30843734741211,36.4998893737793,30.764034271240236,0.4032970666885376,-5.49487744194721e-8,0.9150691032409668,2.9317996919075996e-8,1,4.712749301916119e-8,-0.9150691032409668,7.821614467218297e-9,0.4032970666885376]},{"pos":[19.30843734741211,36.4998893737793,30.764034271240236,0.4032970666885376,-2.402415155700055e-8,0.9150691032409668,1.281815364961858e-8,1,2.0604593586881493e-8,-0.9150691032409668,3.419724281528147e-9,0.4032970666885376]},{"pos":[19.30843734741211,36.4998893737793,30.764034271240236,0.4032970666885376,6.8740444447712438e-9,0.9150691032409668,-3.6675842363109725e-9,1,-5.895640420305881e-9,-0.9150691032409668,-9.783985843725418e-10,0.4032970666885376]},{"pos":[19.30843734741211,36.4998893737793,30.764034271240236,0.4032970666885376,3.774583490212535e-8,0.9150691032409668,-2.0139228951165934e-8,1,-3.237322943050458e-8,-0.9150691032409668,-5.372757794219751e-9,0.4032970666885376]},{"pos":[19.30843734741211,36.4998893737793,30.764034271240236,0.4032970666885376,6.859124113134385e-8,0.9150691032409668,-3.659679137513194e-8,1,-5.882819209546142e-8,-0.9150691032409668,-9.763356345615648e-9,0.4032970666885376]},{"pos":[19.30843734741211,36.4998893737793,30.764034271240236,0.4032970666885376,9.941028622506565e-8,0.9150691032409668,-5.30402850529299e-8,1,-8.526054529056637e-8,-0.9150691032409668,-1.4150197458207004e-8,0.4032970666885376]},{"pos":[19.30843734741211,36.4998893737793,30.764034271240236,0.4032970666885376,1.3020299149957283e-7,0.9150691032409668,-6.946972774812821e-8,1,-1.1167031743752887e-7,-0.9150691032409668,-1.8533286905153547e-8,0.4032970666885376]},{"pos":[19.30843734741211,36.4998893737793,30.764034271240236,0.4032970666885376,8.486497904414137e-8,0.9150691032409668,-4.5279662685970837e-8,1,-7.2785560689681e-8,-0.9150691032409668,-1.2079816258392384e-8,0.4032970666885376]},{"pos":[19.30843734741211,36.4998893737793,30.764034271240236,0.4032970666885376,3.956570182594987e-8,0.9150691032409668,-2.1110281522851438e-8,1,-3.3934036025584649e-8,-0.9150691032409668,-5.631868305044918e-9,0.4032970666885376]},{"pos":[19.30843734741211,36.4998893737793,30.764034271240236,0.4032970666885376,-5.694858806748471e-9,0.9150691032409668,3.0384397220473149e-9,1,4.8842920818970018e-9,-0.9150691032409668,8.105616733367071e-10,0.4032970666885376]},{"pos":[19.30843734741211,36.4998893737793,30.764034271240236,0.4032970666885376,-5.091674282198255e-8,0.9150691032409668,2.7166517924115398e-8,1,4.366945205447337e-8,-0.9150691032409668,7.247479061334161e-9,0.4032970666885376]},{"pos":[19.30843734741211,36.4998893737793,30.764034271240236,0.4032970666885376,-9.609998130599706e-8,0.9150691032409668,5.127396818238594e-8,1,8.242147231385388e-8,-0.9150691032409668,1.3678886467971552e-8,0.4032970666885376]},{"pos":[19.30843734741211,36.4998893737793,30.764034271240236,0.4032970666885376,-1.0299233821342568e-7,0.9150691032409668,5.495138211131234e-8,1,8.833278997144589e-8,-0.9150691032409668,1.4659955027696015e-8,0.4032970666885376]},{"pos":[19.30843734741211,36.4998893737793,30.764034271240236,0.4032970666885376,-7.164288007288633e-8,0.9150691032409668,3.822494321070735e-8,1,6.144549047348846e-8,-0.9150691032409668,1.0197679145562688e-8,0.4032970666885376]},{"pos":[19.30843734741211,36.4998893737793,30.764034271240236,0.4032970666885376,-4.032020939348513e-8,0.9150691032409668,2.1512805759016375e-8,1,3.4581166374891839e-8,-0.9150691032409668,5.739219766098813e-9,0.4032970666885376]},{"pos":[19.30843734741211,36.4998893737793,30.764034271240236,0.4032970666885376,-9.024303082583174e-9,0.9150691032409668,4.814951548581803e-9,1,7.73979547119552e-9,-0.9150691032409668,1.2845766672597848e-9,0.4032970666885376]},{"pos":[19.30843734741211,36.4998893737793,30.764034271240236,0.4032970666885376,2.224485839974477e-8,0.9150691032409668,-1.1868628746469767e-8,1,-1.9078642665704139e-8,-0.9150691032409668,-3.1662552579803106e-9,0.4032970666885376]},{"pos":[19.30843734741211,36.4998893737793,30.764034271240236,0.4032970666885376,5.34873016988513e-8,0.9150691032409668,-2.8537947116547003e-8,1,-4.587416668755395e-8,-0.9150691032409668,-7.613278008022917e-9,0.4032970666885376]},{"pos":[19.30843734741211,36.4998893737793,30.764034271240236,0.4032970666885376,8.470304635466164e-8,0.9150691032409668,-4.519301910477225e-8,1,-7.264679169338706e-8,-0.9150691032409668,-1.2056495357626318e-8,0.4032970666885376]},{"pos":[19.30843734741211,36.4998893737793,30.764034271240236,0.4032970666885376,1.1589212078888522e-7,0.9150691032409668,-6.183385181657286e-8,1,-9.939654432855605e-8,-0.9150691032409668,-1.6495910415414984e-8,0.4032970666885376]},{"pos":[19.30843734741211,36.4998893737793,30.764034271240236,0.4032970666885376,7.774023202955505e-8,0.9150691032409668,-4.147804943954725e-8,1,-6.667502105983658e-8,-0.9150691032409668,-1.1065439231572327e-8,0.4032970666885376]},{"pos":[19.30843734741211,36.4998893737793,30.764034271240236,0.4032970666885376,3.962094652365522e-8,0.9150691032409668,-2.1139650030477243e-8,1,-3.3981461200482957e-8,-0.9150691032409668,-5.639616329489172e-9,0.4032970666885376]},{"pos":[19.30843734741211,36.4998893737793,30.764034271240236,0.4032970666885376,1.534234517208688e-9,0.9150691032409668,-8.18636824995167e-10,1,-1.3158357736742233e-9,-0.9150691032409668,-2.1843658826181667e-10,0.4032970666885376]},{"pos":[19.30843734741211,36.4998893737793,30.764034271240236,0.4032970666885376,-3.6519928414691097e-8,0.9150691032409668,1.9485003832642179e-8,1,3.1321878424250829e-8,-0.9150691032409668,5.1981037252346599e-9,0.4032970666885376]},{"pos":[19.30843734741211,36.4998893737793,30.764034271240236,0.4032970666885376,-7.454156758512909e-8,0.9150691032409668,3.977128670840102e-8,1,6.393170082219513e-8,-0.9150691032409668,1.0610007983302694e-8,0.4032970666885376]},{"pos":[19.30843734741211,36.4998893737793,30.764034271240236,0.4032970666885376,-1.1253072074168813e-7,0.9150691032409668,6.004022878869364e-8,1,9.651365928675659e-8,-0.9150691032409668,1.601728172317962e-8,0.4032970666885376]},{"pos":[19.30843734741211,36.4998893737793,30.764034271240236,0.4032970666885376,-7.997461182185362e-8,0.9150691032409668,4.267008435476782e-8,1,6.859141876702779e-8,-0.9150691032409668,1.1383356479655049e-8,0.4032970666885376]},{"pos":[19.30843734741211,36.4998893737793,30.764034271240236,0.4032970666885376,-4.744632065012411e-8,0.9150691032409668,2.5314786711305716e-8,1,4.069303827236581e-8,-0.9150691032409668,6.7533969527744379e-9,0.4032970666885376]},{"pos":[19.30843734741211,36.4998893737793,30.764034271240236,0.4032970666885376,-1.4945829462931216e-8,0.9150691032409668,7.974326088344697e-9,1,1.2818492933774906e-8,-0.9150691032409668,2.1273991457348986e-9,0.4032970666885376]},{"pos":[19.30843734741211,36.4998893737793,30.764034271240236,0.4032970666885376,1.7526886608720816e-8,0.9150691032409668,-9.351309948613107e-9,1,-1.5032231459599644e-8,-0.9150691032409668,-2.4946398280434325e-9,0.4032970666885376]},{"pos":[19.30843734741211,36.4998893737793,30.764034271240236,0.4032970666885376,4.9971852433827738e-8,0.9150691032409668,-2.666213383406557e-8,1,-4.2859159776753589e-8,-0.9150691032409668,-7.112722411051209e-9,0.4032970666885376]},{"pos":[19.30843734741211,36.4998893737793,30.764034271240236,0.4032970666885376,8.23890928813853e-8,0.9150691032409668,-4.395815977886741e-8,1,-7.066230978125532e-8,-0.9150691032409668,-1.1726851489868296e-8,0.4032970666885376]},{"pos":[19.30843734741211,36.4998893737793,30.764034271240236,0.4032970666885376,1.1477862926767557e-7,0.9150691032409668,-6.123939755298125e-8,1,-9.844170278938691e-8,-0.9150691032409668,-1.6337031283342186e-8,0.4032970666885376]},{"pos":[19.30843734741211,36.4998893737793,30.764034271240236,0.4032970666885376,7.786736233583724e-8,0.9150691032409668,-4.154563626457275e-8,1,-6.678416752947669e-8,-0.9150691032409668,-1.1083271189704647e-8,0.4032970666885376]},{"pos":[19.30843734741211,36.4998893737793,30.764034271240236,0.4032970666885376,4.0987639948752988e-8,0.9150691032409668,-2.1868714839001769e-8,1,-3.515368263151686e-8,-0.9150691032409668,-5.83400838749526e-9,0.4032970666885376]},{"pos":[19.30843734741211,36.4998893737793,30.764034271240236,0.4032970666885376,4.139431020178108e-9,0.9150691032409668,-2.208613958387673e-9,1,-3.5502274453591555e-9,-0.9150691032409668,-5.892380472438674e-10,0.4032970666885376]},{"pos":[19.30843734741211,36.4998893737793,30.764034271240236,0.4032970666885376,-3.267728487799104e-8,0.9150691032409668,1.7434681254258068e-8,1,2.8026221343679937e-8,-0.9150691032409668,4.651044438475083e-9,0.4032970666885376]},{"pos":[19.30843734741211,36.4998893737793,30.764034271240236,0.4032970666885376,-6.946254416106967e-8,0.9150691032409668,3.706118434365635e-8,1,5.95756901589084e-8,-0.9150691032409668,9.886843344020236e-9,0.4032970666885376]},{"pos":[19.30843734741211,36.4998893737793,30.764034271240236,0.4032970666885376,-1.0621636192809092e-7,0.9150691032409668,5.66709097427065e-8,1,9.109820098274213e-8,-0.9150691032409668,1.511816272170563e-8,0.4032970666885376]},{"pos":[19.30843734741211,36.4998893737793,30.764034271240236,0.4032970666885376,-1.0500640712507448e-7,0.9150691032409668,5.6025356798272699e-8,1,9.006046042259186e-8,-0.9150691032409668,1.4945953807909974e-8,0.4032970666885376]},{"pos":[19.30843734741211,36.4998893737793,30.764034271240236,0.4032970666885376,-6.588133061313784e-8,0.9150691032409668,3.5150488741919619e-8,1,5.6504195100615109e-8,-0.9150691032409668,9.377152387912702e-9,0.4032970666885376]},{"pos":[19.30843734741211,36.4998893737793,30.764034271240236,0.4032970666885376,-7.256399925381629e-9,0.9150691032409668,3.871643450281681e-9,1,6.2235492315210198e-9,-0.9150691032409668,1.0328820021499042e-9,0.4032970666885376]},{"pos":[19.30843734741211,36.4998893737793,30.764034271240236,0.4032970666885376,1.2268541738080785e-8,0.9150691032409668,-6.545724406947784e-9,1,-1.0522342996921452e-8,-0.9150691032409668,-1.7461603274426807e-9,0.4032970666885376]},{"pos":[19.30843734741211,36.4998893737793,30.764034271240236,0.4032970666885376,5.1293394420781627e-8,0.9150691032409668,-2.7367100585706795e-8,1,-4.3992660181402246e-8,-0.9150691032409668,-7.30067739596052e-9,0.4032970666885376]},{"pos":[19.30843734741211,36.4998893737793,30.764034271240236,0.4032970666885376,9.02848995565364e-8,0.9150691032409668,-4.8170676336667387e-8,1,-7.743437890894711e-8,-0.9150691032409668,-1.2850440711531519e-8,0.4032970666885376]},{"pos":[19.30843734741211,36.4998893737793,30.764034271240236,0.4032970666885376,9.444530491009573e-8,0.9150691032409668,-5.039042960675033e-8,1,-8.100261794652397e-8,-0.9150691032409668,-1.3442608803870826e-8,0.4032970666885376]},{"pos":[19.30843734741211,36.4998893737793,30.764034271240236,0.4032970666885376,6.381923611797902e-8,0.9150691032409668,-3.405018489388567e-8,1,-5.473564712588086e-8,-0.9150691032409668,-9.083545471355592e-9,0.4032970666885376]},{"pos":[19.30843734741211,36.4998893737793,30.764034271240236,0.4032970666885376,3.321934016753403e-8,0.9150691032409668,-1.7723905898492377e-8,1,-2.8491118797546734e-8,-0.9150691032409668,-4.728213820470728e-9,0.4032970666885376]},{"pos":[19.30843734741211,36.4998893737793,30.764034271240236,0.4032970666885376,2.64559307