{"a":[{"p":[-106.0860366821289,1018.7185668945313,-307.9762878417969,0.9403892159461975,8.192587053201806e-9,0.34010010957717898,-1.5243289297472985e-8,1,1.805950233801923e-8,-0.34010010957717898,-2.216720673686723e-8,0.9403892159461975]},{"p":[-106.0860366821289,1018.7185668945313,-307.9762878417969,0.9403892159461975,3.1784349374675e-8,0.34010010957717898,-3.813698867816129e-8,1,1.1994305104678915e-8,-0.34010010957717898,-2.4249709795753917e-8,0.9403892159461975]},{"p":[-106.0860366821289,1018.7185668945313,-307.9762878417969,0.9403892159461975,5.535593317063103e-8,0.34010010957717898,-6.101110727740888e-8,1,5.934289060149922e-9,-0.34010010957717898,-2.6330425839660167e-8,0.9403892159461975]},{"p":[-106.0860366821289,1018.7185668945313,-307.9762878417969,0.9403892159461975,7.890736242188723e-8,0.34010010957717898,-8.386565752971365e-8,1,-1.205490984812485e-10,-0.34010010957717898,-2.8409358421299659e-8,0.9403892159461975]},{"p":[-106.0860366821289,1018.7185668945313,-307.9762878417969,0.9403892159461975,1.0243864778658463e-7,0.34010010957717898,-1.06700667856785e-7,1,-6.170214117418027e-9,-0.34010010957717898,-3.048650754067239e-8,0.9403892159461975]},{"p":[-106.0860366821289,1018.7185668945313,-307.9762878417969,0.9403892159461975,1.0890867940815952e-7,0.34010010957717898,-1.1209293404590426e-7,1,-1.0284299634122363e-8,-0.34010010957717898,-2.8451575317944845e-8,0.9403892159461975]},{"p":[-106.0860366821289,1018.7185668945313,-307.9762878417969,0.9403892159461975,6.42716670995469e-8,0.34010010957717898,-6.523332984897934e-8,1,-8.606118484522085e-9,-0.34010010957717898,-1.4092762512518675e-8,0.9403892159461975]},{"p":[-106.0860366821289,1018.7185668945313,-307.9762878417969,0.9403892159461975,1.9672821593985647e-8,0.34010010957717898,-1.8413803815064967e-8,1,-6.929365969909895e-9,-0.34010010957717898,2.537645094058405e-10,0.9403892159461975]},{"p":[-106.0860366821289,1018.7185668945313,-307.9762878417969,0.9403892159461975,-2.488788375387685e-8,0.34010010957717898,2.8365683135689325e-8,1,-5.254038981661324e-9,-0.34010010957717898,1.4588013463878724e-8,0.9403892159461975]},{"p":[-106.0860366821289,1018.7185668945313,-307.9762878417969,0.9403892159461975,-8.053517319694947e-8,0.34010010957717898,8.678377838577944e-8,1,-3.1618867524230156e-9,-0.34010010957717898,3.2488578938227877e-8,0.9403892159461975]},{"p":[-106.0860366821289,1018.7185668945313,-307.9762878417969,0.9403892159461975,-9.677137313701678e-8,0.34010010957717898,1.0355636703707205e-7,1,-1.7992318745996272e-9,-0.34010010957717898,3.6911508516368488e-8,0.9403892159461975]},{"p":[-106.0860366821289,1018.7185668945313,-307.9762878417969,0.9403892159461975,-6.676034303154666e-8,0.34010010957717898,7.069164809081485e-8,1,8.31174851168015e-10,-0.34010010957717898,2.3260609438580105e-8,0.9403892159461975]},{"p":[-106.0860366821289,1018.7185668945313,-307.9762878417969,0.9403892159461975,-4.876913095586133e-8,0.34010010957717898,5.098968003380833e-8,1,2.4080706317874957e-9,-0.34010010957717898,1.5077073811653464e-8,0.9403892159461975]},{"p":[-106.0860366821289,1018.7185668945313,-307.9762878417969,0.9403892159461975,-2.4798797682024089e-8,0.34010010957717898,2.4740050008631443e-8,1,4.509026929611082e-9,-0.34010010957717898,4.173853707101216e-9,0.9403892159461975]},{"p":[-106.0860366821289,1018.7185668945313,-307.9762878417969,0.9403892159461975,-8.489631220243155e-10,0.34010010957717898,-1.4871318620990337e-9,1,6.608189551116084e-9,-0.34010010957717898,-6.7200440767578588e-9,0.9403892159461975]},{"p":[-106.0860366821289,1018.7185668945313,-307.9762878417969,0.9403892159461975,2.3080389155438753e-8,0.34010010957717898,-2.7691884341152219e-8,1,8.705558940391711e-9,-0.34010010957717898,-1.7604627089440329e-8,0.9403892159461975]},{"p":[-106.0860366821289,1018.7185668945313,-307.9762878417969,0.9403892159461975,4.698927469348746e-8,0.34010010957717898,-5.387422774560946e-8,1,1.0801137761973223e-8,-0.34010010957717898,-2.84799046568196e-8,0.9403892159461975]},{"p":[-106.0860366821289,1018.7185668945313,-307.9762878417969,0.9403892159461975,7.087771081160099e-8,0.34010010957717898,-8.003417661939238e-8,1,1.2894927792217459e-8,-0.34010010957717898,-3.934588477250145e-8,0.9403892159461975]},{"p":[-106.0860366821289,1018.7185668945313,-307.9762878417969,0.9403892159461975,9.47457223787751e-8,0.34010010957717898,-1.061717540551399e-7,1,1.498692725476758e-8,-0.34010010957717898,-5.02025727655564e-8,0.9403892159461975]},{"p":[-106.13362884521485,1018.7185668945313,-307.9093322753906,0.8538929224014282,1.023345319595137e-7,0.5204487442970276,-1.1493477103385885e-7,1,-8.055639710846663e-9,-0.5204487442970276,-5.293900429137466e-8,0.8538929224014282]},{"p":[-106.25199890136719,1018.7185668945313,-307.7413330078125,0.6901682615280151,6.150808218308157e-8,0.7236489653587341,-6.404184915709266e-8,1,-2.391826647851758e-8,-0.7236489653587341,-2.983618685448164e-8,0.6901682615280151]},{"p":[-106.39702606201172,1018.7185668945313,-307.5223083496094,0.49607032537460329,2.012081878888239e-8,0.8682823181152344,-1.353915024537855e-8,1,-1.543789096558612e-8,-0.8682823181152344,-4.0975258741582369e-9,0.49607032537460329]},{"p":[-106.57389831542969,1018.7185668945313,-307.2398681640625,0.2503379285335541,-3.2634268620768128e-8,0.9681585431098938,4.059932479094641e-8,1,2.3209750565911237e-8,-0.9681585431098938,3.349630262050596e-8,0.2503379285335541]},{"p":[-106.71101379394531,1018.7185668945313,-307.01116943359377,0.07066524773836136,-7.511119548553325e-8,0.9975000619888306,7.394441325914159e-8,1,7.006104141282776e-8,-0.9975000619888306,6.88086743139138e-8,0.07066524773836136]},{"p":[-106.84494018554688,1018.7185668945313,-306.78057861328127,-0.0862995982170105,-6.33972945252026e-8,0.9962692260742188,5.102154787550717e-8,1,6.805433372392145e-8,-0.9962692260742188,5.67042590660094e-8,-0.0862995982170105]},{"p":[-106.94471740722656,1018.7185668945313,-306.60723876953127,-0.18813084065914155,-5.4812403504911347e-8,0.9821439981460571,3.562179884397665e-8,1,6.263232421588327e-8,-0.9821439981460571,4.6768807493435818e-8,-0.18813084065914155]},{"p":[-107.14131164550781,1018.7186889648438,-306.2588806152344,-0.3592163026332855,-3.839782181103146e-8,0.9332543611526489,9.429311553788012e-9,1,4.477341519759648e-8,-0.9332543611526489,2.488328654237648e-8,-0.3592163026332855]},{"p":[-107.20645141601563,1018.7186889648438,-306.1425476074219,-0.4037233293056488,-3.321234842701415e-8,0.9148811101913452,2.1707398101256105e-9,1,3.726028197093001e-8,-0.9148811101913452,1.702881391452138e-8,-0.4037233293056488]},{"p":[-107.33602905273438,1018.7186889648438,-305.90948486328127,-0.4819800853729248,-2.326580528233535e-8,0.8761821985244751,-1.0651941551031996e-8,1,2.069407756266628e-8,-0.8761821985244751,6.410919572985563e-10,-0.4819800853729248]},{"p":[-107.46476745605469,1018.7186889648438,-305.6759338378906,-0.5473803281784058,-1.3904250195651003e-8,0.8368839621543884,-2.1469418243214024e-8,1,2.5718185359124847e-9,-0.8368839621543884,-1.6559649651526344e-8,-0.5473803281784058]},{"p":[-107.59178924560547,1018.7186889648438,-305.4414367675781,-0.6021636128425598,-5.124489277363864e-9,0.7983726859092712,-3.0596918776382157e-8,1,-1.6658715296102856e-8,-0.7983726859092712,-3.445901697318732e-8,-0.6021636128425598]},{"p":[-107.71885681152344,1018.7186889648438,-305.2070007324219,-0.6473682522773743,3.091754408046654e-9,0.7621773481369019,-3.8358038523256258e-8,1,-3.663652492491565e-8,-0.7621773481369019,-5.295295224527763e-8,-0.6473682522773743]},{"p":[-107.90962219238281,1018.7186889648438,-304.8554382324219,-0.7024157643318176,1.4437913975484662e-8,0.7117668986320496,-4.7942201319983727e-8,1,-6.759695025948531e-8,-0.7117668986320496,-8.160483844221744e-8,-0.7024157643318176]},{"p":[-108.0369873046875,1018.7186889648438,-304.62115478515627,-0.7304266691207886,2.138972199361433e-8,0.682991087436676,-5.3503221408846e-8,1,-8.853687916143827e-8,-0.682991087436676,-1.0121192417500424e-7,-0.7304266691207886]},{"p":[-108.16436767578125,1018.7186889648438,-304.38690185546877,-0.7534688115119934,2.792221742708989e-8,0.6574836373329163,-5.860318452732827e-8,1,-1.0962689600546583e-7,-0.6574836373329163,-1.2113108027733689e-7,-0.7534688115119934]},{"p":[-108.29192352294922,1018.7186889648438,-304.1527099609375,-0.7726038694381714,2.5396555969336988e-8,0.6348883509635925,-4.711370493737377e-8,1,-9.733488326446604e-8,-0.6348883509635925,-1.0511325143625072e-7,-0.7726038694381714]},{"p":[-108.35570526123047,1018.7186889648438,-304.0356140136719,-0.7807521224021912,1.99574134995828e-8,0.6248408555984497,-3.372403156731707e-8,1,-7.407890478816626e-8,-0.6248408555984497,-7.890941589039358e-8,-0.7807521224021912]},{"p":[-108.54705047607422,1018.7186889648438,-303.684326171875,-0.8024040460586548,4.729488356502998e-9,0.5967811346054077,3.997735475991249e-9,1,-2.5498276823299195e-9,-0.5967811346054077,3.3978103664011885e-10,-0.8024040460586548]},{"p":[-108.67461395263672,1018.7186889648438,-303.45013427734377,-0.8137167692184448,-4.572265677182941e-9,0.5812615752220154,2.745519545044317e-8,1,4.6301074974053338e-8,-0.5812615752220154,5.363461497154276e-8,-0.8137167692184448]},{"p":[-108.73839569091797,1018.7186889648438,-303.3330383300781,-0.8185230493545532,-9.004931023071095e-9,0.5744736790657044,3.8812473235338987e-8,1,7.097600729366605e-8,-0.5744736790657044,8.039224752565133e-8,-0.8185230493545532]},{"p":[-108.93001556396485,1018.7186889648438,-302.98193359375,-0.8313092589378357,-1.1874637273479039e-8,0.5558100938796997,3.8127403456655887e-8,1,7.83906202173057e-8,-0.5558100938796997,8.635844039872609e-8,-0.8313092589378357]},{"p":[-109.05777740478516,1018.7186889648438,-302.74786376953127,-0.8380558490753174,-1.060655208107164e-8,0.545584499835968,2.6812257303276966e-8,1,6.0626213382875e-8,-0.545584499835968,6.543650243884258e-8,-0.8380558490753174]},{"p":[-109.12165832519531,1018.7186889648438,-302.6308288574219,-0.8409385085105896,-1.002606264677297e-8,0.5411307215690613,2.130652632104102e-8,1,5.163916227957088e-8,-0.5411307215690613,5.495497745755529e-8,-0.8409385085105896]},{"p":[-109.31330108642578,1018.7186889648438,-302.27972412109377,-0.8487098813056946,-8.465677048263842e-9,0.5288587212562561,5.214538134623581e-9,1,2.4375706786372576e-8,-0.5288587212562561,2.3445657859610948e-8,-0.8487098813056946]},{"p":[-109.4410629272461,1018.7186889648438,-302.045654296875,-0.8528459668159485,-7.564560533523946e-9,0.5221625566482544,-5.2014241802567089e-9,1,5.9915188366233e-9,-0.5221625566482544,2.3938537818679608e-9,-0.8528459668159485]},{"p":[-109.5688247680664,1018.7186889648438,-301.81158447265627,-0.8563461899757385,-6.754616865833896e-9,0.5164021253585815,-1.543253347335849e-8,1,-1.2511518043822889e-8,-0.5164021253585815,-1.86835844573352e-8,-0.8563461899757385]},{"p":[-109.69658660888672,1018.7186889648438,-301.5775146484375,-0.8593398928642273,-6.0234923715540848e-9,0.511404812335968,-2.5520003887891108e-8,1,-3.11042569478559e-8,-0.511404812335968,-3.978018270345274e-8,-0.8593398928642273]},{"p":[-109.82434844970703,1018.7186889648438,-301.34344482421877,-0.8619048595428467,-5.36082556124029e-9,0.507070004940033,-3.5496313444127739e-8,1,-4.9763578147121737e-8,-0.507070004940033,-6.089058501856926e-8,-0.8619048595428467]},{"p":[-109.95211029052735,1018.7186889648438,-301.109375,-0.8641049861907959,-4.757591209880729e-9,0.5033115744590759,-4.5387764657789378e-8,1,-6.847091071904288e-8,-0.5033115744590759,-8.201023860010537e-8,-0.8641049861907959]},{"p":[-110.07987213134766,1018.7186889648438,-300.87530517578127,-0.8659940958023071,-4.205921833033699e-9,0.5000541806221008,-5.521552992604484e-8,1,-8.721135458245044e-8,-0.5000541806221008,-1.0313527809557854e-7,-0.8659940958023071]},{"p":[-110.14375305175781,1018.7186889648438,-300.7582702636719,-0.866815984249115,-3.947362436917956e-9,0.498628169298172,-6.011504183334182e-8,1,-9.658764099640394e-8,-0.498628169298172,-1.1369876773414944e-7,-0.866815984249115]},{"p":[-110.33126068115235,1018.7186889648438,-300.4049377441406,-0.8701977729797363,-2.4725823610793897e-9,0.4927026331424713,-5.5467854309654288e-8,1,-9.294738134713043e-8,-0.4927026331424713,-1.0821175777664394e-7,-0.8701977729797363]},{"p":[-110.38377380371094,1018.7186889648438,-300.30584716796877,-0.8704188466072083,-4.175657875027383e-10,0.49231189489364626,-2.743656501991154e-8,1,-4.766031480585298e-8,-0.49231189489364626,-5.499178357126766e-8,-0.8704188466072083]},{"p":[-110.38605499267578,1018.7186889648438,-300.30157470703127,-0.8704249858856201,1.6431995764065733e-9,0.4923011064529419,5.365785593625105e-10,1,-2.3890829314865415e-9,-0.4923011064529419,-1.8153591962999372e-9,-0.8704249858856201]},{"p":[-110.38610076904297,1018.7186889648438,-300.301513671875,-0.8704251646995544,3.7024090460135996e-9,0.492300808429718,2.8485420244805938e-8,1,4.2843758762955989e-8,-0.492300808429718,5.131568059368874e-8,-0.8704251646995544]},{"p":[-110.38610076904297,1018.7186889648438,-300.301513671875,-0.8704251646995544,5.759861920751064e-9,0.49230077862739565,5.641038569592638e-8,1,8.803796447409695e-8,-0.49230077862739565,1.0440133024758325e-7,-0.8704251646995544]},{"p":[-110.38610076904297,1018.7186889648438,-300.301513671875,-0.8704251646995544,4.159316446816774e-9,0.49230077862739565,4.526519958858444e-8,1,7.158357817615979e-8,-0.49230077862739565,8.459224432044721e-8,-0.8704251646995544]},{"p":[-110.38610076904297,1018.7186889648438,-300.301513671875,-0.8704251646995544,2.5601407660502675e-9,0.49230077862739565,3.412953830661536e-8,1,5.514325351896332e-8,-0.49230077862739565,6.480007641584962e-8,-0.8704251646995544]},{"p":[-110.38610076904297,1018.7186889648438,-300.301513671875,-0.8704251646995544,9.62333213117006e-10,0.49230077862739565,2.300339119187811e-8,1,3.871697629165283e-8,-0.49230077862739565,4.5024819428363119e-8,-0.8704251646995544]},{"p":[-110.38610076904297,1018.7186889648438,-300.301513671875,-0.8704251646995544,-6.341094316297813e-10,0.49230077862739565,1.1886753803480588e-8,1,2.2304735836087276e-8,-0.49230077862739565,2.526646092348983e-8,-0.8704251646995544]},{"p":[-110.38610076904297,1018.7186889648438,-300.301513671875,-0.8704251646995544,-2.229186613078582e-9,0.49230077862739565,7.796144285698858e-10,1,5.906516609144319e-9,-0.49230077862739565,5.524985358107415e-9,-0.8704251646995544]},{"p":[-110.38610076904297,1018.7186889648438,-300.301513671875,-0.8704251646995544,-3.822899774519328e-9,0.49230077862739565,-1.0318033538680993e-8,1,-1.0477692491406288e-8,-0.49230077862739565,-1.4199622810906476e-8,-0.8704251646995544]},{"p":[-110.38610076904297,1018.7186889648438,-300.301513671875,-0.8704251646995544,-5.415250026175045e-9,0.49230077862739565,-2.1406197703299769e-8,1,-2.684790345597321e-8,-0.49230077862739565,-3.390737646213893e-8,-0.8704251646995544]},{"p":[-110.38610076904297,1018.7186889648438,-300.301513671875,-0.8704251646995544,-7.006238256224151e-9,0.49230077862739565,-3.24848876687156e-8,1,-4.3204128274965117e-8,-0.49230077862739565,-5.359829557960438e-8,-0.8704251646995544]},{"p":[-110.38610076904297,1018.7186889648438,-300.301513671875,-0.8704251646995544,-7.801221890701982e-9,0.49230077862739565,-3.8020683490458398e-8,1,-5.1377000431784839e-8,-0.49230077862739565,-6.343744018977304e-8,-0.8704251646995544]},{"p":[-110.38610076904297,1018.7186889648438,-300.301513671875,-0.8704251646995544,-1.0184134424662261e-8,0.49230077862739565,-5.4613874311826297e-8,1,-7.587466654968012e-8,-0.49230077862739565,-9.292966751672793e-8,-0.8704251646995544]},{"p":[-110.38610076904297,1018.7186889648438,-300.301513671875,-0.8704251646995544,-1.097775914615795e-8,0.49230077862739565,-6.014020925704244e-8,1,-8.403357298902847e-8,-0.49230077862739565,-1.0275201134390955e-7,-0.8704251646995544]},{"p":[-110.38610076904297,1018.7186889648438,-300.301513671875,-0.8704251646995544,-1.3356598493885486e-8,0.49230077862739565,-7.670505652868087e-8,1,-1.084894023506422e-7,-0.49230077862739565,-1.3219386119089905e-7,-0.8704251646995544]},{"p":[-110.38610076904297,1018.7186889648438,-300.301513671875,-0.8704251646995544,-7.78902542464266e-9,0.49230077862739565,-4.5858875807880398e-8,1,-6.526029494580144e-8,-0.49230077862739565,-7.938056256762138e-8,-0.8704251646995544]},{"p":[-110.38610076904297,1018.7186889648438,-300.301513671875,-0.8704251646995544,-2.22621587830929e-9,0.49230077862739565,-1.503905444621978e-8,1,-2.2068126881436e-8,-0.49230077862739565,-2.6612390513491847e-8,-0.8704251646995544]},{"p":[-110.45755004882813,1018.7186889648438,-300.33489990234377,-0.7684224843978882,2.2148860523429905e-9,0.6399428844451904,1.7638779326034638e-8,1,1.7718999600901954e-8,-0.6399428844451904,2.490348904871098e-8,-0.7684224843978882]},{"p":[-110.54019165039063,1018.7186889648438,-300.37890625,-0.7059236764907837,2.7669562197019106e-9,0.7082879543304443,3.713680385430962e-8,1,3.3106296370988278e-8,-0.7082879543304443,4.9674067525984358e-8,-0.7059236764907837]},{"p":[-110.86065673828125,1018.7186889648438,-300.60650634765627,-0.4818238317966461,-7.801835844034599e-10,0.8762680888175964,1.0457888777182234e-7,1,5.839397942963842e-8,-0.8762680888175964,1.1977475367075386e-7,-0.4818238317966461]},{"p":[-111.05961608886719,1018.7186889648438,-300.7838439941406,-0.32909491658210757,-2.5552060467504136e-9,0.9442968368530273,8.231754122789425e-8,1,3.139425075460167e-8,-0.9442968368530273,8.806388507309748e-8,-0.32909491658210757]},{"p":[-111.24957275390625,1018.7186889648438,-300.9709777832031,-0.18379035592079163,-3.378114010743616e-9,0.9829654693603516,5.5602473736371397e-8,1,1.3832949896652736e-8,-0.9829654693603516,5.719767415257593e-8,-0.18379035592079163]},{"p":[-111.43218231201172,1018.7186889648438,-301.165283203125,-0.04947483539581299,-3.5418750155002955e-9,0.9987753629684448,2.659623277168066e-8,1,4.863675240329712e-9,-0.9987753629684448,2.6804292119209096e-8,-0.04947483539581299]},{"p":[-111.61148071289063,1018.7186889648438,-301.3626708984375,0.06986697763204575,-3.186865216164847e-9,0.9975563287734985,-3.1909772602034538e-9,1,3.4181619756878946e-9,-0.9975563287734985,-3.42199624192574e-9,0.06986697763204575]},{"p":[-111.78176879882813,1018.7186889648438,-301.56787109375,0.17815035581588746,-2.384878516892286e-9,0.9840033054351807,-3.274724846846766e-8,1,8.35242364161104e-9,-0.9840033054351807,-3.371138390662054e-8,0.17815035581588746]},{"p":[-111.93875885009766,1018.7186889648438,-301.7833557128906,0.27825117111206057,-1.1361627194617086e-9,0.9605083465576172,-6.138321140269909e-8,1,1.896507484389076e-8,-0.9605083465576172,-6.42361399627589e-8,0.27825117111206057]},{"p":[-112.08082580566406,1018.7186889648438,-302.00897216796877,0.37096408009529116,6.070476343822406e-10,0.9286472201347351,-8.856791566813627e-8,1,3.47262840705298e-8,-0.9286472201347351,-9.513055232446277e-8,0.37096408009529116]},{"p":[-112.14714813232422,1018.7186889648438,-302.1246337890625,0.4129898250102997,1.6911891886906006e-9,0.9107356667518616,-1.0155935825650886e-7,1,4.419701227220685e-8,-0.9107356667518616,-1.1074664740817752e-7,0.4129898250102997]},{"p":[-112.27169799804688,1018.7186889648438,-302.36041259765627,0.4919016361236572,2.853854708106951e-9,0.8706507682800293,-9.267317579997325e-8,1,4.908079631604778e-8,-0.8706507682800293,-1.0482889223339953e-7,0.4919016361236572]},{"p":[-112.45340728759766,1018.7186889648438,-302.7167663574219,0.5910527110099793,1.117236636538621e-9,0.806632936000824,-3.174433871322435e-8,1,2.1875303346519105e-8,-0.806632936000824,-3.8535485913371306e-8,0.5910527110099793]},{"p":[-112.57364654541016,1018.7186889648438,-302.95477294921877,0.6416217088699341,-1.3691737743570798e-9,0.7670212388038635,6.0110849631200839e-9,1,-3.243285195964063e-9,-0.7670212388038635,6.691592169261185e-9,0.6416217088699341]},{"p":[-112.69296264648438,1018.7186889648438,-303.1932678222656,0.6832114458084106,-4.842019230011374e-9,0.7302206158638,4.17230836546878e-8,1,-3.240618795530281e-8,-0.7302206158638,5.260733360046288e-8,0.6832114458084106]},{"p":[-112.80608367919922,1018.7186889648438,-303.43475341796877,0.7198197245597839,-9.255956001652521e-9,0.694161057472229,7.548101876864166e-8,1,-6.493705484444945e-8,-0.694161057472229,9.91389583759883e-8,0.7198197245597839]},{"p":[-112.86013793945313,1018.7186889648438,-303.556640625,0.7361739277839661,-1.1818301004495879e-8,0.6767923831939697,9.16880864565428e-8,1,-8.227054593135108e-8,-0.6767923831939697,1.2261922677225812e-7,0.7361739277839661]},{"p":[-113.01534271240235,1018.7186889648438,-303.9253234863281,0.7812864184379578,-7.1632673126487138e-9,0.6241726279258728,5.1761627872792818e-8,1,-5.3314398229531437e-8,-0.6241726279258728,7.3962006297279e-8,0.7812864184379578]},{"p":[-113.06382751464844,1018.7186889648438,-304.0495300292969,0.7941193580627441,-5.276037828849667e-9,0.607761800289154,3.9176125454787328e-8,1,-4.250757967838581e-8,-0.607761800289154,5.75658454238237e-8,0.7941193580627441]},{"p":[-113.20568084716797,1018.7186889648438,-304.4235534667969,0.8282968401908875,1.3211416405312094e-9,0.5602895617485046,3.3484783834580868e-9,1,-7.30814164739968e-9,-0.5602895617485046,7.929427781050436e-9,0.8282968401908875]},{"p":[-113.29438781738281,1018.7186889648438,-304.6750183105469,0.8472716808319092,6.4889142947777149e-9,0.5311597585678101,-1.9040296450612005e-8,1,1.815534389493223e-8,-0.5311597585678101,-2.549594846357195e-8,0.8472716808319092]},{"p":[-113.38067626953125,1018.7186889648438,-304.9273376464844,0.8634084463119507,1.222791734534212e-8,0.5045055150985718,-4.039520362653093e-8,1,4.4894740369727518e-8,-0.5045055150985718,-5.914210277069287e-8,0.8634084463119507]},{"p":[-113.41690826416016,1018.7186889648438,-305.0334777832031,0.8649160861968994,1.8386375089107788e-8,0.5019164681434631,-6.25145233357216e-8,1,7.109436950258896e-8,-0.5019164681434631,-9.286773661187908e-8,0.8649160861968994]},{"p":[-113.4184799194336,1018.7186889648438,-305.0380859375,0.8649576306343079,2.456978442921809e-8,0.5018448829650879,-8.477019264319097e-8,1,9.714724313880652e-8,-0.5018448829650879,-1.2656973069624656e-7,0.8649576306343079]},{"p":[-113.41851806640625,1018.7186889648438,-305.0381774902344,0.8649587631225586,1.6231950894507464e-8,0.5018429160118103,-5.654238321994853e-8,1,6.510978067808537e-8,-0.5018429160118103,-8.469267243071954e-8,0.8649587631225586]},{"p":[-113.41851806640625,1018.7186889648438,-305.0381774902344,0.8649588227272034,7.90121834626234e-9,0.5018428564071655,-2.833889034548065e-8,1,3.3099514240575448e-8,-0.5018428564071655,-4.285138643922437e-8,0.8649588227272034]},{"p":[-113.41851806640625,1018.7186889648438,-305.0381774902344,0.8649588227272034,-4.2239628461615555e-10,0.5018428564071655,-1.5949759568645306e-10,1,1.1165948166080853e-9,-0.5018428564071655,-1.0458512944566679e-9,0.8649588227272034]},{"p":[-113.41851806640625,1018.7186889648438,-305.0381774902344,0.8649588227272034,-4.581535595349351e-9,0.5018428564071655,1.392116821818945e-8,1,-1.4864616204590675e-8,-0.5018428564071655,1.9843518828110974e-8,0.8649588227272034]},{"p":[-113.41851806640625,1018.7186889648438,-305.0381774902344,0.8649588227272034,-1.7048291667265404e-8,0.5018428564071655,5.6127070990896757e-8,1,-6.276728470311355e-8,-0.5018428564071655,8.24580865810276e-8,0.8649588227272034]},{"p":[-113.41851806640625,1018.7186889648438,-305.0381774902344,0.8649588227272034,-2.535058207797647e-8,0.5018428564071655,8.423428710102599e-8,1,-9.466829453685932e-8,-0.5018428564071655,1.2415655703534868e-7,0.8649588227272034]},{"p":[-113.41851806640625,1018.7186889648438,-305.0381774902344,0.8649588227272034,-1.7867403556692808e-8,0.5018428564071655,5.96726721369123e-8,1,-6.724615531084055e-8,-0.5018428564071655,8.811145590925662e-8,0.8649588227272034]},{"p":[-113.41851806640625,1018.7186889648438,-305.0381774902344,0.8649588227272034,-1.0390618143674147e-8,0.5018428564071655,3.513204660521296e-8,1,-3.984744267881979e-8,-0.5018428564071655,5.209716391618713e-8,0.8649588227272034]},{"p":[-113.41851806640625,1018.7186889648438,-305.0381774902344,0.8649588227272034,-2.920223618474438e-9,0.5018428564071655,1.061238830146749e-8,1,-1.2472141541763904e-8,-0.5018428564071655,1.6113640199932889e-8,0.8649588227272034]},{"p":[-113.41851806640625,1018.7186889648438,-305.0381774902344,0.8649588227272034,4.543788456601305e-9,0.5018428564071655,-1.3886318761535677e-8,1,1.4879768528430759e-8,-0.5018428564071655,-1.9839136555788174e-8,0.8649588227272034]},{"p":[-113.41851806640625,1018.7186889648438,-305.0381774902344,0.8649588227272034,1.2001422078355973e-8,0.5018428564071655,-3.836409234736493e-8,1,4.220830973622469e-8,-0.5018428564071655,-5.5761194772685488e-8,0.8649588227272034]},{"p":[-113.41851806640625,1018.7186889648438,-305.0381774902344,0.8649588227272034,1.945268124359245e-8,0.5018428564071655,-6.28209519959455e-8,1,6.951350428607839e-8,-0.5018428564071655,-9.16525593197548e-8,0.8649588227272034]},{"p":[-113.41851806640625,1018.7186889648438,-305.0381774902344,0.8649588227272034,1.9713185750447338e-8,0.5018428564071655,-6.392573226321474e-8,1,7.089856524089555e-8,-0.5018428564071655,-9.340500639609673e-8,0.8649588227272034]},{"p":[-113.41851806640625,1018.7186889648438,-305.0381774902344,0.8649588227272034,1.279215045002502e-8,0.5018428564071655,-4.170835410377549e-8,1,4.6396710473572969e-8,-0.5018428564071655,-6.106228056523833e-8,0.8649588227272034]},{"p":[-113.41851806640625,1018.7186889648438,-305.0381774902344,0.8649588227272034,5.8770295296994849e-9,0.5018428564071655,-1.9509961646235753e-8,1,2.1915791847959555e-8,-0.5018428564071655,-2.8747191294087316e-8,0.8649588227272034]},{"p":[-113.41851806640625,1018.7186889648438,-305.0381774902344,0.8649588227272034,-1.0321822285774829e-9,0.5018428564071655,2.669462872972872e-9,1,-2.5442092876915014e-9,-0.5018428564071655,3.5402871745304766e-9,0.8649588227272034]},{"p":[-113.41851806640625,1018.7186889648438,-305.0381774902344,0.8649588227272034,-7.935489598764889e-9,0.5018428564071655,2.4829935441061936e-8,1,-2.6983311585127013e-8,-0.5018428564071655,3.580018059778922e-8,0.8649588227272034]},{"p":[-113.41851806640625,1018.7186889648438,-305.0381774902344,0.8649588227272034,-1.4832898465044764e-8,0.5018428564071655,4.697147559795667e-8,1,-5.140153547245063e-8,-0.5018428564071655,6.80325058510789e-8,0.8649588227272034]},{"p":[-113.41851806640625,1018.7186889648438,-305.0381774902344,0.8649588227272034,-2.1724414267509929e-8,0.5018428564071655,6.909409222544127e-8,1,-7.579889427233866e-8,-0.5018428564071655,1.0023729402064419e-7,0.8649588227272034]},{"p":[-113.41851806640625,1018.7186889648438,-305.0381774902344,0.8649588227272034,-2.1058012222852086e-8,0.5018428564071655,6.711138667014893e-8,1,-7.37094723035625e-8,-0.5018428564071655,9.743502715764407e-8,0.8649588227272034]},{"p":[-113.41851806640625,1018.7186889648438,-305.0381774902344,0.8649588227272034,-1.2843385022165421e-8,0.5018428564071655,4.105424267208946e-8,1,-4.516721574532312e-8,-0.5018428564071655,5.967056182498709e-8,0.8649588227272034]},{"p":[-113.41851806640625,1018.7186889648438,-305.0381774902344,0.8649588227272034,-4.6357766514404379e-9,0.5018428564071655,1.5019363530655029e-8,1,-1.664934501377502e-8,-0.5018428564071655,2.1938358685247296e-8,0.8649588227272034]},{"p":[-113.41851806640625,1018.7186889648438,-305.0381774902344,0.8649588227272034,3.5648175522595695e-9,0.5018428564071655,-1.0993267629544335e-8,1,1.184415765465019e-8,-0.5018428564071655,-1.5761601801500548e-8,0.8649588227272034]},{"p":[-113.41851806640625,1018.7186889648438,-305.0381774902344,0.8649588227272034,1.1758404916406562e-8,0.5018428564071655,-3.698367478932596e-8,1,4.0313317128948259e-8,-0.5018428564071655,-5.3429349833322706e-8,0.8649588227272034]},{"p":[-113.41851806640625,1018.7186889648438,-305.0381774902344,0.8649588227272034,1.9944989659848035e-8,0.5018428564071655,-6.29518694950093e-8,1,6.87581476199739e-8,-0.5018428564071655,-9.106491916099913e-8,0.8649588227272034]},{"p":[-113.41851806640625,1018.7186889648438,-305.0381774902344,0.8649588227272034,2.0578131199044948e-8,0.5018428564071655,-6.503666583057566e-8,1,7.108979360737067e-8,-0.5018428564071655,-9.412792678631377e-8,0.8649588227272034]},{"p":[-113.41851806640625,1018.7186889648438,-305.0381774902344,0.8649588227272034,1.3667514231485712e-8,0.5018428564071655,-4.326865976622685e-8,1,4.734170389042447e-8,-0.5018428564071655,-6.266269281240966e-8,0.8649588227272034]},{"p":[-113.41851806640625,1018.7186889648438,-305.0381774902344,0.8649588227272034,6.762800541793013e-9,0.5018428564071655,-2.1519253934343398e-8,1,2.3613901944941064e-8,-0.5018428564071655,-3.122433511748568e-8,0.8649588227272034]},{"p":[-113.41851806640625,1018.7186889648438,-305.0381774902344,0.8649588227272034,-1.3601202109025935e-10,0.5018428564071655,2.1156916496511969e-10,1,-9.362809832991204e-11,-0.5018428564071655,1.871589272450791e-10,0.8649588227272034]},{"p":[-113.41851806640625,1018.7186889648438,-305.0381774902344,0.8649588227272034,-7.02892943849065e-9,0.5018428564071655,2.192382453358732e-8,1,-2.3780902580483599e-8,-0.5018428564071655,3.157181538426812e-8,0.8649588227272034]},{"p":[-113.41851806640625,1018.7186889648438,-305.0381774902344,0.8649588227272034,-1.391595638722265e-8,0.5018428564071655,4.36175291440577e-8,1,-4.744793713484796e-8,-0.5018428564071655,6.292965792908945e-8,0.8649588227272034]},{"p":[-113.41851806640625,1018.7186889648438,-305.0381774902344,0.8649588227272034,-2.0797099153924138e-8,0.5018428564071655,6.52926956945521e-8,1,-7.109475319566627e-8,-0.5018428564071655,9.426070590734526e-8,0.8649588227272034]},{"p":[-113.41851806640625,1018.7186889648438,-305.0381774902344,0.8649588227272034,-2.2949825151385995e-8,0.5018428564071655,7.212636887743429e-8,1,-7.858338335609005e-8,-0.5018428564071655,1.041674906332446e-7,0.8649588227272034]},{"p":[-113.41851806640625,1018.7186889648438,-305.0381774902344,0.8649588227272034,-1.8229311393724857e-8,0.5018428564071655,5.7309726742005299e-8,1,-6.24523011083511e-8,-0.5018428564071655,8.27791453161808e-8,0.8649588227272034]},{"p":[-113.41851806640625,1018.7186889648438,-305.0381774902344,0.8649588227272034,-8.7943305970839e-9,0.5018428564071655,2.769543527847418e-8,1,-3.0210813406483797e-8,-0.5018428564071655,4.002986386808516e-8,0.8649588227272034]},{"p":[-113.41851806640625,1018.7186889648438,-305.0381774902344,0.8649588227272034,6.32588703641801e-10,0.5018428564071655,-1.8935530921027068e-9,1,2.00313077236558e-9,-0.5018428564071655,-2.682891686589528e-9,0.8649588227272034]},{"p":[-113.41851806640625,1018.7186889648438,-305.0381774902344,0.8649588227272034,1.0051453003256939e-8,0.5018428564071655,-3.145726168440888e-8,1,3.418955074607766e-8,-0.5018428564071655,-4.5359154654533998e-8,0.8649588227272034]},{"p":[-113.41851806640625,1018.7186889648438,-305.0381774902344,0.8649588227272034,1.9462268241454696e-8,0.5018428564071655,-6.099570981632496e-8,1,6.634846982933596e-8,-0.5018428564071655,-8.799895567790372e-8,0.8649588227272034]},{"p":[-113.41851806640625,1018.7186889648438,-305.0381774902344,0.8649588227272034,1.7901390592101053e-8,0.5018428564071655,-5.614117526420159e-8,1,6.1091661507362e-8,-0.5018428564071655,-8.101581983055439e-8,0.8649588227272034]},{"p":[-113.41851806640625,1018.7186889648438,-305.0381774902344,0.8649588227272034,1.4771763368059965e-8,0.5018428564071655,-4.6340318249349369e-8,1,5.043551354333431e-8,-0.5018428564071655,-6.688019738021467e-8,0.8649588227272034]},{"p":[-113.41851806640625,1018.7186889648438,-305.0381774902344,0.8649588227272034,8.516520821899576e-9,0.5018428564071655,-2.6751164838856313e-8,1,2.9136877799373907e-8,-0.5018428564071655,-3.862708197743814e-8,0.8649588227272034]},{"p":[-113.41851806640625,1018.7186889648438,-305.0381774902344,0.8649588227272034,2.266624665736572e-9,0.5018428564071655,-7.178750038860926e-9,1,7.856440831233158e-9,-0.5018428564071655,-1.039810193503854e-8,0.8649588227272034]},{"p":[-113.41851806640625,1018.7186889648438,-305.0381774902344,0.8649588227272034,-3.977931761767195e-9,0.5018428564071655,1.2376941249669926e-8,1,-1.3405815124656329e-8,-0.5018428564071655,1.7806756957838844e-8,0.8649588227272034]},{"p":[-113.41851806640625,1018.7186889648438,-305.0381774902344,0.8649588227272034,-1.0217152457414614e-8,0.5018428564071655,3.191592412576938e-8,1,-3.464990427914927e-8,-0.5018428564071655,4.598751957018976e-8,0.8649588227272034]},{"p":[-113.41851806640625,1018.7186889648438,-305.0381774902344,0.8649588227272034,-1.6451041418008573e-8,0.5018428564071655,5.143821013575689e-8,1,-5.5875844395814059e-8,-0.5018428564071655,7.414420366558261e-8,0.8649588227272034]},{"p":[-113.41851806640625,1018.7186889648438,-305.0381774902344,0.8649588227272034,-2.267960397261959e-8,0.5018428564071655,7.094381970773611e-8,1,-7.708364080372121e-8,-0.5018428564071655,1.0227682167851526e-7,0.8649588227272034]},{"p":[-113.41851806640625,1018.7186889648438,-305.0381774902344,0.8649588227272034,-2.1337196898230105e-8,0.5018428564071655,6.67594477476996e-8,1,-7.25465696405081e-8,-0.5018428564071655,9.625254904221947e-8,0.8649588227272034]},{"p":[-113.41851806640625,1018.7186889648438,-305.0381774902344,0.8649588227272034,-1.2433516438647985e-8,0.5018428564071655,3.8915459299460056e-8,1,-4.229761074725502e-8,-0.5018428564071655,5.6115137425649667e-8,0.8649588227272034]},{"p":[-113.41851806640625,1018.7186889648438,-305.0381774902344,0.8649588227272034,-3.537444781542831e-9,0.5018428564071655,1.1095263374727438e-8,1,-1.2074499622372059e-8,-0.5018428564071655,1.6012023706934998e-8,0.8649588227272034]},{"p":[-113.41851806640625,1018.7186889648438,-305.0381774902344,0.8649588227272034,5.351024956468109e-9,0.5018428564071655,-1.6701161342780325e-8,1,1.812278860313654e-8,-0.5018428564071655,-2.405682408834764e-8,0.8649588227272034]},{"p":[-113.41851806640625,1018.7186889648438,-305.0381774902344,0.8649588227272034,1.4231899214678379e-8,0.5018428564071655,-4.4473836169345307e-8,1,4.8294275245552856e-8,-0.5018428564071655,-6.409143793462136e-8,0.8649588227272034]},{"p":[-113.41851806640625,1018.7186889648438,-305.0381774902344,0.8649588227272034,2.310518532055994e-8,0.5018428564071655,-7.222278242124958e-8,1,7.843998872658631e-8,-0.5018428564071655,-1.0409184625359558e-7,0.8649588227272034]},{"p":[-113.41851806640625,1018.7186889648438,-305.0381774902344,0.8649588227272034,2.3429969076005365e-8,0.5018428564071655,-7.324643291894972e-8,1,7.955713954288513e-8,-0.5018428564071655,-1.05571849928765e-7,0.8649588227272034]},{"p":[-113.41851806640625,1018.7186889648438,-305.0381774902344,0.8649588227272034,1.521720349728639e-8,0.5018428564071655,-4.757903582230938e-8,1,5.168292105395267e-8,-0.5018428564071655,-6.858079615312818e-8,0.8649588227272034]},{"p":[-113.41851806640625,1018.7186889648438,-305.0381774902344,0.8649588227272034,7.01145452808305e-9,0.5018428564071655,-2.1933567850851433e-8,1,2.383251818116605e-8,-0.5018428564071655,-3.1621350871091639e-8,0.8649588227272034]},{"p":[-113.41851806640625,1018.7186889648438,-305.0381774902344,0.8649588227272034,-1.1872816063629444e-9,0.5018428564071655,3.6899860944572539e-9,1,-3.99408772722154e-9,-0.5018428564071655,5.306514339054047e-9,0.8649588227272034]},{"p":[-113.41851806640625,1018.7186889648438,-305.0381774902344,0.8649588227272034,-9.379010457166715e-9,0.5018428564071655,2.9291644665363493e-8,1,-3.17969188756706e-8,-0.5018428564071655,4.22028278990183e-8,0.8649588227272034]},{"p":[-113.41851806640625,1018.7186889648438,-305.0381774902344,0.8649588227272034,-1.7563738907711014e-8,0.5018428564071655,5.4871428289970939e-8,1,-5.957599569228478e-8,-0.5018428564071655,7.906761823051056e-8,0.8649588227272034]},{"p":[-113.41851806640625,1018.7186889648438,-305.0381774902344,0.8649588227272034,-2.5741474729557013e-8,0.5018428564071655,8.042935917274008e-8,1,-8.733133682881089e-8,-0.5018428564071655,1.1590091020252658e-7,0.8649588227272034]},{"p":[-113.41851806640625,1018.7186889648438,-305.0381774902344,0.8649588227272034,-1.7995748891053155e-8,0.5018428564071655,5.623160603818178e-8,1,-6.10595023431415e-8,-0.5018428564071655,8.103338444698238e-8,0.8649588227272034]},{"p":[-113.41851806640625,1018.7186889648438,-305.0381774902344,0.8649588227272034,-1.0256639093597642e-8,0.5018428564071655,3.20545296972341e-8,1,-3.4810117455208459e-8,-0.5018428564071655,4.619565530106229e-8,0.8649588227272034]},{"p":[-113.41851806640625,1018.7186889648438,-305.0381774902344,0.8649588227272034,-2.524143782878241e-9,0.5018428564071655,7.898111498150229e-9,1,-8.583159960551257e-9,-0.5018428564071655,1.1387690790343186e-8,0.8649588227272034]},{"p":[-113.41851806640625,1018.7186889648438,-305.0381774902344,0.8649588227272034,5.20174436857701e-9,0.5018428564071655,-1.6237665434459815e-8,1,1.762138879257691e-8,-0.5018428564071655,-2.339053217781384e-8,0.8649588227272034]},{"p":[-113.41851806640625,1018.7186889648438,-305.0381774902344,0.8649588227272034,1.2921028691437187e-8,0.5018428564071655,-4.035281975234284e-8,1,4.380354923227969e-8,-0.5018428564071655,-5.8139040248761378e-8,0.8649588227272034]},{"p":[-113.41851806640625,1018.7186889648438,-305.0381774902344,0.8649588227272034,2.06337187336203e-8,0.5018428564071655,-6.444737010724566e-8,1,6.996333468123339e-8,-0.5018428564071655,-9.285786006785202e-8,0.8649588227272034]},{"p":[-113.41851806640625,1018.7186889648438,-305.0381774902344,0.8649588227272034,2.078219019097105e-8,0.5018428564071655,-6.491427484434098e-8,1,7.047222538858478e-8,-0.5018428564071655,-9.353234275977229e-8,0.8649588227272034]}],"d":2.6760945320129396}