{"data":[{"type":"position","time":0.002963542938232422,"pos":[-205.48123168945313,2.5176939964294435,-137.1172637939453,-0.9880416989326477,-1.349346745449509e-9,0.15418677031993867,-3.557757144445617e-10,1,6.4715375280854918e-9,-0.15418677031993867,6.339293090462661e-9,-0.9880416989326477]},{"type":"position","time":0.018847942352294923,"pos":[-205.48123168945313,2.5176939964294435,-137.1172637939453,-0.9880416989326477,5.394131363800625e-9,0.15418677031993867,1.5482339854600014e-9,1,-2.5063183528573064e-8,-0.15418677031993867,-2.4524753783339294e-8,-0.9880416989326477]},{"type":"position","time":0.034898996353149417,"pos":[-205.48123168945313,2.5176939964294435,-137.1172637939453,-0.9880416989326477,1.2131843973861578e-8,0.15418677031993867,3.450616681277552e-9,1,-5.657094348521241e-8,-0.15418677031993867,-5.5362409767667489e-8,-0.9880416989326477]},{"type":"position","time":0.05537104606628418,"pos":[-205.48123168945313,2.5176939964294435,-137.1172637939453,-0.9880416989326477,1.8863797635049197e-8,0.15418677031993867,5.351374010587051e-9,1,-8.805176321402542e-8,-0.15418677031993867,-8.617369928742846e-8,-0.9880416989326477]},{"type":"position","time":0.07045221328735352,"pos":[-205.48123168945313,2.5176939964294435,-137.1172637939453,-0.9880416989326477,2.133015541971872e-8,0.15418677031993867,6.041619649010954e-9,1,-9.962452196532468e-8,-0.15418677031993867,-9.750164764454894e-8,-0.9880416989326477]},{"type":"position","time":0.08778882026672363,"pos":[-205.48123168945313,2.5176939964294435,-137.1172637939453,-0.9880416989326477,1.2815937644461428e-8,0.15418677031993867,3.6253953172860067e-9,1,-5.988772500131745e-8,-0.15418677031993867,-5.861258500772237e-8,-0.9880416989326477]},{"type":"position","time":0.10665035247802735,"pos":[-205.48123168945313,2.5176939964294435,-137.1172637939453,-0.9880416989326477,4.308996714996738e-9,0.15418677031993867,1.2112360003868617e-9,1,-2.018490441457743e-8,-0.15418677031993867,-1.9756770441858863e-8,-0.9880416989326477]},{"type":"position","time":0.11771702766418457,"pos":[-205.48123168945313,2.5176939964294435,-137.1172637939453,-0.9880416989326477,5.825395027470037e-11,0.15418677031993867,4.9298820234411345e-12,1,-3.462230779849307e-10,-0.15418677031993867,-3.4132272008768896e-10,-0.9880416989326477]},{"type":"position","time":0.13525605201721192,"pos":[-205.48123168945313,2.5176939964294435,-137.1172637939453,-0.9880416989326477,-8.4377811404579e-9,0.15418677031993867,-2.4061361791893889e-9,1,3.930569647536686e-8,-0.15418677031993867,3.846467322432545e-8,-0.9880416989326477]},{"type":"position","time":0.15152716636657716,"pos":[-205.48123168945313,2.5176939964294435,-137.1172637939453,-0.9880416989326477,-1.6926554380347626e-8,0.15418677031993867,-4.815141618763619e-9,1,7.892371911566443e-8,-0.15418677031993867,7.723749462229535e-8,-0.9880416989326477]},{"type":"position","time":0.16860127449035645,"pos":[-205.48123168945313,2.5176939964294435,-137.1172637939453,-0.9880416989326477,-2.5408978032714914e-8,0.15418677031993867,-7.222344944324277e-9,1,1.185121121238808e-7,-0.15418677031993867,1.1598132232393255e-7,-0.9880416989326477]},{"type":"position","time":0.1865391731262207,"pos":[-205.48123168945313,2.5176939964294435,-137.1172637939453,-0.9880416989326477,-1.8004449486852537e-8,0.15418677031993867,-5.115395662613764e-9,1,8.399050699381405e-8,-0.15418677031993867,8.219740266213194e-8,-0.9880416989326477]},{"type":"position","time":0.20227384567260743,"pos":[-205.48123168945313,2.5176939964294435,-137.1172637939453,-0.9880416989326477,-1.0606250988587363e-8,0.15418677031993867,-3.0102491610506378e-9,1,4.9498403598136068e-8,-0.15418677031993867,4.844234879897158e-8,-0.9880416989326477]},{"type":"position","time":0.21794891357421876,"pos":[-205.48123168945313,2.5176939964294435,-137.1172637939453,-0.9880416989326477,-3.214377208848873e-9,0.15418677031993867,-9.069040518561167e-10,1,1.5035777067851087e-8,-0.15418677031993867,1.4716142970883084e-8,-0.9880416989326477]},{"type":"position","time":0.2360396385192871,"pos":[-205.48123168945313,2.5176939964294435,-137.1172637939453,-0.9880416989326477,4.17117718143345e-9,0.15418677031993867,1.1946409417262772e-9,1,-1.9397395689679798e-8,-0.15418677031993867,-1.8981237914772465e-8,-0.9880416989326477]},{"type":"position","time":0.25180554389953616,"pos":[-205.48123168945313,2.5176939964294435,-137.1172637939453,-0.9880416989326477,1.1550416623151705e-8,0.15418677031993867,3.294387873609139e-9,1,-5.3801141319809179e-8,-0.15418677031993867,-5.2649820503347658e-8,-0.9880416989326477]},{"type":"position","time":0.26792097091674807,"pos":[-205.48123168945313,2.5176939964294435,-137.1172637939453,-0.9880416989326477,1.892334822173325e-8,0.15418677031993867,5.3923376874820409e-9,1,-8.817548291517596e-8,-0.15418677031993867,-8.628963144019508e-8,-0.9880416989326477]},{"type":"position","time":0.2850611209869385,"pos":[-205.48123168945313,2.5176939964294435,-137.1172637939453,-0.9880416989326477,2.2551480682864168e-8,0.15418677031993867,6.423772180852438e-9,1,-1.0509672421221694e-7,-0.15418677031993867,-1.0284949070182847e-7,-0.9880416989326477]},{"type":"position","time":0.30176639556884768,"pos":[-205.48123168945313,2.5176939964294435,-137.1172637939453,-0.9880416989326477,1.4965815253731308e-8,0.15418677031993867,4.261527131177445e-9,1,-6.975467670145008e-8,-0.15418677031993867,-6.8263453556483e-8,-0.9880416989326477]},{"type":"position","time":0.31839537620544436,"pos":[-205.48123168945313,2.5176939964294435,-137.1172637939453,-0.9880416989326477,7.386634859329888e-9,0.15418677031993867,2.101131935106082e-9,1,-3.44428308096667e-8,-0.15418677031993867,-3.3706985647086188e-8,-0.9880416989326477]},{"type":"position","time":0.3378419876098633,"pos":[-205.48123168945313,2.5176939964294435,-137.1172637939453,-0.9880416989326477,-2.0782298104649046e-9,0.15418677031993867,-5.967634719716841e-10,1,9.654542054704507e-9,-0.15418677031993867,9.447076898538853e-9,-0.9880416989326477]},{"type":"position","time":0.35277581214904787,"pos":[-205.48123168945313,2.5176939964294435,-137.1172637939453,-0.9880416989326477,-7.752293917917541e-9,0.15418677031993867,-2.2141157796085055e-9,1,3.609035204021893e-8,-0.15418677031993867,3.531738457240863e-8,-0.9880416989326477]},{"type":"position","time":0.3725748062133789,"pos":[-205.48123168945313,2.5176939964294435,-137.1172637939453,-0.9880416989326477,-1.720098197210973e-8,0.15418677031993867,-4.907396711217871e-9,1,8.011237184746278e-8,-0.15418677031993867,7.839771143380858e-8,-0.9880416989326477]},{"type":"position","time":0.38469862937927248,"pos":[-205.48123168945313,2.5176939964294435,-137.1172637939453,-0.9880416989326477,-2.2865346949174638e-8,0.15418677031993867,-6.52198250961078e-9,1,1.0650301618397862e-7,-0.15418677031993867,1.0422382246133566e-7,-0.9880416989326477]},{"type":"position","time":0.40197300910949709,"pos":[-205.48123168945313,2.5176939964294435,-137.1172637939453,-0.9880416989326477,-1.903106827683132e-8,0.15418677031993867,-5.427449600858836e-9,1,8.864911649197893e-8,-0.15418677031993867,8.675218055032019e-8,-0.9880416989326477]},{"type":"position","time":0.4178025722503662,"pos":[-205.48123168945313,2.5176939964294435,-137.1172637939453,-0.9880416989326477,-1.1407983890876494e-8,0.15418677031993867,-3.2524170023862099e-9,1,5.314632289810106e-8,-0.15418677031993867,5.200930175419671e-8,-0.9880416989326477]},{"type":"position","time":0.43451619148254397,"pos":[-205.48123168945313,2.5176939964294435,-137.1172637939453,-0.9880416989326477,-3.791415625897798e-9,0.15418677031993867,-1.0792442495244359e-9,1,1.767387125539699e-8,-0.15418677031993867,1.729611653900065e-8,-0.9880416989326477]},{"type":"position","time":0.4516277313232422,"pos":[-205.48123168945313,2.5176939964294435,-137.1172637939453,-0.9880416989326477,3.818640514907656e-9,0.15418677031993867,1.0920691018156959e-9,1,-1.77682615287722e-8,-0.15418677031993867,-1.738739996426375e-8,-0.9880416989326477]},{"type":"position","time":0.46877574920654299,"pos":[-205.48123168945313,2.5176939964294435,-137.1172637939453,-0.9880416989326477,1.1422190304699598e-8,0.15418677031993867,3.26152460594642e-9,1,-5.31801020997591e-8,-0.15418677031993867,-5.204127617730592e-8,-0.9880416989326477]},{"type":"position","time":0.4851057529449463,"pos":[-205.48123168945313,2.5176939964294435,-137.1172637939453,-0.9880416989326477,1.9019239516637755e-8,0.15418677031993867,5.429123373090761e-9,1,-8.856167710291629e-8,-0.15418677031993867,-8.666552986369425e-8,-0.9880416989326477]},{"type":"position","time":0.5034089088439941,"pos":[-205.48123168945313,2.5176939964294435,-137.1172637939453,-0.9880416989326477,2.2815909161977289e-8,0.15418677031993867,6.5120846493016419e-9,1,-1.0624580681906082e-7,-0.15418677031993867,-1.0397121030791823e-7,-0.9880416989326477]},{"type":"position","time":0.5179038047790527,"pos":[-205.48123168945313,2.5176939964294435,-137.1172637939453,-0.9880416989326477,1.5232542338594614e-8,0.15418677031993867,4.347159965334413e-9,1,-7.093583320738617e-8,-0.15418677031993867,-6.941728969422911e-8,-0.9880416989326477]},{"type":"position","time":0.5349335670471191,"pos":[-205.48123168945313,2.5176939964294435,-137.1172637939453,-0.9880416989326477,7.655659217675748e-9,0.15418677031993867,2.184086245193839e-9,1,-3.5656043451126609e-8,-0.15418677031993867,-3.4892902789351868e-8,-0.9880416989326477]},{"type":"position","time":0.5514979362487793,"pos":[-205.48123168945313,2.5176939964294435,-137.1172637939453,-0.9880416989326477,8.525313788254607e-11,0.15418677031993867,2.2864057869220745e-11,1,-4.0640640852629419e-10,-0.15418677031993867,-3.980211715770565e-10,-0.9880416989326477]},{"type":"position","time":0.5683920383453369,"pos":[-205.48123168945313,2.5176939964294435,-137.1172637939453,-0.9880416989326477,-7.4786807857663e-9,0.15418677031993867,-2.1365094138303677e-9,1,3.481310528741233e-8,-0.15418677031993867,3.4067376475377389e-8,-0.9880416989326477]},{"type":"position","time":0.5849587917327881,"pos":[-205.48123168945313,2.5176939964294435,-137.1172637939453,-0.9880416989326477,-1.503614655007368e-8,0.15418677031993867,-4.2940344613384699e-9,1,7.00025140076832e-8,-0.15418677031993867,6.85033185732209e-8,-0.9880416989326477]},{"type":"position","time":0.6017293930053711,"pos":[-205.48123168945313,2.5176939964294435,-137.1172637939453,-0.9880416989326477,-2.2587153480913004e-8,0.15418677031993867,-6.44971409613504e-9,1,1.0516185255937671e-7,-0.15418677031993867,1.0290983709637658e-7,-0.9880416989326477]},{"type":"position","time":0.6180827617645264,"pos":[-205.48123168945313,2.5176939964294435,-137.1172637939453,-0.9880416989326477,-1.885291212033735e-8,0.15418677031993867,-5.383113954593455e-9,1,8.777777082968896e-8,-0.15418677031993867,8.589809397108184e-8,-0.9880416989326477]},{"type":"position","time":0.6379663944244385,"pos":[-205.48123168945313,2.5176939964294435,-137.1172637939453,-0.9880416989326477,-9.492616470652138e-9,0.15418677031993867,-2.7100173216609848e-9,1,4.4199683912893309e-8,-0.15418677031993867,4.325328006871132e-8,-0.9880416989326477]},{"type":"position","time":0.653700590133667,"pos":[-205.48123168945313,2.5176939964294435,-137.1172637939453,-0.9880416989326477,-3.881240662195751e-9,0.15418677031993867,-1.1075318440134652e-9,1,1.8075176910770098e-8,-0.15418677031993867,1.768826152215297e-8,-0.9880416989326477]},{"type":"position","time":0.6735031604766846,"pos":[-205.48123168945313,2.5176939964294435,-137.1172637939453,-0.9880416989326477,3.594996744737955e-9,0.15418677031993867,1.0275160722272859e-9,1,-1.6731448226892099e-8,-0.15418677031993867,-1.637294033685066e-8,-0.9880416989326477]},{"type":"position","time":0.6889662742614746,"pos":[-205.48123168945313,2.5176939964294435,-137.1172637939453,-0.9880416989326477,1.2931305803931537e-8,0.15418677031993867,3.6937575220719056e-9,1,-6.01978982217588e-8,-0.15418677031993867,-5.890850474088438e-8,-0.9880416989326477]},{"type":"position","time":0.7014944553375244,"pos":[-205.48123168945313,2.5176939964294435,-137.1172637939453,-0.9880416989326477,1.8528302447862189e-8,0.15418677031993867,5.2921329540822629e-9,1,-8.625547565088709e-8,-0.15418677031993867,-8.44080361162014e-8,-0.9880416989326477]},{"type":"position","time":0.7185263633728027,"pos":[-205.48123168945313,2.5176939964294435,-137.1172637939453,-0.9880416989326477,2.5985380958104544e-8,0.15418677031993867,7.421705028320957e-9,1,-1.209729418860661e-7,-0.15418677031993867,-1.1838198332725369e-7,-0.9880416989326477]},{"type":"position","time":0.7349610328674316,"pos":[-205.48123168945313,2.5176939964294435,-137.1172637939453,-0.9880416989326477,1.7703229104881758e-8,0.15418677031993867,5.0560871045490789e-9,1,-8.24169603674818e-8,-0.15418677031993867,-8.065180878702449e-8,-0.9880416989326477]},{"type":"position","time":0.7517044544219971,"pos":[-205.48123168945313,2.5176939964294435,-137.1172637939453,-0.9880416989326477,9.428156921842401e-9,0.15418677031993867,2.6924924512172767e-9,1,-4.389391961012734e-8,-0.15418677031993867,-4.2953878676144089e-8,-0.9880416989326477]},{"type":"position","time":0.7685031890869141,"pos":[-205.48123168945313,2.5176939964294435,-137.1172637939453,-0.9880416989326477,1.1601564153806976e-9,0.15418677031993867,3.309174323451458e-10,1,-5.403811176307727e-9,-0.15418677031993867,-5.288167681527511e-9,-0.9880416989326477]},{"type":"position","time":0.7854230403900147,"pos":[-205.48123168945313,2.5176939964294435,-137.1172637939453,-0.9880416989326477,-7.100777743573872e-9,0.15418677031993867,-2.0286390345347628e-9,1,3.305340356973829e-8,-0.15418677031993867,3.234535128626703e-8,-0.9880416989326477]},{"type":"position","time":0.8036129474639893,"pos":[-250.34024047851563,3.0075314044952394,-48.35601043701172,0.2570077180862427,-2.9781084265323445e-9,-0.9664093255996704,2.027626261336124e-10,1,-3.027699202462486e-9,0.9664093255996704,5.821904069946982e-10,0.2570077180862427]},{"type":"position","time":0.8189144134521484,"pos":[-250.34024047851563,3.0075314044952394,-48.35601043701172,0.2570077180862427,1.1575617797632276e-8,-0.9664093255996704,4.317915192064703e-10,1,1.2092796097817882e-8,0.9664093255996704,-3.5252294416920906e-9,0.2570077180862427]},{"type":"position","time":0.8354294300079346,"pos":[-250.34024047851563,3.0075314044952394,-48.35601043701172,0.2570077180862427,4.066441050554204e-8,-0.9664093255996704,8.895570946521048e-10,1,4.231440087210103e-8,0.9664093255996704,-1.173480423943829e-8,0.2570077180862427]},{"type":"position","time":0.8519289493560791,"pos":[-250.34024047851563,3.0075314044952394,-48.35601043701172,0.2570077180862427,6.972833688223545e-8,-0.9664093255996704,1.3469322324155542e-9,1,7.251017564158247e-8,0.9664093255996704,-1.993736375993649e-8,0.2570077180862427]},{"type":"position","time":0.8694658279418945,"pos":[-250.34024047851563,3.0075314044952394,-48.35601043701172,0.2570077180862427,9.87674226848867e-8,-0.9664093255996704,1.8039189031426873e-9,1,1.0268013284076005e-7,0.9664093255996704,-2.8132912888167995e-8,0.2570077180862427]},{"type":"position","time":0.8849244117736816,"pos":[-250.34024047851563,3.0075314044952394,-48.35601043701172,0.2570077180862427,9.420298852091946e-8,-0.9664093255996704,1.6714157835551192e-9,1,9.792181288048596e-8,0.9664093255996704,-2.6781934892028404e-8,0.2570077180862427]},{"type":"position","time":0.9024717807769775,"pos":[-250.34024047851563,3.0075314044952394,-48.35601043701172,0.2570077180862427,5.6074053844668018e-8,-0.9664093255996704,9.501037734338525e-10,1,5.8275759329262658e-8,0.9664093255996704,-1.5895508909125057e-8,0.2570077180862427]},{"type":"position","time":0.9189302921295166,"pos":[-250.34024047851563,3.0075314044952394,-48.35601043701172,0.2570077180862427,1.7977715316419564e-8,-0.9664093255996704,2.2941119837138758e-10,1,1.866359866653511e-8,0.9664093255996704,-5.018394144684635e-9,0.2570077180862427]},{"type":"position","time":0.9349062442779541,"pos":[-250.34024047851563,3.0075314044952394,-48.35601043701172,0.2570077180862427,-2.0086057261892166e-8,-0.9664093255996704,-4.906614559097022e-10,1,-2.091469930576295e-8,0.9664093255996704,5.849419171255477e-9,0.2570077180862427]},{"type":"position","time":0.9522361755371094,"pos":[-250.34024047851563,3.0075314044952394,-48.35601043701172,0.2570077180862427,-5.811729053561976e-8,-0.9664093255996704,-1.2101162294442248e-9,1,-6.04591647856978e-8,0.9664093255996704,1.6707939920479477e-8,0.2570077180862427]},{"type":"position","time":0.968724250793457,"pos":[-250.34024047851563,3.0075314044952394,-48.35601043701172,0.2570077180862427,-9.611601825554317e-8,-0.9664093255996704,-1.9289532193766947e-9,1,-9.996982441862201e-8,0.9664093255996704,2.75571743202363e-8,0.2570077180862427]},{"type":"position","time":0.9851765632629395,"pos":[-250.34024047851563,3.0075314044952394,-48.35601043701172,0.2570077180862427,-8.372089865815724e-8,-0.9664093255996704,-1.6541208402998109e-9,1,-8.707078791303502e-8,0.9664093255996704,2.3976422625082706e-8,0.2570077180862427]},{"type":"position","time":1.0050506591796876,"pos":[-250.34024047851563,3.0075314044952394,-48.35601043701172,0.2570077180862427,-4.726922497866326e-8,-0.9664093255996704,-8.973581322457846e-10,1,-4.9150862935221087e-8,0.9664093255996704,1.3499366069424923e-8,0.2570077180862427]},{"type":"position","time":1.021486520767212,"pos":[-250.34024047851563,3.0075314044952394,-48.35601043701172,0.2570077180862427,-1.8135933643748105e-8,-0.9664093255996704,-2.9252636424281777e-10,1,-1.8844101390413927e-8,0.9664093255996704,5.125779800607688e-9,0.2570077180862427]},{"type":"position","time":1.0384418964385987,"pos":[-250.34024047851563,3.0075314044952394,-48.35601043701172,0.2570077180862427,1.0972443398316046e-8,-0.9664093255996704,3.117918978556844e-10,1,1.1436743996284804e-8,0.9664093255996704,-3.2406499705928128e-9,0.2570077180862427]},{"type":"position","time":1.0565946102142335,"pos":[-250.34024047851563,3.0075314044952394,-48.35601043701172,0.2570077180862427,4.005593012834652e-8,-0.9664093255996704,9.155968760943267e-10,1,4.1691695429335598e-8,0.9664093255996704,-1.1599929017336308e-8,0.2570077180862427]},{"type":"position","time":1.0712766647338868,"pos":[-250.34024047851563,3.0075314044952394,-48.35601043701172,0.2570077180862427,6.911454164537645e-8,-0.9664093255996704,1.5188895696738314e-9,1,7.19207733368421e-8,0.9664093255996704,-1.9952063112782527e-8,0.2570077180862427]},{"type":"position","time":1.088700532913208,"pos":[-250.34024047851563,3.0075314044952394,-48.35601043701172,0.2570077180862427,9.814830548293685e-8,-0.9664093255996704,2.121669728794018e-9,1,1.0212400525233534e-7,0.9664093255996704,-2.8297058918269614e-8,0.2570077180862427]},{"type":"position","time":1.1051700115203858,"pos":[-250.34024047851563,3.0075314044952394,-48.35601043701172,0.2570077180862427,9.373501086429315e-8,-0.9664093255996704,2.0096357911114639e-9,1,9.752751850555797e-8,0.9664093255996704,-2.700745582728814e-8,0.2570077180862427]},{"type":"position","time":1.1227147579193116,"pos":[-250.34024047851563,3.0075314044952394,-48.35601043701172,0.2570077180862427,5.591753904354846e-8,-0.9664093255996704,1.1837062441344415e-9,1,5.817592807488836e-8,0.9664093255996704,-1.6095606625299298e-8,0.2570077180862427]},{"type":"position","time":1.1377716064453126,"pos":[-250.34024047851563,3.0075314044952394,-48.35601043701172,0.2570077180862427,1.813239336456718e-8,-0.9664093255996704,3.5848443658004216e-10,1,1.885797829004332e-8,0.9664093255996704,-5.193088625787823e-9,0.2570077180862427]},{"type":"position","time":1.1548097133636475,"pos":[-250.34024047851563,3.0075314044952394,-48.35601043701172,0.2570077180862427,-1.9620452818003288e-8,-0.9664093255996704,-4.660290486846463e-10,1,-2.042636104704343e-8,0.9664093255996704,5.7001074971196889e-9,0.2570077180862427]},{"type":"position","time":1.1713273525238038,"pos":[-250.34024047851563,3.0075314044952394,-48.35601043701172,0.2570077180862427,-5.734102259680185e-8,-0.9664093255996704,-1.289835793727434e-9,1,-5.96771130290108e-8,0.9664093255996704,1.6583989292939806e-8,0.2570077180862427]},{"type":"position","time":1.188598394393921,"pos":[-250.34024047851563,3.0075314044952394,-48.35601043701172,0.2570077180862427,-9.502934972260846e-8,-0.9664093255996704,-2.1129340499470574e-9,1,-9.889431140663874e-8,0.9664093255996704,2.7458561646653835e-8,0.2570077180862427]},{"type":"position","time":1.2042045593261719,"pos":[-250.34024047851563,3.0075314044952394,-48.35601043701172,0.2570077180862427,-9.716873705656326e-8,-0.9664093255996704,-2.1505339731220376e-9,1,-1.0111806147961033e-7,0.9664093255996704,2.8066418522598725e-8,0.2570077180862427]},{"type":"position","time":1.2217164039611817,"pos":[-250.34024047851563,3.0075314044952394,-48.35601043701172,0.2570077180862427,-6.380476236245159e-8,-0.9664093255996704,-1.4036447559817589e-9,1,-6.639578487011022e-8,0.9664093255996704,1.842072627766811e-8,0.2570077180862427]},{"type":"position","time":1.2377598285675049,"pos":[-250.34024047851563,3.0075314044952394,-48.35601043701172,0.2570077180862427,-3.0469315959180679e-8,-0.9664093255996704,-6.573933619691275e-10,1,-3.170320184153752e-8,0.9664093255996704,8.78327899300757e-9,0.2570077180862427]},{"type":"position","time":1.2553160190582276,"pos":[-250.34024047851563,3.0075314044952394,-48.35601043701172,0.2570077180862427,2.837638568564671e-9,-0.9664093255996704,8.822131913888143e-11,1,2.959731348894934e-9,0.9664093255996704,-8.459317135667277e-10,0.2570077180862427]},{"type":"position","time":1.2713971138000489,"pos":[-250.34024047851563,3.0075314044952394,-48.35601043701172,0.2570077180862427,3.611611987253127e-8,-0.9664093255996704,8.331993983645702e-10,1,3.759303268680014e-8,0.9664093255996704,-1.0466911781747968e-8,0.2570077180862427]},{"type":"position","time":1.2883212566375733,"pos":[-250.34024047851563,3.0075314044952394,-48.35601043701172,0.2570077180862427,6.936615903896382e-8,-0.9664093255996704,1.5775413197971489e-9,1,7.219673392455661e-8,0.9664093255996704,-2.0079667706340844e-8,0.2570077180862427]},{"type":"position","time":1.305992841720581,"pos":[-250.34024047851563,3.0075314044952394,-48.35601043701172,0.2570077180862427,1.025877693905386e-7,-0.9664093255996704,2.3212474165035248e-9,1,1.0677084816279603e-7,0.9664093255996704,-2.968420886872991e-8,0.2570077180862427]},{"type":"position","time":1.3240888118743897,"pos":[-250.34024047851563,3.0075314044952394,-48.35601043701172,0.2570077180862427,8.498744819007698e-8,-0.9664093255996704,1.918244230125765e-9,1,8.845159982229234e-8,0.9664093255996704,-2.4586553237782028e-8,0.2570077180862427]},{"type":"position","time":1.3387110233306885,"pos":[-250.34024047851563,3.0075314044952394,-48.35601043701172,0.2570077180862427,5.0478238478035567e-8,-0.9664093255996704,1.1337258909449588e-9,1,5.2534275596372029e-8,0.9664093255996704,-1.4597357989032389e-8,0.2570077180862427]},{"type":"position","time":1.3547027111053467,"pos":[-250.34024047851563,3.0075314044952394,-48.35601043701172,0.2570077180862427,1.5998528724026074e-8,-0.9664093255996704,3.4988126285107059e-10,1,1.664765747477759e-8,0.9664093255996704,-4.616704796234217e-9,0.2570077180862427]},{"type":"position","time":1.3715417385101319,"pos":[-250.34024047851563,3.0075314044952394,-48.35601043701172,0.2570077180862427,-1.845170771730409e-8,-0.9664093255996704,-4.3329062560104605e-10,1,-1.9208284740557248e-8,0.9664093255996704,5.355413446039847e-9,0.2570077180862427]},{"type":"position","time":1.3903005123138428,"pos":[-250.34024047851563,3.0075314044952394,-48.35601043701172,0.2570077180862427,-5.2872493938593837e-8,-0.9664093255996704,-1.2157910234122938e-9,1,-5.503357414227139e-8,0.9664093255996704,1.531900473139558e-8,0.2570077180862427]},{"type":"position","time":1.4068946838378907,"pos":[-250.34024047851563,3.0075314044952394,-48.35601043701172,0.2570077180862427,-8.72638494797684e-8,-0.9664093255996704,-1.997621623672785e-9,1,-9.082823737571744e-8,0.9664093255996704,2.527407794161718e-8,0.2570077180862427]},{"type":"position","time":1.42387056350708,"pos":[-250.34024047851563,3.0075314044952394,-48.35601043701172,0.2570077180862427,-1.0430955654783247e-7,-0.9664093255996704,-2.383444774878285e-9,1,-1.0856902576961147e-7,0.9664093255996704,3.0206461332227266e-8,0.2570077180862427]},{"type":"position","time":1.4381651878356934,"pos":[-250.34024047851563,3.0075314044952394,-48.35601043701172,0.2570077180862427,-6.94141419899097e-8,-0.9664093255996704,-1.5834359379240937e-9,1,-7.224795695037756e-8,0.9664093255996704,2.0098530839618435e-8,0.2570077180862427]},{"type":"position","time":1.4548351764678956,"pos":[-250.34024047851563,3.0075314044952394,-48.35601043701172,0.2570077180862427,-3.4548559568747808e-8,-0.9664093255996704,-7.841144400444477e-10,1,-3.595793529598268e-8,0.9664093255996704,9.999242323033286e-9,0.2570077180862427]},{"type":"position","time":1.4712538719177247,"pos":[-250.34024047851563,3.0075314044952394,-48.35601043701172,0.2570077180862427,2.8721747202808958e-10,-0.9664093255996704,1.4520606939072423e-11,1,3.0106225845649705e-10,0.9664093255996704,-9.140817269770452e-11,0.2570077180862427]},{"type":"position","time":1.4891357421875,"pos":[-250.34024047851563,3.0075314044952394,-48.35601043701172,0.2570077180862427,3.5093215444703677e-8,-0.9664093255996704,8.124700912048866e-10,1,3.652905888884561e-8,0.9664093255996704,-1.0173429210169616e-8,0.2570077180862427]},{"type":"position","time":1.5055077075958253,"pos":[-250.34024047851563,3.0075314044952394,-48.35601043701172,0.2570077180862427,6.986945777498477e-8,-0.9664093255996704,1.609734567864507e-9,1,7.272608826269789e-8,0.9664093255996704,-2.0246828213998925e-8,0.2570077180862427]},{"type":"position","time":1.522247076034546,"pos":[-250.34024047851563,3.0075314044952394,-48.35601043701172,0.2570077180862427,1.0461597099720166e-7,-0.9664093255996704,2.406313592828724e-9,1,1.0889217350040781e-7,0.9664093255996704,-3.03116145516924e-8,0.2570077180862427]},{"type":"position","time":1.5378212928771973,"pos":[-250.34024047851563,3.0075314044952394,-48.35601043701172,0.2570077180862427,8.718490818182545e-8,-0.9664093255996704,2.0038046777415276e-9,1,9.07481876311067e-8,0.9664093255996704,-2.5259481617467828e-8,0.2570077180862427]},{"type":"position","time":1.5552144050598145,"pos":[-250.34024047851563,3.0075314044952394,-48.35601043701172,0.2570077180862427,5.239354905484106e-8,-0.9664093255996704,1.20234067146896e-9,1,5.4534407212258887e-8,0.9664093255996704,-1.5177716861103364e-8,0.2570077180862427]},{"type":"position","time":1.571692943572998,"pos":[-250.34024047851563,3.0075314044952394,-48.35601043701172,0.2570077180862427,1.763193147041875e-8,-0.9664093255996704,4.015658638945041e-10,1,1.8351579811337616e-8,0.9664093255996704,-5.104574540837348e-9,0.2570077180862427]},{"type":"position","time":1.5880887508392335,"pos":[-250.34024047851563,3.0075314044952394,-48.35601043701172,0.2570077180862427,-1.7099971216794075e-8,-0.9664093255996704,-3.985212437829233e-10,1,-1.7800317664296018e-8,0.9664093255996704,4.959953781025206e-9,0.2570077180862427]},{"type":"position","time":1.6053249835968018,"pos":[-250.34024047851563,3.0075314044952394,-48.35601043701172,0.2570077180862427,-5.180218209943632e-8,-0.9664093255996704,-1.1979218728086494e-9,1,-5.3921308307280927e-8,0.9664093255996704,1.5015876542179286e-8,0.2570077180862427]},{"type":"position","time":1.621035099029541,"pos":[-250.34024047851563,3.0075314044952394,-48.35601043701172,0.2570077180862427,-8.647472782286059e-8,-0.9664093255996704,-1.996635745626918e-9,1,-9.001142586839706e-8,0.9664093255996704,2.5063199515784619e-8,0.2570077180862427]},{"type":"position","time":1.6390535831451417,"pos":[-250.34024047851563,3.0075314044952394,-48.35601043701172,0.2570077180862427,-1.03842410226207e-7,-0.9664093255996704,-2.3961550521534038e-9,1,-1.0808902572989609e-7,0.9664093255996704,3.009538218634589e-8,0.2570077180862427]},{"type":"position","time":1.6575191020965577,"pos":[-250.34024047851563,3.0075314044952394,-48.35601043701172,0.2570077180862427,-6.939173147202382e-8,-0.9664093255996704,-1.6003105507422788e-9,1,-7.222924836014499e-8,0.9664093255996704,2.011003097379671e-8,0.2570077180862427]},{"type":"position","time":1.671546459197998,"pos":[-250.34024047851563,3.0075314044952394,-48.35601043701172,0.2570077180862427,-3.497049760881055e-8,-0.9664093255996704,-8.051482813797861e-10,1,-3.640013090944194e-8,0.9664093255996704,1.0133217820396112e-8,0.2570077180862427]},{"type":"position","time":1.6862502098083497,"pos":[-250.34024047851563,3.0075314044952394,-48.35601043701172,0.2570077180862427,-5.786899848203575e-10,-0.9664093255996704,-1.0667859824675663e-11,1,-6.016412368303747e-10,0.9664093255996704,1.6493595378364035e-10,0.2570077180862427]},{"type":"position","time":1.701406717300415,"pos":[-250.34024047851563,3.0075314044952394,-48.35601043701172,0.2570077180862427,2.5195870279048905e-8,-0.9664093255996704,5.847454742635705e-10,1,2.6227141347590078e-8,0.9664093255996704,-7.30568139317711e-9,0.2570077180862427]},{"type":"position","time":1.718308925628662,"pos":[-250.34024047851563,3.0075314044952394,-48.35601043701172,0.2570077180862427,5.953624437893268e-8,-0.9664093255996704,1.378033243071286e-9,1,6.197209501124235e-8,0.9664093255996704,-1.7259051077189725e-8,0.2570077180862427]},{"type":"position","time":1.7365925312042237,"pos":[-250.34024047851563,3.0075314044952394,-48.35601043701172,0.2570077180862427,1.0242043657626709e-7,-0.9664093255996704,2.3686850258997085e-9,1,1.0661031524250575e-7,0.9664093255996704,-2.9688793645732404e-8,0.2570077180862427]},{"type":"position","time":1.751676321029663,"pos":[-250.34024047851563,3.0075314044952394,-48.35601043701172,0.2570077180862427,9.40126554382914e-8,-0.9664093255996704,2.173800250915292e-9,1,9.785846799559295e-8,0.9664093255996704,-2.7251163103869659e-8,0.2570077180862427]},{"type":"position","time":1.7680418491363526,"pos":[-250.34024047851563,3.0075314044952394,-48.35601043701172,0.2570077180862427,6.007618935655046e-8,-0.9664093255996704,1.3885310679029317e-9,1,6.253359430274941e-8,0.9664093255996704,-1.7413505304375577e-8,0.2570077180862427]},{"type":"position","time":1.7851135730743409,"pos":[-250.34024047851563,3.0075314044952394,-48.35601043701172,0.2570077180862427,2.6168731181996919e-8,-0.9664093255996704,6.039338473762257e-10,1,2.723892045253251e-8,0.9664093255996704,-7.584260330872894e-9,0.2570077180862427]},{"type":"position","time":1.8018310070037842,"pos":[-250.34024047851563,3.0075314044952394,-48.35601043701172,0.2570077180862427,-7.709739513472869e-9,-0.9664093255996704,-1.799897730858646e-10,1,-8.02558286494559e-9,0.9664093255996704,2.2365806984225857e-9,0.2570077180862427]},{"type":"position","time":1.8196310997009278,"pos":[-250.34024047851563,3.0075314044952394,-48.35601043701172,0.2570077180862427,-4.155925026338991e-8,-0.9664093255996704,-9.632444841756183e-10,1,-4.325993785414539e-8,0.9664093255996704,1.204902666529506e-8,0.2570077180862427]},{"type":"position","time":1.8366341590881348,"pos":[-250.34024047851563,3.0075314044952394,-48.35601043701172,0.2570077180862427,-8.383045013715673e-8,-0.9664093255996704,-1.9413721741301517e-9,1,-8.726053835061976e-8,0.9664093255996704,2.4302792667185714e-8,0.2570077180862427]},{"type":"position","time":1.8572115898132325,"pos":[-203.10684204101563,11.553234100341797,61.6736946105957,-0.9374189972877502,-1.832004770108142e-8,0.3482033908367157,-5.061052910093622e-9,1,3.8987902684084477e-8,-0.3482033908367157,3.478572452308981e-8,-0.9374189972877502]},{"type":"position","time":1.8733773231506348,"pos":[-203.10684204101563,11.553234100341797,61.6736946105957,-0.9374189972877502,-4.240697393242954e-8,0.3482033908367157,-1.1651494880027258e-8,1,9.042026505312606e-8,-0.3482033908367157,8.07045807960094e-8,-0.9374189972877502]},{"type":"position","time":1.889822006225586,"pos":[-203.10684204101563,11.553234100341797,61.6736946105957,-0.9374189972877502,-4.130043151917562e-8,0.3482033908367157,-1.1331053428875748e-8,1,8.81050752354895e-8,-0.3482033908367157,7.864586137884544e-8,-0.9374189972877502]},{"type":"position","time":1.9069273471832276,"pos":[-203.10684204101563,11.553234100341797,61.6736946105957,-0.9374189972877502,-3.180745267172824e-8,0.3482033908367157,-8.710120624755291e-9,1,6.789829853914853e-8,-0.3482033908367157,6.061626578457435e-8,-0.9374189972877502]},{"type":"position","time":1.919593095779419,"pos":[-203.10684204101563,11.553234100341797,61.6736946105957,-0.9374189972877502,-2.232258289325273e-8,0.3482033908367157,-6.091431803412206e-9,1,4.770878092585917e-8,-0.3482033908367157,4.260206054595983e-8,-0.9374189972877502]},{"type":"position","time":1.9354207515716553,"pos":[-203.10684204101563,11.553234100341797,61.6736946105957,-0.9374189972877502,-1.284581685467856e-8,0.3482033908367157,-3.4749814137313708e-9,1,2.753650107933936e-8,-0.3482033908367157,2.4603238557574515e-8,-0.9374189972877502]},{"type":"position","time":1.9524877071380616,"pos":[-203.10684204101563,11.553234100341797,61.6736946105957,-0.9374189972877502,-3.377148116712192e-9,0.3482033908367157,-8.607697887796917e-10,1,7.3814505618940988e-9,-0.3482033908367157,6.619789161277367e-9,-0.9374189972877502]},{"type":"position","time":1.969254493713379,"pos":[-203.10684204101563,11.553234100341797,61.6736946105957,-0.9374189972877502,6.0834306481183379e-9,0.3482033908367157,1.7512055139334848e-9,1,-1.2756387057777374e-8,-0.3482033908367157,-1.1348304518321584e-8,-0.9374189972877502]},{"type":"position","time":1.985708236694336,"pos":[-203.10684204101563,11.553234100341797,61.6736946105957,-0.9374189972877502,1.553592632319578e-8,0.3482033908367157,4.360947158943418e-9,1,-3.2877025546440566e-8,-0.3482033908367157,-2.9301052251184957e-8,-0.9374189972877502]},{"type":"position","time":2.002734899520874,"pos":[-203.10684204101563,11.553234100341797,61.6736946105957,-0.9374189972877502,2.498034668008131e-8,0.3482033908367157,6.968456034428527e-9,1,-5.2980482223574657e-8,-0.3482033908367157,-4.7238469136345887e-8,-0.9374189972877502]},{"type":"position","time":2.020895004272461,"pos":[-203.10684204101563,11.553234100341797,61.6736946105957,-0.9374189972877502,3.4416697047845449e-8,0.3482033908367157,9.57373558208019e-9,1,-7.306676508278542e-8,-0.3482033908367157,-6.51605702728375e-8,-0.9374189972877502]},{"type":"position","time":2.0366408824920656,"pos":[-203.10684204101563,11.553234100341797,61.6736946105957,-0.9374189972877502,4.384498808462922e-8,0.3482033908367157,1.2176789354612083e-8,1,-9.313589544035494e-8,-0.3482033908367157,-8.306735566065982e-8,-0.9374189972877502]},{"type":"position","time":2.053393840789795,"pos":[-203.10684204101563,11.553234100341797,61.6736946105957,-0.9374189972877502,5.326522511950316e-8,0.3482033908367157,1.4777615575667369e-8,1,-1.1318788750713793e-7,-0.3482033908367157,-1.0095885727423593e-7,-0.9374189972877502]},{"type":"position","time":2.0710105895996095,"pos":[-203.10684204101563,11.553234100341797,61.6736946105957,-0.9374189972877502,5.4365902002473379e-8,0.3482033908367157,1.507279101531367e-8,1,-1.1555425061260394e-7,-0.3482033908367157,-1.0307434905598711e-7,-0.9374189972877502]},{"type":"position","time":2.0870423316955568,"pos":[-203.10684204101563,11.553234100341797,61.6736946105957,-0.9374189972877502,3.0541762896518779e-8,0.3482033908367157,8.460388833952948e-9,1,-6.49357048132515e-8,-0.3482033908367157,-5.7926026642007858e-8,-0.9374189972877502]},{"type":"position","time":2.105349540710449,"pos":[-203.10684204101563,11.553234100341797,61.6736946105957,-0.9374189972877502,6.737975954962394e-9,0.3482033908367157,1.8536436829919012e-9,1,-1.4360385769407458e-8,-0.3482033908367157,-1.2816253835978842e-8,-0.9374189972877502]},{"type":"position","time":2.1227664947509767,"pos":[-203.10684204101563,11.553234100341797,61.6736946105957,-0.9374189972877502,-1.7045472588961276e-8,0.3482033908367157,-4.747450432773803e-9,1,3.617174115788657e-8,-0.3482033908367157,3.225499867198778e-8,-0.9374189972877502]},{"type":"position","time":2.1390199661254885,"pos":[-203.10684204101563,11.553234100341797,61.6736946105957,-0.9374189972877502,-4.0808600942909837e-8,0.3482033908367157,-1.134289639992403e-8,1,8.666071238394579e-8,-0.3482033908367157,7.728776552085037e-8,-0.9374189972877502]},{"type":"position","time":2.155996799468994,"pos":[-203.10684204101563,11.553234100341797,61.6736946105957,-0.9374189972877502,-4.009175214036986e-8,0.3482033908367157,-1.1137925248760894e-8,1,8.51538217716552e-8,-0.3482033908367157,7.59465450528296e-8,-0.9374189972877502]},{"type":"position","time":2.1737782955169679,"pos":[-203.10684204101563,11.553234100341797,61.6736946105957,-0.9374189972877502,-3.122577751923927e-8,0.3482033908367157,-8.669174711428696e-9,1,6.6338039061975e-8,-0.3482033908367157,5.916790257742832e-8,-0.9374189972877502]},{"type":"position","time":2.192537546157837,"pos":[-203.10684204101563,11.553234100341797,61.6736946105957,-0.9374189972877502,-2.015396027843508e-8,0.3482033908367157,-5.586203499774456e-9,1,4.284090238115823e-8,-0.3482033908367157,3.8214743369735518e-8,-0.9374189972877502]},{"type":"position","time":2.205981492996216,"pos":[-203.10684204101563,11.553234100341797,61.6736946105957,-0.9374189972877502,-1.3516545216418763e-8,0.3482033908367157,-3.738001463915452e-9,1,2.8754662650953834e-8,-0.3482033908367157,2.5653584145857168e-8,-0.9374189972877502]},{"type":"position","time":2.222407102584839,"pos":[-203.10684204101563,11.553234100341797,61.6736946105957,-0.9374189972877502,-4.673274212052547e-9,0.3482033908367157,-1.2755775324890806e-9,1,9.987045856973964e-9,-0.3482033908367157,8.917886873405223e-9,-0.9374189972877502]},{"type":"position","time":2.2399632930755617,"pos":[-203.10684204101563,11.553234100341797,61.6736946105957,-0.9374189972877502,4.162441058497279e-9,0.3482033908367157,1.184739750748065e-9,1,-8.764542869243997e-9,-0.3482033908367157,-7.803518720095326e-9,-0.9374189972877502]},{"type":"position","time":2.2564430236816408,"pos":[-203.10684204101563,11.553234100341797,61.6736946105957,-0.9374189972877502,1.2990606812479655e-8,0.3482033908367157,3.642952162152824e-9,1,-2.7500117738554765e-8,-0.3482033908367157,-2.4510645957320777e-8,-0.9374189972877502]},{"type":"position","time":2.273454427719116,"pos":[-203.10684204101563,11.553234100341797,61.6736946105957,-0.9374189972877502,2.1811230155321938e-8,0.3482033908367157,6.09906214421585e-9,1,-4.621969296181305e-8,-0.3482033908367157,-4.1203502831876906e-8,-0.9374189972877502]},{"type":"position","time":2.2903618812561037,"pos":[-203.10684204101563,11.553234100341797,61.6736946105957,-0.9374189972877502,3.062431730427306e-8,0.3482033908367157,8.553069363870236e-9,1,-6.492327742080306e-8,-0.3482033908367157,-5.7882107995510526e-8,-0.9374189972877502]},{"type":"position","time":2.3068528175354006,"pos":[-203.10684204101563,11.553234100341797,61.6736946105957,-0.9374189972877502,3.942987092386829e-8,0.3482033908367157,1.100497737382966e-8,1,-8.361089243180686e-8,-0.3482033908367157,-7.454647033000583e-8,-0.9374189972877502]},{"type":"position","time":2.3230507373809816,"pos":[-203.10684204101563,11.553234100341797,61.6736946105957,-0.9374189972877502,4.822790700131918e-8,0.3482033908367157,1.3454790170897013e-8,1,-1.0228254865296549e-7,-0.3482033908367157,-9.119660404621755e-8,-0.9374189972877502]},{"type":"position","time":2.339613676071167,"pos":[-203.10684204101563,11.553234100341797,61.6736946105957,-0.9374189972877502,5.701842553662573e-8,0.3482033908367157,1.5902505978715454e-8,1,-1.2093826740056103e-7,-0.3482033908367157,-1.078325198022867e-7,-0.9374189972877502]},{"type":"position","time":2.3570165634155275,"pos":[-203.10684204101563,11.553234100341797,61.6736946105957,-0.9374189972877502,4.904697803453928e-8,0.3482033908367157,1.3676599408540824e-8,1,-1.0403768158084859e-7,-0.3482033908367157,-9.276466528262972e-8,-0.9374189972877502]},{"type":"position","time":2.3731749057769777,"pos":[-203.10684204101563,11.553234100341797,61.6736946105957,-0.9374189972877502,2.4335049531032383e-8,0.3482033908367157,6.783070549687409e-9,1,-5.162635119404513e-8,-0.3482033908367157,-4