{"data":[{"pos":[-105.3763427734375,1018.7186889648438,-303.6015319824219,0.9975143074989319,0,0.07046394795179367,0,1,0,-0.07046394795179367,0,0.9975143074989319]},{"pos":[-105.3763427734375,1018.7186889648438,-303.6015319824219,0.9975143074989319,0,0.07046394795179367,0,1,0,-0.07046394795179367,0,0.9975143074989319]},{"pos":[-105.3763427734375,1018.7186889648438,-303.6015319824219,0.9975143074989319,0,0.07046394795179367,0,1,0,-0.07046394795179367,0,0.9975143074989319]},{"pos":[-105.3763427734375,1018.7186889648438,-303.6015319824219,0.9975143074989319,0,0.07046394795179367,0,1,0,-0.07046394795179367,0,0.9975143074989319]},{"pos":[-105.3763427734375,1018.7186889648438,-303.6015319824219,0.9975143074989319,0,0.07046394795179367,0,1,0,-0.07046394795179367,0,0.9975143074989319]},{"pos":[-105.3763427734375,1018.7186889648438,-303.6015319824219,0.9975143074989319,0,0.07046394795179367,0,1,0,-0.07046394795179367,0,0.9975143074989319]},{"pos":[-105.3763427734375,1018.7186889648438,-303.6015319824219,0.9975143074989319,0,0.07046394795179367,0,1,0,-0.07046394795179367,0,0.9975143074989319]},{"pos":[-105.3763427734375,1018.7186889648438,-303.6015319824219,0.9975143074989319,0,0.07046394795179367,0,1,0,-0.07046394795179367,0,0.9975143074989319]},{"pos":[-105.3763427734375,1018.7186889648438,-303.6015319824219,0.9975143074989319,0,0.07046394795179367,0,1,0,-0.07046394795179367,0,0.9975143074989319]},{"pos":[-105.3763427734375,1018.7186889648438,-303.6015319824219,0.9975143074989319,0,0.07046394795179367,0,1,0,-0.07046394795179367,0,0.9975143074989319]},{"pos":[-105.3763427734375,1018.7186889648438,-303.6015319824219,0.9975143074989319,0,0.07046394795179367,0,1,0,-0.07046394795179367,0,0.9975143074989319]},{"pos":[-105.3763427734375,1018.7186889648438,-303.6015319824219,0.9975143074989319,0,0.07046394795179367,0,1,0,-0.07046394795179367,0,0.9975143074989319]},{"pos":[-105.3763427734375,1018.7186889648438,-303.6015319824219,0.9975143074989319,0,0.07046394795179367,0,1,0,-0.07046394795179367,0,0.9975143074989319]},{"pos":[-105.3763427734375,1018.7186889648438,-303.6015319824219,0.9975143074989319,0,0.07046394795179367,0,1,0,-0.07046394795179367,0,0.9975143074989319]},{"pos":[-105.3763427734375,1018.7186889648438,-303.6015319824219,0.9975143074989319,0,0.07046394795179367,0,1,0,-0.07046394795179367,0,0.9975143074989319]},{"pos":[-105.3763427734375,1018.7186889648438,-303.6015319824219,0.9975143074989319,0,0.07046394795179367,0,1,0,-0.07046394795179367,0,0.9975143074989319]},{"pos":[-105.3763427734375,1018.7186889648438,-303.6015319824219,0.9975143074989319,0,0.07046394795179367,0,1,0,-0.07046394795179367,0,0.9975143074989319]},{"pos":[-105.3763427734375,1018.7186889648438,-303.6015319824219,0.9975143074989319,0,0.07046394795179367,0,1,0,-0.07046394795179367,0,0.9975143074989319]},{"pos":[-105.3763427734375,1018.7186889648438,-303.6015319824219,0.9975143074989319,0,0.07046394795179367,0,1,0,-0.07046394795179367,0,0.9975143074989319]},{"pos":[-105.3763427734375,1018.7186889648438,-303.6015319824219,0.9975143074989319,0,0.07046394795179367,0,1,0,-0.07046394795179367,0,0.9975143074989319]},{"pos":[-105.3763427734375,1018.7186889648438,-303.6015319824219,0.9975143074989319,0,0.07046394795179367,0,1,0,-0.07046394795179367,0,0.9975143074989319]},{"pos":[-105.3763427734375,1018.7186889648438,-303.6015319824219,0.9975143074989319,0,0.07046394795179367,0,1,0,-0.07046394795179367,0,0.9975143074989319]},{"pos":[-105.3763427734375,1018.7186889648438,-303.6015319824219,0.9975143074989319,0,0.07046394795179367,0,1,0,-0.07046394795179367,0,0.9975143074989319]},{"pos":[-105.3763427734375,1018.7186889648438,-303.6015319824219,0.9975143074989319,0,0.07046394795179367,0,1,0,-0.07046394795179367,0,0.9975143074989319]},{"pos":[-105.3763427734375,1018.7186889648438,-303.6015319824219,0.9975143074989319,0,0.07046394795179367,0,1,0,-0.07046394795179367,0,0.9975143074989319]},{"pos":[-105.3763427734375,1018.7186889648438,-303.6015319824219,0.9975143074989319,0,0.07046394795179367,0,1,0,-0.07046394795179367,0,0.9975143074989319]},{"pos":[-105.3763427734375,1018.7186889648438,-303.6015319824219,0.9975143074989319,0,0.07046394795179367,0,1,0,-0.07046394795179367,0,0.9975143074989319]},{"pos":[-105.3763427734375,1018.7186889648438,-303.6015319824219,0.9975143074989319,0,0.07046394795179367,0,1,0,-0.07046394795179367,0,0.9975143074989319]},{"pos":[-105.3763427734375,1018.7186889648438,-303.6015319824219,0.9975143074989319,0,0.07046394795179367,0,1,0,-0.07046394795179367,0,0.9975143074989319]},{"pos":[-105.3763427734375,1018.7186889648438,-303.6015319824219,0.9975143074989319,0,0.07046394795179367,0,1,0,-0.07046394795179367,0,0.9975143074989319]},{"pos":[-105.3763427734375,1018.7186889648438,-303.6015319824219,0.9975143074989319,0,0.07046394795179367,0,1,0,-0.07046394795179367,0,0.9975143074989319]},{"pos":[-105.3763427734375,1018.7186889648438,-303.6015319824219,0.9975143074989319,0,0.07046394795179367,0,1,0,-0.07046394795179367,0,0.9975143074989319]},{"pos":[-105.3763427734375,1018.7186889648438,-303.6015319824219,0.9975143074989319,0,0.07046394795179367,0,1,0,-0.07046394795179367,0,0.9975143074989319]},{"pos":[-105.3763427734375,1018.7186889648438,-303.6015319824219,0.9975143074989319,0,0.07046394795179367,0,1,0,-0.07046394795179367,0,0.9975143074989319]},{"pos":[-105.3763427734375,1018.7186889648438,-303.6015319824219,0.9975143074989319,0,0.07046394795179367,0,1,0,-0.07046394795179367,0,0.9975143074989319]},{"pos":[-105.3763427734375,1018.7186889648438,-303.6015319824219,0.9975143074989319,0,0.07046394795179367,0,1,0,-0.07046394795179367,0,0.9975143074989319]},{"pos":[-105.3763427734375,1018.7186889648438,-303.6015319824219,0.9975143074989319,0,0.07046394795179367,0,1,0,-0.07046394795179367,0,0.9975143074989319]},{"pos":[-105.3763427734375,1018.7186889648438,-303.6015319824219,0.9975143074989319,0,0.07046394795179367,0,1,0,-0.07046394795179367,0,0.9975143074989319]},{"pos":[-105.3763427734375,1018.7186889648438,-303.6015319824219,0.9975143074989319,0,0.07046394795179367,0,1,0,-0.07046394795179367,0,0.9975143074989319]},{"pos":[-105.3763427734375,1018.7186889648438,-303.6015319824219,0.9975143074989319,0,0.07046394795179367,0,1,0,-0.07046394795179367,0,0.9975143074989319]},{"pos":[-105.3763427734375,1018.7186889648438,-303.6015319824219,0.9975143074989319,0,0.07046394795179367,0,1,0,-0.07046394795179367,0,0.9975143074989319]},{"pos":[-105.3763427734375,1018.7186889648438,-303.6015319824219,0.9975143074989319,0,0.07046394795179367,0,1,0,-0.07046394795179367,0,0.9975143074989319]},{"pos":[-105.3763427734375,1018.7186889648438,-303.6015319824219,0.9975143074989319,0,0.07046394795179367,0,1,0,-0.07046394795179367,0,0.9975143074989319]},{"pos":[-105.3763427734375,1018.7186889648438,-303.6015319824219,0.9975143074989319,0,0.07046394795179367,0,1,0,-0.07046394795179367,0,0.9975143074989319]},{"pos":[-105.3763427734375,1018.7186889648438,-303.6015319824219,0.9975143074989319,0,0.07046394795179367,0,1,0,-0.07046394795179367,0,0.9975143074989319]},{"pos":[-105.3763427734375,1018.7186889648438,-303.6015319824219,0.9975143074989319,0,0.07046394795179367,0,1,0,-0.07046394795179367,0,0.9975143074989319]},{"pos":[-105.3763427734375,1018.7186889648438,-303.6015319824219,0.9975143074989319,0,0.07046394795179367,0,1,0,-0.07046394795179367,0,0.9975143074989319]},{"pos":[-105.3763427734375,1018.7186889648438,-303.6015319824219,0.9975143074989319,0,0.07046394795179367,0,1,0,-0.07046394795179367,0,0.9975143074989319]},{"pos":[-105.3763427734375,1018.7186889648438,-303.6015319824219,0.9975143074989319,0,0.07046394795179367,0,1,0,-0.07046394795179367,0,0.9975143074989319]},{"pos":[-105.3763427734375,1018.7186889648438,-303.6015319824219,0.9975143074989319,0,0.07046394795179367,0,1,0,-0.07046394795179367,0,0.9975143074989319]},{"pos":[-105.3763427734375,1018.7186889648438,-303.6015319824219,0.9975143074989319,0,0.07046394795179367,0,1,0,-0.07046394795179367,0,0.9975143074989319]},{"pos":[-105.34701538085938,1018.7186889648438,-303.50860595703127,0.9806536436080933,0,-0.19575081765651704,0,1,0,0.19575081765651704,0,0.9806536436080933]},{"pos":[-105.28250122070313,1018.7186889648438,-303.2944030761719,0.8539523482322693,0,-0.520351231098175,0,1,0,0.520351231098175,0,0.8539523482322693]},{"pos":[-105.20663452148438,1018.7186889648438,-303.0411682128906,0.6461578607559204,0,-0.7632037997245789,0,1,0,0.7632037997245789,0,0.6461578607559204]},{"pos":[-105.12444305419922,1018.7186889648438,-302.78753662109377,0.4131644070148468,0,-0.9106564521789551,0,1,0,0.9106564521789551,0,0.4131644070148468]},{"pos":[-105.03955078125,1018.7186889648438,-302.5347595214844,0.1884685605764389,0,-0.9820792078971863,0,1,0,0.9820792078971863,0,0.1884685605764389]},{"pos":[-104.94992065429688,1018.7186889648438,-302.28363037109377,-0.011064508929848671,0,-0.9999387860298157,0,1,0,0.9999387860298157,0,-0.011064508929848671]},{"pos":[-104.85677337646485,1018.7186889648438,-302.03375244140627,-0.18032169342041017,0,-0.9836077094078064,0,1,0,0.9836077094078064,0,-0.18032169342041017]},{"pos":[-104.76142120361328,1018.7186889648438,-301.7846984863281,-0.3203718066215515,0,-0.9472918510437012,0,1,0,0.9472918510437012,0,-0.3203718066215515]},{"pos":[-104.66605377197266,1018.7186889648438,-301.5356750488281,-0.43512585759162905,0,-0.9003696441650391,0,1,0,0.9003696441650391,0,-0.43512585759162905]},{"pos":[-104.57013702392578,1018.7186889648438,-301.286865234375,-0.5281817317008972,0,-0.8491313457489014,0,1,0,0.8491313457489014,0,-0.5281817317008972]},{"pos":[-104.47261810302735,1018.7186889648438,-301.03863525390627,-0.6027761101722717,0,-0.7979103326797485,0,1,0,0.7979103326797485,0,-0.6027761101722717]},{"pos":[-104.37459564208985,1018.7186889648438,-300.7906494140625,-0.6626117825508118,0,-0.7489630579948425,0,1,0,0.7489630579948425,0,-0.6626117825508118]},{"pos":[-104.27978515625,1018.7186889648438,-300.5414123535156,-0.7117821574211121,0,-0.702400267124176,0,1,0,0.702400267124176,0,-0.7117821574211121]},{"pos":[-104.19263458251953,1018.7186889648438,-300.28936767578127,-0.7538343667984009,0,-0.6570644974708557,0,1,0,0.6570644974708557,0,-0.7538343667984009]},{"pos":[-104.12944030761719,1018.7186889648438,-300.03045654296877,-0.7944083213806152,0,-0.6073840856552124,0,1,0,0.6073840856552124,0,-0.7944083213806152]},{"pos":[-104.08257293701172,1018.7186889648438,-299.7005615234375,-0.8435934782028198,0,-0.5369824171066284,0,1,0,0.5369824171066284,0,-0.8435934782028198]},{"pos":[-104.06698608398438,1018.7186889648438,-299.43438720703127,-0.8784549236297607,0,-0.47782519459724429,0,1,0,0.47782519459724429,0,-0.8784549236297607]},{"pos":[-104.0707015991211,1018.7186889648438,-299.1678161621094,-0.9093056917190552,0,-0.4161287248134613,0,1,0,0.4161287248134613,0,-0.9093056917190552]},{"pos":[-104.09126281738281,1018.7186889648438,-298.9019775390625,-0.9355679750442505,0,-0.35314658284187319,0,1,0,0.35314658284187319,0,-0.9355679750442505]},{"pos":[-104.12422180175781,1018.7186889648438,-298.63739013671877,-0.9566496014595032,0,-0.291241317987442,0,1,0,0.291241317987442,0,-0.9566496014595032]},{"pos":[-104.17622375488281,1018.7186889648438,-298.3758850097656,-0.9738290309906006,0,-0.22728174924850465,0,1,0,0.22728174924850465,0,-0.9738290309906006]},{"pos":[-104.26521301269531,1018.7186889648438,-298.1247253417969,-0.9883453249931336,0,-0.15222857892513276,0,1,0,0.15222857892513276,0,-0.9883453249931336]},{"pos":[-104.40696716308594,1018.7186889648438,-297.89947509765627,-0.9983679056167603,0,-0.05710951238870621,0,1,0,0.05710951238870621,0,-0.9983679056167603]},{"pos":[-104.61031341552735,1018.7186889648438,-297.7286682128906,-0.997728705406189,0,0.06736006587743759,0,1,0,-0.06736006587743759,0,-0.997728705406189]},{"pos":[-104.8622817993164,1018.7186889648438,-297.6488952636719,-0.9738174080848694,0,0.22733153402805329,0,1,0,-0.22733153402805329,0,-0.9738174080848694]},{"pos":[-105.12712860107422,1018.7186889648438,-297.66192626953127,-0.9144328832626343,0,0.40473759174346926,0,1,0,-0.40473759174346926,0,-0.9144328832626343]},{"pos":[-105.37879943847656,1018.7186889648438,-297.7476806640625,-0.8161494135856628,0,0.5778409242630005,0,1,0,-0.5778409242630005,0,-0.8161494135856628]},{"pos":[-105.4841537475586,1018.7186889648438,-297.7855529785156,-0.8047835826873779,0,0.5935683846473694,0,1,0,-0.5935683846473694,0,-0.8047835826873779]},{"pos":[-105.48871612548828,1018.7186889648438,-297.7872009277344,-0.8044651746749878,0,0.5939998626708984,0,1,0,-0.5939998626708984,0,-0.8044651746749878]},{"pos":[-105.48880004882813,1018.7186889648438,-297.7872314453125,-0.804456353187561,0,0.5940117835998535,0,1,0,-0.5940117835998535,0,-0.804456353187561]},{"pos":[-105.48880004882813,1018.7186889648438,-297.7872314453125,-0.8044560551643372,0,0.5940121412277222,0,1,0,-0.5940121412277222,0,-0.8044560551643372]},{"pos":[-105.48880004882813,1018.7186889648438,-297.7872314453125,-0.8044560551643372,0,0.5940121412277222,0,1,0,-0.5940121412277222,0,-0.8044560551643372]},{"pos":[-105.48880004882813,1018.7186889648438,-297.7872314453125,-0.8044560551643372,0,0.5940121412277222,0,1,0,-0.5940121412277222,0,-0.8044560551643372]},{"pos":[-105.48880004882813,1018.7186889648438,-297.7872314453125,-0.8044560551643372,0,0.5940121412277222,0,1,0,-0.5940121412277222,0,-0.8044560551643372]},{"pos":[-105.48880004882813,1018.7186889648438,-297.7872314453125,-0.8044560551643372,0,0.5940121412277222,0,1,0,-0.5940121412277222,0,-0.8044560551643372]},{"pos":[-105.48880004882813,1018.7186889648438,-297.7872314453125,-0.8044560551643372,0,0.5940121412277222,0,1,0,-0.5940121412277222,0,-0.8044560551643372]},{"pos":[-105.48880004882813,1018.7186889648438,-297.7872314453125,-0.8044560551643372,0,0.5940121412277222,0,1,0,-0.5940121412277222,0,-0.8044560551643372]},{"pos":[-105.48880004882813,1018.7186889648438,-297.7872314453125,-0.8044560551643372,0,0.5940121412277222,0,1,0,-0.5940121412277222,0,-0.8044560551643372]},{"pos":[-105.48880004882813,1018.7186889648438,-297.7872314453125,-0.8044560551643372,0,0.5940121412277222,0,1,0,-0.5940121412277222,0,-0.8044560551643372]},{"pos":[-105.48880004882813,1018.7186889648438,-297.7872314453125,-0.8044560551643372,0,0.5940121412277222,0,1,0,-0.5940121412277222,0,-0.8044560551643372]},{"pos":[-105.48880004882813,1018.7186889648438,-297.7872314453125,-0.8044560551643372,0,0.5940121412277222,0,1,0,-0.5940121412277222,0,-0.8044560551643372]},{"pos":[-105.48880004882813,1018.7186889648438,-297.7872314453125,-0.8044560551643372,0,0.5940121412277222,0,1,0,-0.5940121412277222,0,-0.8044560551643372]},{"pos":[-105.48880004882813,1018.7186889648438,-297.7872314453125,-0.8044560551643372,0,0.5940121412277222,0,1,0,-0.5940121412277222,0,-0.8044560551643372]},{"pos":[-105.48880004882813,1018.7186889648438,-297.7872314453125,-0.8044560551643372,0,0.5940121412277222,0,1,0,-0.5940121412277222,0,-0.8044560551643372]},{"pos":[-105.48880004882813,1018.7186889648438,-297.7872314453125,-0.8044560551643372,0,0.5940121412277222,0,1,0,-0.5940121412277222,0,-0.8044560551643372]},{"pos":[-105.48880004882813,1018.7186889648438,-297.7872314453125,-0.8044560551643372,0,0.5940121412277222,0,1,0,-0.5940121412277222,0,-0.8044560551643372]},{"pos":[-105.48880004882813,1018.7186889648438,-297.7872314453125,-0.8044560551643372,0,0.5940121412277222,0,1,0,-0.5940121412277222,0,-0.8044560551643372]},{"pos":[-105.48880004882813,1018.7186889648438,-297.7872314453125,-0.8044560551643372,0,0.5940121412277222,0,1,0,-0.5940121412277222,0,-0.8044560551643372]},{"pos":[-105.48880004882813,1018.7186889648438,-297.7872314453125,-0.8044560551643372,0,0.5940121412277222,0,1,0,-0.5940121412277222,0,-0.8044560551643372]},{"pos":[-105.48880004882813,1018.7186889648438,-297.7872314453125,-0.8044560551643372,0,0.5940121412277222,0,1,0,-0.5940121412277222,0,-0.8044560551643372]},{"pos":[-105.5223617553711,1018.7186889648438,-297.76971435546877,-0.7708765864372253,0,0.6369845271110535,0,1,0,-0.6369845271110535,0,-0.7708765864372253]},{"pos":[-105.66927337646485,1018.7186889648438,-297.7090759277344,-0.7279133796691895,0,0.6856690645217896,0,1,0,-0.6856690645217896,0,-0.7279133796691895]},{"pos":[-105.91082000732422,1018.7186889648438,-297.61846923828127,-0.6843891143798828,0,0.7291169762611389,0,1,0,-0.7291169762611389,0,-0.6843891143798828]},{"pos":[-106.16705322265625,1018.7186889648438,-297.54547119140627,-0.636290431022644,0,0.7714495658874512,0,1,0,-0.7714495658874512,0,-0.636290431022644]},{"pos":[-106.42919921875,1018.7186889648438,-297.4970703125,-0.582229495048523,0,0.8130244612693787,0,1,0,-0.8130244612693787,0,-0.582229495048523]},{"pos":[-106.69401550292969,1018.7186889648438,-297.46612548828127,-0.5255773663520813,0,0.8507457971572876,0,1,0,-0.8507457971572876,0,-0.5255773663520813]},{"pos":[-106.96040344238281,1018.7186889648438,-297.455322265625,-0.46561115980148318,0,0.8849893808364868,0,1,0,-0.8849893808364868,0,-0.46561115980148318]},{"pos":[-107.22693634033203,1018.7186889648438,-297.4621887207031,-0.40373197197914126,0,0.9148772954940796,0,1,0,-0.9148772954940796,0,-0.40373197197914126]},{"pos":[-107.49213409423828,1018.7186889648438,-297.4895935058594,-0.33892056345939639,0,0.9408149719238281,0,1,0,-0.9408149719238281,0,-0.33892056345939639]},{"pos":[-107.75479125976563,1018.7186889648438,-297.53533935546877,-0.2724545896053314,0,0.9621686339378357,0,1,0,-0.9621686339378357,0,-0.2724545896053314]},{"pos":[-108.01223754882813,1018.7186889648438,-297.60455322265627,-0.20207101106643678,0,0.9793708920478821,0,1,0,-0.9793708920478821,0,-0.20207101106643678]},{"pos":[-108.25902557373047,1018.7186889648438,-297.70513916015627,-0.12379423528909683,0,0.9923079013824463,0,1,0,-0.9923079013824463,0,-0.12379423528909683]},{"pos":[-108.49342346191406,1018.7186889648438,-297.83203125,-0.04063820838928223,0,0.9991739392280579,0,1,0,-0.9991739392280579,0,-0.04063820838928223]},{"pos":[-108.71537780761719,1018.7186889648438,-297.97967529296877,0.04387030377984047,0,0.9990372061729431,0,1,0,-0.9990372061729431,0,0.04387030377984047]},{"pos":[-108.92874908447266,1018.7186889648438,-298.1395568847656,0.12440317124128342,0,0.9922317266464233,0,1,0,-0.9922317266464233,0,0.12440317124128342]},{"pos":[-109.1385726928711,1018.7186889648438,-298.30413818359377,0.19648122787475587,0,0.9805076122283936,0,1,0,-0.9805076122283936,0,0.19648122787475587]},{"pos":[-109.34615325927735,1018.7186889648438,-298.4715270996094,0.259775847196579,0,0.9656689167022705,0,1,0,-0.9656689167022705,0,0.259775847196579]},{"pos":[-109.55292510986328,1018.7186889648438,-298.6399230957031,0.3142903447151184,0,0.9493269324302673,0,1,0,-0.9493269324302673,0,0.3142903447151184]},{"pos":[-109.75740051269531,1018.7186889648438,-298.81109619140627,0.36227887868881228,0,0.9320697784423828,0,1,0,-0.9320697784423828,0,0.36227887868881228]},{"pos":[-109.9595947265625,1018.7186889648438,-298.9849548339844,0.40465521812438967,0,0.9144693613052368,0,1,0,-0.9144693613052368,0,0.40465521812438967]},{"pos":[-110.15990447998047,1018.7186889648438,-299.1609802246094,0.4419335424900055,0,0.897047758102417,0,1,0,-0.897047758102417,0,0.4419335424900055]},{"pos":[-110.35627746582031,1018.7186889648438,-299.34136962890627,0.47614529728889468,0,0.8793666362762451,0,1,0,-0.8793666362762451,0,0.47614529728889468]},{"pos":[-110.54463195800781,1018.7186889648438,-299.5301208496094,0.5101353526115418,0,0.8600941300392151,0,1,0,-0.8600941300392151,0,0.5101353526115418]},{"pos":[-110.72138214111328,1018.7186889648438,-299.7297668457031,0.5456234216690064,0,0.8380305171012878,0,1,0,-0.8380305171012878,0,0.5456234216690064]},{"pos":[-110.87996673583985,1018.7186889648438,-299.9440612792969,0.585090696811676,0,0.8109678626060486,0,1,0,-0.8109678626060486,0,0.585090696811676]},{"pos":[-111.0042724609375,1018.7186889648438,-300.1797180175781,0.6339170336723328,0,0.7734010815620422,0,1,0,-0.7734010815620422,0,0.6339170336723328]},{"pos":[-111.0819320678711,1018.7186889648438,-300.4344177246094,0.6927915811538696,0,0.7211378216743469,0,1,0,-0.7211378216743469,0,0.6927915811538696]},{"pos":[-111.11335754394531,1018.7186889648438,-300.6988830566406,0.7562333941459656,0,0.6543019413948059,0,1,0,-0.6543019413948059,0,0.7562333941459656]},{"pos":[-111.10767364501953,1018.7186889648438,-300.96527099609377,0.8170735239982605,0,0.5765334367752075,0,1,0,-0.5765334367752075,0,0.8170735239982605]},{"pos":[-111.07501220703125,1018.7186889648438,-301.2298278808594,0.870218813419342,0,0.49266543984413149,0,1,0,-0.49266543984413149,0,0.870218813419342]},{"pos":[-111.02911376953125,1018.7186889648438,-301.49249267578127,0.912172257900238,0,0.4098069667816162,0,1,0,-0.4098069667816162,0,0.912172257900238]},{"pos":[-110.96622467041016,1018.7186889648438,-301.7515869140625,0.9450138211250305,0,0.32703033089637759,0,1,0,-0.32703033089637759,0,0.9450138211250305]},{"pos":[-110.88078308105469,1018.7186889648438,-302.00408935546877,0.9703054428100586,0,0.24188290536403657,0,1,0,-0.24188290536403657,0,0.9703054428100586]},{"pos":[-110.78107452392578,1018.7186889648438,-302.2513732910156,0.9872868657112122,0,0.15894868969917298,0,1,0,-0.15894868969917298,0,0.9872868657112122]},{"pos":[-110.73878479003906,1018.7186889648438,-302.355224609375,0.9885536432266235,0,0.1508699208498001,0,1,0,-0.1508699208498001,0,0.9885536432266235]},{"pos":[-110.73694610595703,1018.7186889648438,-302.3597106933594,0.9885876774787903,0,0.15064650774002076,0,1,0,-0.15064650774002076,0,0.9885876774787903]},{"pos":[-110.73690795898438,1018.7186889648438,-302.35980224609377,0.9885886311531067,0,0.1506403386592865,0,1,0,-0.1506403386592865,0,0.9885886311531067]},{"pos":[-110.73690795898438,1018.7186889648438,-302.35980224609377,0.9885886311531067,0,0.15064017474651338,0,1,0,-0.15064017474651338,0,0.9885886311531067]},{"pos":[-110.73690795898438,1018.7186889648438,-302.35980224609377,0.9885886311531067,0,0.15064017474651338,0,1,0,-0.15064017474651338,0,0.9885886311531067]},{"pos":[-110.73690795898438,1018.7186889648438,-302.35980224609377,0.9885886311531067,0,0.15064017474651338,0,1,0,-0.15064017474651338,0,0.9885886311531067]},{"pos":[-110.73690795898438,1018.7186889648438,-302.35980224609377,0.9885886311531067,0,0.15064017474651338,0,1,0,-0.15064017474651338,0,0.9885886311531067]},{"pos":[-110.73690795898438,1018.7186889648438,-302.35980224609377,0.9885886311531067,0,0.15064017474651338,0,1,0,-0.15064017474651338,0,0.9885886311531067]},{"pos":[-110.73690795898438,1018.7186889648438,-302.35980224609377,0.9885886311531067,0,0.15064017474651338,0,1,0,-0.15064017474651338,0,0.9885886311531067]},{"pos":[-110.73690795898438,1018.7186889648438,-302.35980224609377,0.9885886311531067,0,0.15064017474651338,0,1,0,-0.15064017474651338,0,0.9885886311531067]},{"pos":[-110.73690795898438,1018.7186889648438,-302.35980224609377,0.9885886311531067,0,0.15064017474651338,0,1,0,-0.15064017474651338,0,0.9885886311531067]},{"pos":[-110.73690795898438,1018.7186889648438,-302.35980224609377,0.9885886311531067,0,0.15064017474651338,0,1,0,-0.15064017474651338,0,0.9885886311531067]},{"pos":[-110.73690795898438,1018.7186889648438,-302.35980224609377,0.9885886311531067,0,0.15064017474651338,0,1,0,-0.15064017474651338,0,0.9885886311531067]},{"pos":[-110.73690795898438,1018.7186889648438,-302.35980224609377,0.9885886311531067,0,0.15064017474651338,0,1,0,-0.15064017474651338,0,0.9885886311531067]},{"pos":[-110.73690795898438,1018.7186889648438,-302.35980224609377,0.9885886311531067,0,0.15064017474651338,0,1,0,-0.15064017474651338,0,0.9885886311531067]},{"pos":[-110.73690795898438,1018.7186889648438,-302.35980224609377,0.9885886311531067,0,0.15064017474651338,0,1,0,-0.15064017474651338,0,0.9885886311531067]},{"pos":[-110.73690795898438,1018.7186889648438,-302.35980224609377,0.9885886311531067,0,0.15064017474651338,0,1,0,-0.15064017474651338,0,0.9885886311531067]},{"pos":[-110.73690795898438,1018.7186889648438,-302.35980224609377,0.9885886311531067,0,0.15064017474651338,0,1,0,-0.15064017474651338,0,0.9885886311531067]},{"pos":[-110.73690795898438,1018.7186889648438,-302.35980224609377,0.9885886311531067,0,0.15064017474651338,0,1,0,-0.15064017474651338,0,0.9885886311531067]},{"pos":[-110.73690795898438,1018.7186889648438,-302.35980224609377,0.9885886311531067,0,0.15064017474651338,0,1,0,-0.15064017474651338,0,0.9885886311531067]},{"pos":[-110.73690795898438,1018.7186889648438,-302.35980224609377,0.9885886311531067,0,0.15064017474651338,0,1,0,-0.15064017474651338,0,0.9885886311531067]},{"pos":[-110.73690795898438,1018.7186889648438,-302.35980224609377,0.9885886311531067,0,0.15064017474651338,0,1,0,-0.15064017474651338,0,0.9885886311531067]},{"pos":[-110.67357635498047,1018.7186889648438,-302.32763671875,0.9999019503593445,0,0.01400365587323904,0,1,0,-0.01400365587323904,0,0.9999019503593445]},{"pos":[-110.40597534179688,1018.7186889648438,-302.1950988769531,0.9511168003082275,0,-0.30883145332336428,0,1,0,0.30883145332336428,0,0.9511168003082275]},{"pos":[-110.16299438476563,1018.7186889648438,-302.0859375,0.8518049120903015,0,-0.5238591432571411,0,1,0,0.5238591432571411,0,0.8518049120903015]},{"pos":[-109.91565704345703,1018.7186889648438,-301.9863586425781,0.7313265204429627,0,-0.6820275187492371,0,1,0,0.6820275187492371,0,0.7313265204429627]},{"pos":[-109.66558837890625,1018.7186889648438,-301.893798828125,0.6079081296920776,0,-0.7940073609352112,0,1,0,0.7940073609352112,0,0.6079081296920776]},{"pos":[-109.47734069824219,1018.7186889648438,-301.8262634277344,0.519438624382019,0,-0.8545077443122864,0,1,0,0.8545077443122864,0,0.519438624382019]},{"pos":[-109.28905487060547,1018.7186889648438,-301.7588195800781,0.4365299940109253,0,-0.8996896743774414,0,1,0,0.8996896743774414,0,0.4365299940109253]},{"pos":[-108.97461700439453,1018.7186889648438,-301.648193359375,0.30944299697875979,0,-0.9509180188179016,0,1,0,0.9509180188179016,0,0.30944299697875979]},{"pos":[-108.78575134277344,1018.7186889648438,-301.5823974609375,0.24173614382743836,0,-0.9703420400619507,0,1,0,0.9703420400619507,0,0.24173614382743836]},{"pos":[-108.53446960449219,1018.7186889648438,-301.4931335449219,0.16146720945835114,0,-0.9868780970573425,0,1,0,0.9868780970573425,0,0.16146720945835114]},{"pos":[-108.21934509277344,1018.7186889648438,-301.3845520019531,0.07548388838768006,0,-0.9971470236778259,0,1,0,0.9971470236778259,0,0.07548388838768006]},{"pos":[-107.96785736083985,1018.7186889648438,-301.2958679199219,0.01666252315044403,0,-0.9998611807823181,0,1,0,0.9998611807823181,0,0.01666252315044403]},{"pos":[-107.77920532226563,1018.7186889648438,-301.2294616699219,-0.021435018628835679,0,-0.9997702240943909,0,1,0,0.9997702240943909,0,-0.021435018628835679]},{"pos":[-107.46658325195313,1018.7186889648438,-301.11383056640627,-0.07863076776266098,0,-0.9969038367271423,0,1,0,0.9969038367271423,0,-0.07863076776266098]},{"pos":[-107.21672821044922,1018.7186889648438,-301.0206298828125,-0.11796627938747406,0,-0.9930176138877869,0,1,0,0.9930176138877869,0,-0.11796627938747406]},{"pos":[-106.9686279296875,1018.7186889648438,-300.9228515625,-0.15315599739551545,0,-0.9882020354270935,0,1,0,0.9882020354270935,0,-0.15315599739551545]},{"pos":[-106.72541809082031,1018.7186889648438,-300.8135681152344,-0.18878574669361115,0,-0.9820182919502258,0,1,0,0.9820182919502258,0,-0.18878574669361115]},{"pos":[-106.48623657226563,1018.7186889648438,-300.6956787109375,-0.22411637008190156,0,-0.974562406539917,0,1,0,0.974562406539917,0,-0.22411637008190156]},{"pos":[-106.2508544921875,1018.7186889648438,-300.57037353515627,-0.2585415840148926,0,-0.9660001397132874,0,1,0,0.9660001397132874,0,-0.2585415840148926]},{"pos":[-105.90555572509766,1018.7186889648438,-300.3684997558594,-0.3101760149002075,0,-0.9506791234016419,0,1,0,0.9506791234016419,0,-0.3101760149002075]},{"pos":[-105.79515838623047,1018.7186889648438,-300.2938232421875,-0.32826507091522219,0,-0.9445856213569641,0,1,0,0.9445856213569641,0,-0.32826507091522219]},{"pos":[-105.58550262451172,1018.7186889648438,-300.1291198730469,-0.3697921335697174,0,-0.9291145205497742,0,1,0,0.9291145205497742,0,-0.3697921335697174]},{"pos":[-105.37679290771485,1018.7186889648438,-299.963134765625,-0.40630975365638735,0,-0.9137353897094727,0,1,0,0.9137353897094727,0,-0.40630975365638735]},{"pos":[-105.16964721679688,1018.7186889648438,-299.7951965332031,-0.4385133683681488,0,-0.8987246751785278,0,1,0,0.8987246751785278,0,-0.4385133683681488]},{"pos":[-104.96376037597656,1018.7186889648438,-299.625732421875,-0.4668143689632416,0,-0.8843553066253662,0,1,0,0.8843553066253662,0,-0.4668143689632416]},{"pos":[-104.75875091552735,1018.7186889648438,-299.4552001953125,-0.4915217459201813,0,-0.8708652853965759,0,1,0,0.8708652853965759,0,-0.4915217459201813]},{"pos":[-104.55359649658203,1018.7186889648438,-299.2848205566406,-0.5125000476837158,0,-0.858687162399292,0,1,0,0.858687162399292,0,-0.5125000476837158]},{"pos":[-104.34842681884766,1018.7186889648438,-299.1144714355469,-0.5303828716278076,0,-0.8477582335472107,0,1,0,0.8477582335472107,0,-0.5303828716278076]},{"pos":[-104.13775634765625,1018.7186889648438,-298.95098876953127,-0.5420311093330383,0,-0.8403584361076355,0,1,0,0.8403584361076355,0,-0.5420311093330383]},{"pos":[-103.9266128540039,1018.7186889648438,-298.7880859375,-0.5515894293785095,0,-0.834115743637085,0,1,0,0.834115743637085,0,-0.5515894293785095]},{"pos":[-103.71086120605469,1018.7186889648438,-298.6313781738281,-0.5566465258598328,0,-0.8307494521141052,0,1,0,0.8307494521141052,0,-0.5566465258598328]},{"pos":[-103.49048614501953,1018.7186889648438,-298.4812316894531,-0.5576287508010864,0,-0.8300904631614685,0,1,0,0.8300904631614685,0,-0.5576287508010864]},{"pos":[-103.26490783691406,1018.7186889648438,-298.33905029296877,-0.5544901490211487,0,-0.8321902751922607,0,1,0,0.8321902751922607,0,-0.5544901490211487]},{"pos":[-103.03254699707031,1018.7186889648438,-298.208251953125,-0.5461939573287964,0,-0.837658703327179,0,1,0,0.837658703327179,0,-0.5461939573287964]},{"pos":[-102.7948226928711,1018.7186889648438,-298.08746337890627,-0.5340860486030579,0,-0.8454301357269287,0,1,0,0.8454301357269287,0,-0.5340860486030579]},{"pos":[-102.55308532714844,1018.7186889648438,-297.97491455078127,-0.5195304155349731,0,-0.8544519543647766,0,1,0,0.8544519543647766,0,-0.5195304155349731]},{"pos":[-102.3099365234375,1018.7186889648438,-297.86541748046877,-0.5052633285522461,0,-0.8629652261734009,0,1,0,0.8629652261734009,0,-0.5052633285522461]},{"pos":[-102.06559753417969,1018.7186889648438,-297.75860595703127,-0.49151524901390078,0,-0.870868980884552,0,1,0,0.870868980884552,0,-0.49151524901390078]},{"pos":[-101.82049560546875,1018.7186889648438,-297.6535339355469,-0.4786611497402191,0,-0.8779997229576111,0,1,0,0.8779997229576111,0,-0.4786611497402191]},{"pos":[-101.57487487792969,1018.7186889648438,-297.5497131347656,-0.46685492992401125,0,-0.8843339085578919,0,1,0,0.8843339085578919,0,-0.46685492992401125]},{"pos":[-101.32890319824219,1018.7186889648438,-297.44671630859377,-0.4561637043952942,0,-0.8898958563804627,0,1,0,0.8898958563804627,0,-0.4561637043952942]},{"pos":[-101.08270263671875,1018.7186889648438,-297.3442687988281,-0.4465932548046112,0,-0.8947371244430542,0,1,0,0.8947371244430542,0,-0.4465932548046112]},{"pos":[-100.83648681640625,1018.7186889648438,-297.2418518066406,-0.438247412443161,0,-0.8988543748855591,0,1,0,0.8988543748855591,0,-0.438247412443161]},{"pos":[-100.59017944335938,1018.7186889648438,-297.1396484375,-0.4308951497077942,0,-0.9024019837379456,0,1,0,0.9024019837379456,0,-0.4308951497077942]},{"pos":[-100.34394073486328,1018.7186889648438,-297.03729248046877,-0.4245918095111847,0,-0.90538489818573,0,1,0,0.90538489818573,0,-0.4245918095111847]},{"pos":[-100.09789276123047,1018.7186889648438,-296.9344787597656,-0.4193449914455414,0,-0.9078269600868225,0,1,0,0.9078269600868225,0,-0.4193449914455414]},{"pos":[-99.85186004638672,1018.7186889648438,-296.8316345214844,-0.414822518825531,0,-0.9099023342132568,0,1,0,0.9099023342132568,0,-0.414822518825531]},{"pos":[-99.60649871826172,1018.7186889648438,-296.7271728515625,-0.4116775095462799,0,-0.9113296270370483,0,1,0,0.9113296270370483,0,-0.4116775095462799]},{"pos":[-99.3625259399414,1018.7186889648438,-296.6195373535156,-0.410539448261261,0,-0.9118428230285645,0,1,0,0.9118428230285645,0,-0.410539448261261]},{"pos":[-99.120849609375,1018.7186889648438,-296.5068359375,-0.4120958149433136,0,-0.911140501499176,0,1,0,0.911140501499176,0,-0.4120958149433136]},{"pos":[-98.88321685791016,1018.7186889648438,-296.3858642578125,-0.4176330268383026,0,-0.90861576795578,0,1,0,0.90861576795578,0,-0.4176330268383026]},{"pos":[-98.64591979980469,1018.7186889648438,-296.26422119140627,-0.42288488149642947,0,-0.9061834216117859,0,1,0,0.9061834216117859,0,-0.42288488149642947]},{"pos":[-98.40924835205078,1018.7186889648438,-296.1413269042969,-0.42804062366485598,0,-0.9037594795227051,0,1,0,0.9037594795227051,0,-0.42804062366485598]},{"pos":[-98.17304992675781,1018.7186889648438,-296.0175476074219,-0.43295568227767947,0,-0.901415228843689,0,1,0,0.901415228843689,0,-0.43295568227767947]},{"pos":[-97.94396209716797,1018.60888671875,-295.8957824707031,-0.43790552020072939,0,-0.8990209698677063,0,1,0,0.8990209698677063,0,-0.43790552020072939]},{"pos":[-97.75479888916016,1018.5989990234375,-295.79510498046877,-0.44225549697875979,0,-0.8968890905380249,0,1,0,0.8968890905380249,0,-0.44225549697875979]},{"pos":[-97.59191131591797,1018.5988159179688,-295.7084045410156,-0.4460117518901825,0,-0.8950271010398865,0,1,0,0.8950271010398865,0,-0.4460117518901825]},{"pos":[-97.3992691040039,1018.5988159179688,-295.6058654785156,-0.4492533504962921,0,-0.8934044241905212,0,1,0,0.8934044241905212,0,-0.4492533504962921]},{"pos":[-97.20597076416016,1018.5988159179688,-295.50299072265627,-0.45205146074295046,0,-0.8919918537139893,0,1,0,0.8919918537139893,0,-0.45205146074295046]},{"pos":[-96.99983215332031,1018.5988159179688,-295.3932800292969,-0.45446735620498659,0,-0.8907634019851685,0,1,0,0.8907634019851685,0,-0.45446735620498659]},{"pos":[-96.77249908447266,1018.4865112304688,-295.27227783203127,-0.45655351877212527,0,-0.889695942401886,0,1,0,0.889695942401886,0,-0.45655351877212527]},{"pos":[-96.54358673095703,1018.3173217773438,-295.15045166015627,-0.45835527777671816,0,-0.8887690305709839,0,1,0,0.8887690305709839,0,-0.45835527777671816]},{"pos":[-96.30928039550781,1018.1004638671875,-295.0257568359375,-0.45996424555778506,0,-0.8879374265670776,0,1,0,0.8879374265670776,0,-0.45996424555778506]},{"pos":[-96.01632690429688,1017.8372192382813,-294.8698425292969,-0.4616892337799072,0,-0.8870417475700378,0,1,0,0.8870417475700378,0,-0.4616892337799072]},{"pos":[-95.85577392578125,1017.750244140625,-294.78436279296877,-0.4625726640224457,0,-0.8865813612937927,0,1,0,0.8865813612937927,0,-0.4625726640224457]},{"pos":[-95.6457748413086,1017.5881958007813,-294.6728820800781,-0.46349072456359866,0,-0.8861017823219299,0,1,0,0.8861017823219299,0,-0.46349072456359866]},{"pos":[-95.44853973388672,1017.4400024414063,-294.5679016113281,-0.4643620550632477,0,-0.8856454491615295,0,1,0,0.8856454491615295,0,-0.4643620550632477]},{"pos":[-95.24175262451172,1017.3298950195313,-294.45648193359377,-0.4656158685684204,0,-0.884986937046051,0,1,0,0.884986937046051,0,-0.4656158685684204]},{"pos":[-95.02847290039063,1017.1758422851563,-294.33917236328127,-0.46765488386154177,0,-0.8839111328125,0,1,0,0.8839111328125,0,-0.46765488386154177]},{"pos":[-94.80937194824219,1016.9957885742188,-294.2171325683594,-0.4701528549194336,0,-0.8825849890708923,0,1,0,0.8825849890708923,0,-0.4701528549194336]},{"pos":[-94.54090118408203,1016.8453979492188,-294.0652160644531,-0.47384998202323916,0,-0.8806055784225464,0,1,0,0.8806055784225464,0,-0.47384998202323916]},{"pos":[-94.37757110595703,1016.7932739257813,-293.9717102050781,-0.476197749376297,0,-0.8793382048606873,0,1,0,0.8793382048606873,0,-0.476197749376297]},{"pos":[-94.15254211425781,1016.761474609375,-293.84161376953127,-0.47947099804878237,0,-0.8775576949119568,0,1,0,0.8775576949119568,0,-0.47947099804878237]},{"pos":[-93.92582702636719,1016.762451171875,-293.7103576660156,-0.4824872612953186,0,-0.8759029507637024,0,1,0,0.8759029507637024,0,-0.4824872612953186]},{"pos":[-93.69686889648438,1016.7532958984375,-293.57763671875,-0.4851653575897217,0,-0.8744224309921265,0,1,0,0.8744224309921265,0,-0.4851653575897217]},{"pos":[-93.4692611694336,1016.7711791992188,-293.4448547363281,-0.48773637413978579,0,-0.8729909658432007,0,1,0,0.8729909658432007,0,-0.48773637413978579]},{"pos":[-93.23981475830078,1016.8199462890625,-293.3106994628906,-0.49011263251304629,0,-0.8716591000556946,0,1,0,0.8716591000556946,0,-0.49011263251304629]},{"pos":[-93.0195541381836,1016.8956909179688,-293.1818542480469,-0.4921969473361969,0,-0.8704838752746582,0,1,0,0.8704838752746582,0,-0.4921969473361969]},{"pos":[-92.7797622680664,1017.0390014648438,-293.0265197753906,-0.5000262260437012,0,-0.8660102486610413,0,1,0,0.8660102486610413,0,-0.5000262260437012]},{"pos":[-92.58808135986328,1017.1826171875,-292.9004821777344,-0.5069162249565125,0,-0.8619953393936157,0,1,0,0.8619953393936157,0,-0.5069162249565125]},{"pos":[-92.45501708984375,1017.2933959960938,-292.8079528808594,-0.5132535099983215,0,-0.858237087726593,0,1,0,0.858237087726593,0,-0.5132535099983215]},{"pos":[-92.26686096191406,1017.4398803710938,-292.6615905761719,-0.5261843204498291,0,-0.8503705859184265,0,1,0,0.8503705859184265,0,-0.5261843204498291]},{"pos":[-92.04759979248047,1017.6096801757813,-292.4783020019531,-0.5459123253822327,0,-0.8378422856330872,0,1,0,0.8378422856330872,0,-0.5459123253822327]},{"pos":[-91.90189361572266,1017.7047729492188,-292.35552978515627,-0.5568347573280335,0,-0.8306233286857605,0,1,0,0.8306233286857605,0,-0.5568347573280335]},{"pos":[-91.71147155761719,1017.8234252929688,-292.181640625,-0.5730373859405518,0,-0.8195292353630066,0,1,0,0.8195292353630066,0,-0.5730373859405518]},{"pos":[-91.5204849243164,1017.911865234375,-291.9974365234375,-0.5901980996131897,0,-0.8072584271430969,0,1,0,0.8072584271430969,0,-0.5901980996131897]},{"pos":[-91.2427978515625,1017.9248046875,-291.72772216796877,-0.613050639629364,0,-0.7900435924530029,0,1,0,0.7900435924530029,0,-0.613050639629364]},{"pos":[-91.06462860107422,1017.9201049804688,-291.5470275878906,-0.6271573901176453,0,-0.7788925170898438,0,1,0,0.7788925170898438,0,-0.6271573901176453]},{"pos":[-90.98102569580078,1017.9306030273438,-291.4548034667969,-0.6353462338447571,0,-0.77222740650177,0,1,0,0.77222740650177,0,-0.6353462338447571]},{"pos":[-90.82762908935547,1017.9107666015625,-291.2759704589844,-0.6531034708023071,0,-0.7572686672210693,0,1,0,0.7572686672210693,0,-0.6531034708023071]},{"pos":[-90.61577606201172,1017.77880859375,-291.0196533203125,-0.6784206032752991,0,-0.7346737384796143,0,1,0,0.7346737384796143,0,-0.6784206032752991]},{"pos":[-90.47518157958985,1017.6295166015625,-290.8492431640625,-0.6948285698890686,0,-0.719175398349762,0,1,0,0.719175398349762,0,-0.6948285698890686]},{"pos":[-90.33458709716797,1017.4257202148438,-290.6788330078125,-0.7108818888664246,0,-0.7033114433288574,0,1,0,0.7033114433288574,0,-0.7108818888664246]},{"pos":[-90.1939926147461,1017.1674194335938,-290.5084228515625,-0.7265729904174805,0,-0.6870892643928528,0,1,0,0.6870892643928528,0,-0.7265729904174805]},{"pos":[-90.05339813232422,1016.8546752929688,-290.3380126953125,-0.741894006729126,0,-0.6705172061920166,0,1,0,0.6705172061920166,0,-0.741894006729126]},{"pos":[-89.94795227050781,1016.5843505859375,-290.210205078125,-0.7531371712684631,0,-0.6578634977340698,0,1,0,0.6578634977340698,0,-0.7531371712684631]},{"pos":[-89.77220916748047,1016.0656127929688,-289.9971923828125,-0.7713947296142578,0,-0.6363569498062134,0,1,0,0.6363569498062134,0,-0.7713947296142578]},{"pos":[-89.6391372680664,1015.5892944335938,-289.7976379394531,-0.7825979590415955,0,-0.6225274801254273,0,1,0,0.6225274801254273,0,-0.7825979590415955]},{"pos":[-89.52361297607422,1015.0585327148438,-289.61358642578127,-0.7922130227088928,0,-0.6102446913719177,0,1,0,0.